0.000000000000000000e+00,0.000000000000000000e+00,0.000000000000000000e+00,0.000000000000000000e+00,0.000000000000000000e+00,0.000000000000000000e+00,0.000000000000000000e+00,0.000000000000000000e+00,0.000000000000000000e+00,0.000000000000000000e+00,0.000000000000000000e+00,0.000000000000000000e+00,0.000000000000000000e+00,0.000000000000000000e+00,0.000000000000000000e+00,0.000000000000000000e+00,0.000000000000000000e+00,0.000000000000000000e+00,0.000000000000000000e+00,0.000000000000000000e+00,0.000000000000000000e+00,0.000000000000000000e+00,0.000000000000000000e+00,0.000000000000000000e+00,0.000000000000000000e+00,0.000000000000000000e+00,0.000000000000000000e+00,0.000000000000000000e+00,0.000000000000000000e+00,0.000000000000000000e+00,0.000000000000000000e+00,0.000000000000000000e+00,0.000000000000000000e+00,0.000000000000000000e+00,0.000000000000000000e+00,0.000000000000000000e+00,0.000000000000000000e+00,0.000000000000000000e+00,0.000000000000000000e+00,0.000000000000000000e+00,0.000000000000000000e+00,0.000000000000000000e+00,0.000000000000000000e+00,0.000000000000000000e+00,0.000000000000000000e+00,0.000000000000000000e+00,0.000000000000000000e+00,0.000000000000000000e+00,0.000000000000000000e+00,0.000000000000000000e+00,0.000000000000000000e+00,0.000000000000000000e+00,0.000000000000000000e+00,0.000000000000000000e+00,0.000000000000000000e+00,0.000000000000000000e+00,0.000000000000000000e+00,0.000000000000000000e+00,0.000000000000000000e+00,0.000000000000000000e+00,0.000000000000000000e+00,0.000000000000000000e+00,1.376178797442372914e-04,0.000000000000000000e+00,0.000000000000000000e+00,0.000000000000000000e+00,0.000000000000000000e+00,1.893920516942276464e-02,0.000000000000000000e+00,0.000000000000000000e+00,0.000000000000000000e+00,0.000000000000000000e+00,0.000000000000000000e+00,0.000000000000000000e+00,0.000000000000000000e+00,0.000000000000000000e+00,6.497575034529154067e-03,0.000000000000000000e+00,0.000000000000000000e+00,0.000000000000000000e+00,0.000000000000000000e+00,1.350932096358618785e-03,0.000000000000000000e+00,0.000000000000000000e+00,0.000000000000000000e+00,3.066671783414995800e-19,3.066671783414995800e-19,0.000000000000000000e+00,0.000000000000000000e+00,0.000000000000000000e+00,0.000000000000000000e+00,0.000000000000000000e+00,0.000000000000000000e+00,0.000000000000000000e+00,0.000000000000000000e+00,0.000000000000000000e+00,0.000000000000000000e+00,0.000000000000000000e+00,0.000000000000000000e+00,0.000000000000000000e+00,1.350932096358618785e-03,0.000000000000000000e+00,0.000000000000000000e+00,0.000000000000000000e+00,0.000000000000000000e+00,0.000000000000000000e+00,2.039059559162886715e-20,2.573513360135606860e-19,0.000000000000000000e+00,0.000000000000000000e+00,0.000000000000000000e+00,0.000000000000000000e+00,0.000000000000000000e+00,0.000000000000000000e+00,0.000000000000000000e+00,0.000000000000000000e+00,0.000000000000000000e+00,0.000000000000000000e+00,0.000000000000000000e+00,0.000000000000000000e+00,0.000000000000000000e+00,0.000000000000000000e+00,0.000000000000000000e+00,0.000000000000000000e+00,0.000000000000000000e+00,0.000000000000000000e+00,0.000000000000000000e+00,2.573513360135606860e-19,0.000000000000000000e+00,9.119167182424213827e-03,0.000000000000000000e+00,0.000000000000000000e+00,0.000000000000000000e+00,0.000000000000000000e+00,0.000000000000000000e+00,2.021050868945976214e-02,0.000000000000000000e+00,0.000000000000000000e+00,0.000000000000000000e+00,0.000000000000000000e+00,0.000000000000000000e+00,0.000000000000000000e+00,0.000000000000000000e+00,0.000000000000000000e+00,0.000000000000000000e+00,0.000000000000000000e+00,0.000000000000000000e+00,7.002802371521144043e-02,1.965648772322303728e-02,8.032214320134753449e-02,1.029411948613608366e-02,0.000000000000000000e+00,0.000000000000000000e+00,0.000000000000000000e+00,9.207376785504756481e-03,0.000000000000000000e+00,0.000000000000000000e+00,0.000000000000000000e+00,0.000000000000000000e+00,0.000000000000000000e+00,0.000000000000000000e+00,0.000000000000000000e+00,0.000000000000000000e+00,0.000000000000000000e+00,0.000000000000000000e+00,0.000000000000000000e+00,0.000000000000000000e+00,0.000000000000000000e+00,7.002802371521144043e-02,8.032214320134753449e-02,0.000000000000000000e+00,0.000000000000000000e+00,2.955066252448538405e-02,0.000000000000000000e+00,0.000000000000000000e+00,0.000000000000000000e+00,0.000000000000000000e+00,0.000000000000000000e+00,0.000000000000000000e+00,0.000000000000000000e+00,0.000000000000000000e+00,0.000000000000000000e+00,0.000000000000000000e+00,0.000000000000000000e+00,0.000000000000000000e+00,0.000000000000000000e+00,1.119560898399738283e-02,8.447355466589143158e-02,8.447355466589143158e-02,1.444553095067998769e-02,5.955700210069318074e-02,5.955700210069318074e-02,3.298084529958537209e-02,3.313985886171789356e-03,0.000000000000000000e+00,0.000000000000000000e+00,0.000000000000000000e+00,0.000000000000000000e+00,0.000000000000000000e+00,0.000000000000000000e+00,0.000000000000000000e+00,0.000000000000000000e+00,0.000000000000000000e+00,0.000000000000000000e+00,0.000000000000000000e+00,0.000000000000000000e+00,0.000000000000000000e+00,0.000000000000000000e+00,5.894956035637760605e-02,9.278025436595596642e-02,4.077098334733902235e-02,1.105535184966202015e-03,3.313985886171789356e-03,9.723642486972797596e-04,0.000000000000000000e+00,0.000000000000000000e+00,0.000000000000000000e+00,0.000000000000000000e+00,0.000000000000000000e+00,0.000000000000000000e+00,0.000000000000000000e+00,0.000000000000000000e+00,0.000000000000000000e+00,0.000000000000000000e+00,1.029411948613608366e-02,2.120960369950809776e-02,2.120960369950809776e-02,0.000000000000000000e+00,0.000000000000000000e+00,9.278025436595596642e-02,0.000000000000000000e+00,0.000000000000000000e+00,1.181510525773547159e-05,1.181510525773547159e-05,6.074417443155816221e-04,0.000000000000000000e+00,0.000000000000000000e+00,0.000000000000000000e+00,0.000000000000000000e+00,0.000000000000000000e+00,0.000000000000000000e+00,0.000000000000000000e+00,0.000000000000000000e+00,0.000000000000000000e+00,0.000000000000000000e+00,0.000000000000000000e+00,0.000000000000000000e+00,0.000000000000000000e+00,0.000000000000000000e+00,0.000000000000000000e+00,0.000000000000000000e+00,0.000000000000000000e+00,0.000000000000000000e+00,5.026636215096765004e-02,0.000000000000000000e+00,0.000000000000000000e+00,0.000000000000000000e+00,0.000000000000000000e+00,0.000000000000000000e+00,0.000000000000000000e+00,0.000000000000000000e+00,0.000000000000000000e+00,0.000000000000000000e+00,0.000000000000000000e+00,0.000000000000000000e+00,3.376483528643341343e-03,0.000000000000000000e+00,0.000000000000000000e+00,0.000000000000000000e+00,0.000000000000000000e+00,0.000000000000000000e+00,0.000000000000000000e+00,0.000000000000000000e+00,0.000000000000000000e+00,0.000000000000000000e+00,0.000000000000000000e+00,0.000000000000000000e+00,0.000000000000000000e+00,0.000000000000000000e+00,0.000000000000000000e+00,5.288039920104755862e-03,0.000000000000000000e+00,0.000000000000000000e+00,0.000000000000000000e+00,0.000000000000000000e+00,0.000000000000000000e+00,0.000000000000000000e+00,0.000000000000000000e+00,0.000000000000000000e+00,6.074417443155816221e-04,0.000000000000000000e+00,0.000000000000000000e+00,0.000000000000000000e+00,0.000000000000000000e+00,0.000000000000000000e+00,0.000000000000000000e+00,0.000000000000000000e+00,0.000000000000000000e+00,3.085882368422351515e-03,0.000000000000000000e+00,0.000000000000000000e+00,0.000000000000000000e+00,0.000000000000000000e+00,0.000000000000000000e+00,0.000000000000000000e+00,0.000000000000000000e+00,0.000000000000000000e+00,0.000000000000000000e+00,6.074417443155816221e-04,6.074417443155816221e-04,0.000000000000000000e+00,0.000000000000000000e+00,0.000000000000000000e+00,0.000000000000000000e+00,1.350932096358618785e-03,0.000000000000000000e+00,1.392030322662221950e-19,0.000000000000000000e+00,0.000000000000000000e+00,0.000000000000000000e+00,0.000000000000000000e+00,0.000000000000000000e+00,0.000000000000000000e+00,0.000000000000000000e+00,0.000000000000000000e+00,2.011369069657021474e-02,6.074417443155811884e-04,6.074417443155811884e-04,6.074417443155811884e-04,2.863500105727224878e-04,0.000000000000000000e+00,0.000000000000000000e+00,0.000000000000000000e+00,1.326301722121674522e-03,1.350932096358618785e-03,0.000000000000000000e+00,0.000000000000000000e+00,0.000000000000000000e+00,0.000000000000000000e+00,0.000000000000000000e+00,0.000000000000000000e+00,0.000000000000000000e+00,0.000000000000000000e+00,0.000000000000000000e+00,0.000000000000000000e+00,0.000000000000000000e+00,0.000000000000000000e+00,0.000000000000000000e+00,6.074417443155811884e-04,0.000000000000000000e+00,1.163124096591076559e-02,0.000000000000000000e+00,0.000000000000000000e+00,0.000000000000000000e+00,0.000000000000000000e+00,0.000000000000000000e+00,0.000000000000000000e+00,0.000000000000000000e+00,0.000000000000000000e+00,0.000000000000000000e+00,0.000000000000000000e+00,0.000000000000000000e+00,0.000000000000000000e+00,0.000000000000000000e+00,0.000000000000000000e+00,0.000000000000000000e+00,0.000000000000000000e+00,0.000000000000000000e+00,0.000000000000000000e+00,0.000000000000000000e+00,0.000000000000000000e+00,0.000000000000000000e+00,0.000000000000000000e+00,0.000000000000000000e+00,0.000000000000000000e+00,0.000000000000000000e+00,0.000000000000000000e+00,0.000000000000000000e+00,0.000000000000000000e+00,0.000000000000000000e+00,0.000000000000000000e+00,0.000000000000000000e+00,0.000000000000000000e+00,0.000000000000000000e+00,0.000000000000000000e+00,0.000000000000000000e+00,0.000000000000000000e+00,0.000000000000000000e+00,0.000000000000000000e+00,0.000000000000000000e+00,0.000000000000000000e+00,0.000000000000000000e+00,0.000000000000000000e+00,0.000000000000000000e+00,0.000000000000000000e+00,0.000000000000000000e+00,0.000000000000000000e+00,0.000000000000000000e+00,0.000000000000000000e+00,0.000000000000000000e+00
0.000000000000000000e+00,0.000000000000000000e+00,0.000000000000000000e+00,0.000000000000000000e+00,0.000000000000000000e+00,0.000000000000000000e+00,0.000000000000000000e+00,0.000000000000000000e+00,0.000000000000000000e+00,0.000000000000000000e+00,0.000000000000000000e+00,0.000000000000000000e+00,0.000000000000000000e+00,0.000000000000000000e+00,0.000000000000000000e+00,0.000000000000000000e+00,0.000000000000000000e+00,0.000000000000000000e+00,0.000000000000000000e+00,0.000000000000000000e+00,0.000000000000000000e+00,0.000000000000000000e+00,0.000000000000000000e+00,0.000000000000000000e+00,0.000000000000000000e+00,0.000000000000000000e+00,0.000000000000000000e+00,0.000000000000000000e+00,0.000000000000000000e+00,0.000000000000000000e+00,0.000000000000000000e+00,0.000000000000000000e+00,0.000000000000000000e+00,0.000000000000000000e+00,0.000000000000000000e+00,0.000000000000000000e+00,0.000000000000000000e+00,0.000000000000000000e+00,0.000000000000000000e+00,0.000000000000000000e+00,0.000000000000000000e+00,0.000000000000000000e+00,0.000000000000000000e+00,0.000000000000000000e+00,0.000000000000000000e+00,0.000000000000000000e+00,0.000000000000000000e+00,0.000000000000000000e+00,0.000000000000000000e+00,0.000000000000000000e+00,0.000000000000000000e+00,0.000000000000000000e+00,0.000000000000000000e+00,0.000000000000000000e+00,0.000000000000000000e+00,0.000000000000000000e+00,0.000000000000000000e+00,0.000000000000000000e+00,0.000000000000000000e+00,0.000000000000000000e+00,0.000000000000000000e+00,0.000000000000000000e+00,5.242585895018563676e-05,0.000000000000000000e+00,0.000000000000000000e+00,0.000000000000000000e+00,0.000000000000000000e+00,7.214935302637243836e-03,0.000000000000000000e+00,0.000000000000000000e+00,0.000000000000000000e+00,0.000000000000000000e+00,0.000000000000000000e+00,1.035385834280869434e-19,0.000000000000000000e+00,0.000000000000000000e+00,2.475266679820630616e-03,0.000000000000000000e+00,0.000000000000000000e+00,0.000000000000000000e+00,0.000000000000000000e+00,5.146407986128071974e-04,0.000000000000000000e+00,0.000000000000000000e+00,0.000000000000000000e+00,1.168255917491426914e-19,1.168255917491426914e-19,0.000000000000000000e+00,0.000000000000000000e+00,0.000000000000000000e+00,0.000000000000000000e+00,0.000000000000000000e+00,0.000000000000000000e+00,0.000000000000000000e+00,0.000000000000000000e+00,0.000000000000000000e+00,0.000000000000000000e+00,0.000000000000000000e+00,0.000000000000000000e+00,0.000000000000000000e+00,5.146407986128071974e-04,0.000000000000000000e+00,0.000000000000000000e+00,0.000000000000000000e+00,0.000000000000000000e+00,0.000000000000000000e+00,7.767845939668139794e-21,9.803860419564217756e-20,0.000000000000000000e+00,0.000000000000000000e+00,0.000000000000000000e+00,5.947285005118995857e-21,0.000000000000000000e+00,0.000000000000000000e+00,0.000000000000000000e+00,0.000000000000000000e+00,9.274677406648949374e-04,0.000000000000000000e+00,0.000000000000000000e+00,0.000000000000000000e+00,0.000000000000000000e+00,0.000000000000000000e+00,0.000000000000000000e+00,0.000000000000000000e+00,0.000000000000000000e+00,0.000000000000000000e+00,0.000000000000000000e+00,9.803860419564217756e-20,0.000000000000000000e+00,3.661755384209167997e-03,0.000000000000000000e+00,5.947285005118995857e-21,0.000000000000000000e+00,0.000000000000000000e+00,0.000000000000000000e+00,7.699241405508481725e-03,0.000000000000000000e+00,0.000000000000000000e+00,0.000000000000000000e+00,0.000000000000000000e+00,0.000000000000000000e+00,0.000000000000000000e+00,0.000000000000000000e+00,0.000000000000000000e+00,0.000000000000000000e+00,0.000000000000000000e+00,0.000000000000000000e+00,2.667734236769959966e-02,7.488185799323062233e-03,6.572986651559090121e-02,5.149102866975814076e-03,0.000000000000000000e+00,0.000000000000000000e+00,0.000000000000000000e+00,3.507572108763717250e-03,0.000000000000000000e+00,0.000000000000000000e+00,0.000000000000000000e+00,0.000000000000000000e+00,0.000000000000000000e+00,0.000000000000000000e+00,0.000000000000000000e+00,0.000000000000000000e+00,0.000000000000000000e+00,0.000000000000000000e+00,0.000000000000000000e+00,0.000000000000000000e+00,1.351776899778794287e-03,9.460826917821869853e-02,6.572986651559090121e-02,6.634792685447890581e-02,6.809748120010890998e-03,1.125739524742300213e-02,0.000000000000000000e+00,0.000000000000000000e+00,0.000000000000000000e+00,0.000000000000000000e+00,0.000000000000000000e+00,0.000000000000000000e+00,0.000000000000000000e+00,0.000000000000000000e+00,0.000000000000000000e+00,0.000000000000000000e+00,0.000000000000000000e+00,0.000000000000000000e+00,0.000000000000000000e+00,4.264993898665669567e-03,7.966562460005240098e-02,7.966562460005240098e-02,9.443999533893257525e-02,8.820371387293454712e-02,8.820371387293454712e-02,1.256413154269919036e-02,1.262470813779729278e-03,0.000000000000000000e+00,0.000000000000000000e+00,0.000000000000000000e+00,0.000000000000000000e+00,0.000000000000000000e+00,0.000000000000000000e+00,0.000000000000000000e+00,0.000000000000000000e+00,0.000000000000000000e+00,0.000000000000000000e+00,0.000000000000000000e+00,0.000000000000000000e+00,0.000000000000000000e+00,4.794668638453848143e-03,4.639776134830773252e-02,5.815561013232272564e-02,4.393911157475887536e-02,1.772933160718301922e-03,2.614247713558523131e-03,3.704244756942018596e-04,0.000000000000000000e+00,0.000000000000000000e+00,0.000000000000000000e+00,0.000000000000000000e+00,0.000000000000000000e+00,0.000000000000000000e+00,0.000000000000000000e+00,0.000000000000000000e+00,0.000000000000000000e+00,0.000000000000000000e+00,3.921569328051841517e-03,8.079849028384038234e-03,8.079849028384038234e-03,0.000000000000000000e+00,0.000000000000000000e+00,5.815561013232272564e-02,0.000000000000000000e+00,0.000000000000000000e+00,4.500992479137322793e-06,4.500992479137322793e-06,2.314063787868882215e-04,0.000000000000000000e+00,0.000000000000000000e+00,0.000000000000000000e+00,0.000000000000000000e+00,0.000000000000000000e+00,0.000000000000000000e+00,0.000000000000000000e+00,0.000000000000000000e+00,0.000000000000000000e+00,0.000000000000000000e+00,0.000000000000000000e+00,0.000000000000000000e+00,0.000000000000000000e+00,0.000000000000000000e+00,0.000000000000000000e+00,0.000000000000000000e+00,7.669811540412239600e-03,0.000000000000000000e+00,1.914909034322577128e-02,0.000000000000000000e+00,0.000000000000000000e+00,0.000000000000000000e+00,0.000000000000000000e+00,0.000000000000000000e+00,0.000000000000000000e+00,0.000000000000000000e+00,0.000000000000000000e+00,0.000000000000000000e+00,0.000000000000000000e+00,0.000000000000000000e+00,1.286279439483177696e-03,1.003849403137867724e-03,0.000000000000000000e+00,0.000000000000000000e+00,0.000000000000000000e+00,0.000000000000000000e+00,7.669811540412239600e-03,0.000000000000000000e+00,7.669811540412239600e-03,0.000000000000000000e+00,0.000000000000000000e+00,0.000000000000000000e+00,0.000000000000000000e+00,0.000000000000000000e+00,0.000000000000000000e+00,1.776628366658309505e-02,0.000000000000000000e+00,0.000000000000000000e+00,0.000000000000000000e+00,0.000000000000000000e+00,2.479914919367640341e-04,2.479914919367640341e-04,7.850849262532882608e-03,0.000000000000000000e+00,4.793978707236522556e-04,2.479914919367640341e-04,0.000000000000000000e+00,0.000000000000000000e+00,0.000000000000000000e+00,0.000000000000000000e+00,0.000000000000000000e+00,0.000000000000000000e+00,4.466522420370607795e-03,5.642096655960075410e-03,0.000000000000000000e+00,0.000000000000000000e+00,0.000000000000000000e+00,0.000000000000000000e+00,0.000000000000000000e+00,0.000000000000000000e+00,0.000000000000000000e+00,0.000000000000000000e+00,2.479914919367641425e-04,2.314063787868882215e-04,4.793978707236522556e-04,0.000000000000000000e+00,0.000000000000000000e+00,2.479914919367643051e-04,0.000000000000000000e+00,8.701159069941021701e-03,0.000000000000000000e+00,4.466522420370607795e-03,0.000000000000000000e+00,0.000000000000000000e+00,0.000000000000000000e+00,0.000000000000000000e+00,0.000000000000000000e+00,0.000000000000000000e+00,0.000000000000000000e+00,0.000000000000000000e+00,7.662358360598177376e-03,2.314063787868880589e-04,2.314063787868880589e-04,2.314063787868880589e-04,1.090857183134180816e-04,0.000000000000000000e+00,0.000000000000000000e+00,0.000000000000000000e+00,5.052577989034950662e-04,8.701159069941021701e-03,0.000000000000000000e+00,0.000000000000000000e+00,0.000000000000000000e+00,0.000000000000000000e+00,0.000000000000000000e+00,0.000000000000000000e+00,0.000000000000000000e+00,0.000000000000000000e+00,0.000000000000000000e+00,0.000000000000000000e+00,0.000000000000000000e+00,0.000000000000000000e+00,0.000000000000000000e+00,4.793978707236532313e-04,0.000000000000000000e+00,4.430948939394577409e-03,0.000000000000000000e+00,0.000000000000000000e+00,0.000000000000000000e+00,0.000000000000000000e+00,0.000000000000000000e+00,0.000000000000000000e+00,0.000000000000000000e+00,0.000000000000000000e+00,0.000000000000000000e+00,0.000000000000000000e+00,0.000000000000000000e+00,0.000000000000000000e+00,0.000000000000000000e+00,0.000000000000000000e+00,0.000000000000000000e+00,0.000000000000000000e+00,0.000000000000000000e+00,0.000000000000000000e+00,0.000000000000000000e+00,0.000000000000000000e+00,0.000000000000000000e+00,0.000000000000000000e+00,0.000000000000000000e+00,0.000000000000000000e+00,0.000000000000000000e+00,0.000000000000000000e+00,0.000000000000000000e+00,0.000000000000000000e+00,0.000000000000000000e+00,0.000000000000000000e+00,0.000000000000000000e+00,0.000000000000000000e+00,0.000000000000000000e+00,0.000000000000000000e+00,0.000000000000000000e+00,0.000000000000000000e+00,0.000000000000000000e+00,0.000000000000000000e+00,0.000000000000000000e+00,0.000000000000000000e+00,0.000000000000000000e+00,0.000000000000000000e+00,0.000000000000000000e+00,0.000000000000000000e+00,0.000000000000000000e+00,0.000000000000000000e+00,0.000000000000000000e+00,0.000000000000000000e+00,0.000000000000000000e+00
0.000000000000000000e+00,0.000000000000000000e+00,0.000000000000000000e+00,0.000000000000000000e+00,0.000000000000000000e+00,0.000000000000000000e+00,0.000000000000000000e+00,0.000000000000000000e+00,0.000000000000000000e+00,0.000000000000000000e+00,0.000000000000000000e+00,0.000000000000000000e+00,0.000000000000000000e+00,0.000000000000000000e+00,0.000000000000000000e+00,0.000000000000000000e+00,0.000000000000000000e+00,0.000000000000000000e+00,0.000000000000000000e+00,0.000000000000000000e+00,0.000000000000000000e+00,0.000000000000000000e+00,0.000000000000000000e+00,0.000000000000000000e+00,0.000000000000000000e+00,0.000000000000000000e+00,0.000000000000000000e+00,0.000000000000000000e+00,7.100651842199519684e-05,0.000000000000000000e+00,0.000000000000000000e+00,0.000000000000000000e+00,0.000000000000000000e+00,0.000000000000000000e+00,0.000000000000000000e+00,0.000000000000000000e+00,0.000000000000000000e+00,0.000000000000000000e+00,0.000000000000000000e+00,0.000000000000000000e+00,0.000000000000000000e+00,0.000000000000000000e+00,0.000000000000000000e+00,0.000000000000000000e+00,0.000000000000000000e+00,0.000000000000000000e+00,0.000000000000000000e+00,0.000000000000000000e+00,0.000000000000000000e+00,0.000000000000000000e+00,0.000000000000000000e+00,0.000000000000000000e+00,0.000000000000000000e+00,5.278626482518429747e-04,0.000000000000000000e+00,0.000000000000000000e+00,0.000000000000000000e+00,0.000000000000000000e+00,0.000000000000000000e+00,0.000000000000000000e+00,0.000000000000000000e+00,0.000000000000000000e+00,1.216248882907079337e-05,0.000000000000000000e+00,0.000000000000000000e+00,5.782411586589354734e-19,3.147010022335699993e-05,5.949488405563690442e-03,3.455235751628707593e-04,3.147010022335699993e-05,3.147010022335699993e-05,0.000000000000000000e+00,0.000000000000000000e+00,4.550066233797747835e-03,0.000000000000000000e+00,0.000000000000000000e+00,0.000000000000000000e+00,0.000000000000000000e+00,0.000000000000000000e+00,0.000000000000000000e+00,0.000000000000000000e+00,0.000000000000000000e+00,0.000000000000000000e+00,0.000000000000000000e+00,0.000000000000000000e+00,3.147010022335699993e-05,3.147010022335699993e-05,5.919282931454208625e-05,3.147010022335711512e-05,3.147010022335699993e-05,5.369619202401581073e-05,5.035836800859711131e-07,0.000000000000000000e+00,0.000000000000000000e+00,0.000000000000000000e+00,0.000000000000000000e+00,0.000000000000000000e+00,0.000000000000000000e+00,0.000000000000000000e+00,0.000000000000000000e+00,0.000000000000000000e+00,0.000000000000000000e+00,0.000000000000000000e+00,0.000000000000000000e+00,0.000000000000000000e+00,3.147010022335699993e-05,8.226086496618396600e-05,0.000000000000000000e+00,7.085088113542189992e-04,4.908003637410684105e-04,0.000000000000000000e+00,7.319735390915686745e-21,0.000000000000000000e+00,0.000000000000000000e+00,0.000000000000000000e+00,4.395723287729300273e-03,1.141498757741409237e-03,0.000000000000000000e+00,0.000000000000000000e+00,0.000000000000000000e+00,0.000000000000000000e+00,0.000000000000000000e+00,0.000000000000000000e+00,0.000000000000000000e+00,0.000000000000000000e+00,0.000000000000000000e+00,0.000000000000000000e+00,0.000000000000000000e+00,0.000000000000000000e+00,2.311223800145825193e-04,0.000000000000000000e+00,7.319735390915686745e-21,0.000000000000000000e+00,0.000000000000000000e+00,0.000000000000000000e+00,0.000000000000000000e+00,0.000000000000000000e+00,0.000000000000000000e+00,0.000000000000000000e+00,0.000000000000000000e+00,0.000000000000000000e+00,0.000000000000000000e+00,0.000000000000000000e+00,0.000000000000000000e+00,0.000000000000000000e+00,0.000000000000000000e+00,0.000000000000000000e+00,0.000000000000000000e+00,5.566175300950798382e-04,4.518142067099283760e-02,1.565668667741322399e-03,0.000000000000000000e+00,0.000000000000000000e+00,0.000000000000000000e+00,0.000000000000000000e+00,0.000000000000000000e+00,0.000000000000000000e+00,0.000000000000000000e+00,0.000000000000000000e+00,0.000000000000000000e+00,0.000000000000000000e+00,0.000000000000000000e+00,0.000000000000000000e+00,0.000000000000000000e+00,0.000000000000000000e+00,0.000000000000000000e+00,0.000000000000000000e+00,1.663725415112362466e-03,1.094709192081771837e-01,4.518142067099283760e-02,1.075540816701972269e-01,8.381228455398018889e-03,0.000000000000000000e+00,0.000000000000000000e+00,0.000000000000000000e+00,0.000000000000000000e+00,0.000000000000000000e+00,0.000000000000000000e+00,0.000000000000000000e+00,0.000000000000000000e+00,0.000000000000000000e+00,0.000000000000000000e+00,0.000000000000000000e+00,0.000000000000000000e+00,0.000000000000000000e+00,0.000000000000000000e+00,0.000000000000000000e+00,8.987889836353657458e-02,8.987889836353657458e-02,1.428927963441924409e-01,1.119922507967121422e-01,1.119922507967121422e-01,0.000000000000000000e+00,0.000000000000000000e+00,0.000000000000000000e+00,0.000000000000000000e+00,0.000000000000000000e+00,0.000000000000000000e+00,0.000000000000000000e+00,0.000000000000000000e+00,0.000000000000000000e+00,0.000000000000000000e+00,0.000000000000000000e+00,0.000000000000000000e+00,0.000000000000000000e+00,0.000000000000000000e+00,0.000000000000000000e+00,6.018797450916083328e-03,6.206598729666026881e-02,3.363676570887409734e-02,5.398346475730531752e-02,1.663725415112365068e-03,1.663725415112362032e-03,0.000000000000000000e+00,0.000000000000000000e+00,0.000000000000000000e+00,0.000000000000000000e+00,0.000000000000000000e+00,0.000000000000000000e+00,0.000000000000000000e+00,1.776439184548922725e-05,0.000000000000000000e+00,0.000000000000000000e+00,0.000000000000000000e+00,0.000000000000000000e+00,0.000000000000000000e+00,0.000000000000000000e+00,3.727987068118003631e-04,0.000000000000000000e+00,3.363676570887409734e-02,0.000000000000000000e+00,0.000000000000000000e+00,0.000000000000000000e+00,0.000000000000000000e+00,0.000000000000000000e+00,0.000000000000000000e+00,0.000000000000000000e+00,0.000000000000000000e+00,0.000000000000000000e+00,0.000000000000000000e+00,0.000000000000000000e+00,0.000000000000000000e+00,0.000000000000000000e+00,0.000000000000000000e+00,0.000000000000000000e+00,0.000000000000000000e+00,6.718253581613151668e-05,0.000000000000000000e+00,1.113396234357893901e-20,0.000000000000000000e+00,0.000000000000000000e+00,9.439768049738141847e-03,0.000000000000000000e+00,0.000000000000000000e+00,0.000000000000000000e+00,0.000000000000000000e+00,0.000000000000000000e+00,0.000000000000000000e+00,0.000000000000000000e+00,0.000000000000000000e+00,2.508878420672146955e-05,0.000000000000000000e+00,0.000000000000000000e+00,0.000000000000000000e+00,0.000000000000000000e+00,0.000000000000000000e+00,1.235506957708144924e-03,0.000000000000000000e+00,0.000000000000000000e+00,0.000000000000000000e+00,0.000000000000000000e+00,9.439768049738141847e-03,0.000000000000000000e+00,9.439768049738141847e-03,0.000000000000000000e+00,0.000000000000000000e+00,0.000000000000000000e+00,0.000000000000000000e+00,0.000000000000000000e+00,0.000000000000000000e+00,1.987762161721546780e-02,3.147010022335699993e-05,0.000000000000000000e+00,0.000000000000000000e+00,0.000000000000000000e+00,3.825273978335105656e-04,3.825273978335105656e-04,9.662583707732780997e-03,0.000000000000000000e+00,3.825273978335106740e-04,3.825273978335105656e-04,0.000000000000000000e+00,0.000000000000000000e+00,0.000000000000000000e+00,0.000000000000000000e+00,0.000000000000000000e+00,0.000000000000000000e+00,5.497258363533055747e-03,5.497258363533055747e-03,0.000000000000000000e+00,0.000000000000000000e+00,0.000000000000000000e+00,4.908003637410684105e-04,0.000000000000000000e+00,0.000000000000000000e+00,1.935405716744155197e-03,7.730710006518566732e-05,3.052202977683251151e-04,0.000000000000000000e+00,3.825273978335106740e-04,7.730710006518570797e-05,7.730710006518566732e-05,3.052202977683253320e-04,0.000000000000000000e+00,1.007571479548087859e-02,1.098663108990524878e-03,5.712309150911474773e-03,0.000000000000000000e+00,0.000000000000000000e+00,0.000000000000000000e+00,0.000000000000000000e+00,0.000000000000000000e+00,0.000000000000000000e+00,0.000000000000000000e+00,0.000000000000000000e+00,0.000000000000000000e+00,0.000000000000000000e+00,0.000000000000000000e+00,0.000000000000000000e+00,0.000000000000000000e+00,0.000000000000000000e+00,0.000000000000000000e+00,0.000000000000000000e+00,0.000000000000000000e+00,1.007571479548087859e-02,0.000000000000000000e+00,0.000000000000000000e+00,0.000000000000000000e+00,0.000000000000000000e+00,0.000000000000000000e+00,0.000000000000000000e+00,0.000000000000000000e+00,0.000000000000000000e+00,0.000000000000000000e+00,0.000000000000000000e+00,0.000000000000000000e+00,0.000000000000000000e+00,0.000000000000000000e+00,2.124033581694842899e-03,0.000000000000000000e+00,0.000000000000000000e+00,0.000000000000000000e+00,0.000000000000000000e+00,0.000000000000000000e+00,0.000000000000000000e+00,0.000000000000000000e+00,0.000000000000000000e+00,0.000000000000000000e+00,0.000000000000000000e+00,0.000000000000000000e+00,0.000000000000000000e+00,0.000000000000000000e+00,0.000000000000000000e+00,0.000000000000000000e+00,0.000000000000000000e+00,0.000000000000000000e+00,0.000000000000000000e+00,0.000000000000000000e+00,0.000000000000000000e+00,0.000000000000000000e+00,0.000000000000000000e+00,0.000000000000000000e+00,0.000000000000000000e+00,0.000000000000000000e+00,0.000000000000000000e+00,0.000000000000000000e+00,0.000000000000000000e+00,0.000000000000000000e+00,0.000000000000000000e+00,0.000000000000000000e+00,0.000000000000000000e+00,0.000000000000000000e+00,0.000000000000000000e+00,0.000000000000000000e+00,0.000000000000000000e+00,0.000000000000000000e+00,0.000000000000000000e+00,0.000000000000000000e+00,0.000000000000000000e+00,0.000000000000000000e+00,0.000000000000000000e+00,0.000000000000000000e+00,0.000000000000000000e+00,0.000000000000000000e+00,0.000000000000000000e+00,0.000000000000000000e+00,0.000000000000000000e+00,0.000000000000000000e+00,0.000000000000000000e+00,0.000000000000000000e+00
0.000000000000000000e+00,0.000000000000000000e+00,0.000000000000000000e+00,0.000000000000000000e+00,0.000000000000000000e+00,0.000000000000000000e+00,0.000000000000000000e+00,0.000000000000000000e+00,0.000000000000000000e+00,0.000000000000000000e+00,0.000000000000000000e+00,0.000000000000000000e+00,0.000000000000000000e+00,0.000000000000000000e+00,0.000000000000000000e+00,0.000000000000000000e+00,0.000000000000000000e+00,0.000000000000000000e+00,0.000000000000000000e+00,0.000000000000000000e+00,0.000000000000000000e+00,0.000000000000000000e+00,0.000000000000000000e+00,0.000000000000000000e+00,0.000000000000000000e+00,0.000000000000000000e+00,0.000000000000000000e+00,0.000000000000000000e+00,2.556234663191827195e-04,0.000000000000000000e+00,0.000000000000000000e+00,0.000000000000000000e+00,0.000000000000000000e+00,0.000000000000000000e+00,0.000000000000000000e+00,0.000000000000000000e+00,0.000000000000000000e+00,0.000000000000000000e+00,0.000000000000000000e+00,0.000000000000000000e+00,0.000000000000000000e+00,0.000000000000000000e+00,0.000000000000000000e+00,0.000000000000000000e+00,0.000000000000000000e+00,0.000000000000000000e+00,0.000000000000000000e+00,0.000000000000000000e+00,0.000000000000000000e+00,0.000000000000000000e+00,0.000000000000000000e+00,0.000000000000000000e+00,0.000000000000000000e+00,1.900305533706635013e-03,0.000000000000000000e+00,0.000000000000000000e+00,0.000000000000000000e+00,0.000000000000000000e+00,0.000000000000000000e+00,0.000000000000000000e+00,0.000000000000000000e+00,0.000000000000000000e+00,4.378495978465485544e-05,0.000000000000000000e+00,0.000000000000000000e+00,2.081668171172167666e-18,1.132923608040852160e-04,2.141815826002928594e-02,1.243884870586334799e-03,1.132923608040852160e-04,1.132923608040852160e-04,0.000000000000000000e+00,0.000000000000000000e+00,1.638023844167189186e-02,0.000000000000000000e+00,0.000000000000000000e+00,0.000000000000000000e+00,0.000000000000000000e+00,0.000000000000000000e+00,0.000000000000000000e+00,0.000000000000000000e+00,0.000000000000000000e+00,0.000000000000000000e+00,0.000000000000000000e+00,0.000000000000000000e+00,1.132923608040852160e-04,1.132923608040852160e-04,2.130941855323515430e-04,1.132923608040856226e-04,1.132923608040852160e-04,1.933062912864569457e-04,1.812901248309496007e-06,0.000000000000000000e+00,0.000000000000000000e+00,0.000000000000000000e+00,0.000000000000000000e+00,0.000000000000000000e+00,0.000000000000000000e+00,0.000000000000000000e+00,0.000000000000000000e+00,0.000000000000000000e+00,0.000000000000000000e+00,0.000000000000000000e+00,0.000000000000000000e+00,0.000000000000000000e+00,1.132923608040852160e-04,2.961391138782622939e-04,0.000000000000000000e+00,2.550631720875188788e-03,1.766881309467846625e-03,0.000000000000000000e+00,1.372450385796690889e-21,0.000000000000000000e+00,0.000000000000000000e+00,0.000000000000000000e+00,1.582460383582548133e-02,2.140310170765141913e-04,0.000000000000000000e+00,0.000000000000000000e+00,0.000000000000000000e+00,0.000000000000000000e+00,0.000000000000000000e+00,0.000000000000000000e+00,0.000000000000000000e+00,0.000000000000000000e+00,0.000000000000000000e+00,0.000000000000000000e+00,0.000000000000000000e+00,0.000000000000000000e+00,4.333544625273423254e-05,0.000000000000000000e+00,1.372450385796690889e-21,0.000000000000000000e+00,0.000000000000000000e+00,0.000000000000000000e+00,0.000000000000000000e+00,0.000000000000000000e+00,0.000000000000000000e+00,0.000000000000000000e+00,0.000000000000000000e+00,0.000000000000000000e+00,0.000000000000000000e+00,0.000000000000000000e+00,0.000000000000000000e+00,0.000000000000000000e+00,0.000000000000000000e+00,0.000000000000000000e+00,0.000000000000000000e+00,2.003823108342287461e-03,1.510310417224847851e-02,4.807663403880741565e-04,0.000000000000000000e+00,0.000000000000000000e+00,0.000000000000000000e+00,0.000000000000000000e+00,0.000000000000000000e+00,0.000000000000000000e+00,0.000000000000000000e+00,0.000000000000000000e+00,0.000000000000000000e+00,0.000000000000000000e+00,0.000000000000000000e+00,0.000000000000000000e+00,0.000000000000000000e+00,0.000000000000000000e+00,0.000000000000000000e+00,0.000000000000000000e+00,3.119485153335681792e-04,1.087854165452576266e-01,1.510310417224847851e-02,1.085334012238985957e-01,1.571480335387127891e-03,0.000000000000000000e+00,0.000000000000000000e+00,0.000000000000000000e+00,0.000000000000000000e+00,0.000000000000000000e+00,0.000000000000000000e+00,0.000000000000000000e+00,0.000000000000000000e+00,0.000000000000000000e+00,0.000000000000000000e+00,0.000000000000000000e+00,0.000000000000000000e+00,0.000000000000000000e+00,0.000000000000000000e+00,0.000000000000000000e+00,1.241260982539378610e-01,1.241260982539378610e-01,1.408789359366639515e-01,1.280077079629476922e-01,1.280077079629476922e-01,0.000000000000000000e+00,0.000000000000000000e+00,0.000000000000000000e+00,0.000000000000000000e+00,0.000000000000000000e+00,0.000000000000000000e+00,0.000000000000000000e+00,0.000000000000000000e+00,0.000000000000000000e+00,0.000000000000000000e+00,0.000000000000000000e+00,0.000000000000000000e+00,0.000000000000000000e+00,0.000000000000000000e+00,0.000000000000000000e+00,1.530062541791737778e-03,1.228862531752886733e-01,2.528720098172084624e-02,7.502977786805428706e-02,3.119485153335686128e-04,3.119485153335679623e-04,0.000000000000000000e+00,0.000000000000000000e+00,0.000000000000000000e+00,0.000000000000000000e+00,0.000000000000000000e+00,0.000000000000000000e+00,0.000000000000000000e+00,6.395181064376122217e-05,0.000000000000000000e+00,0.000000000000000000e+00,0.000000000000000000e+00,0.000000000000000000e+00,0.000000000000000000e+00,0.000000000000000000e+00,1.342075344522481372e-03,0.000000000000000000e+00,2.528720098172084624e-02,0.000000000000000000e+00,0.000000000000000000e+00,0.000000000000000000e+00,0.000000000000000000e+00,0.000000000000000000e+00,0.000000000000000000e+00,0.000000000000000000e+00,0.000000000000000000e+00,0.000000000000000000e+00,0.000000000000000000e+00,0.000000000000000000e+00,0.000000000000000000e+00,0.000000000000000000e+00,0.000000000000000000e+00,0.000000000000000000e+00,0.000000000000000000e+00,2.418571289380734601e-04,0.000000000000000000e+00,4.008226443688418586e-20,0.000000000000000000e+00,0.000000000000000000e+00,1.769956509325902247e-03,0.000000000000000000e+00,0.000000000000000000e+00,0.000000000000000000e+00,0.000000000000000000e+00,0.000000000000000000e+00,0.000000000000000000e+00,0.000000000000000000e+00,0.000000000000000000e+00,9.031962314419729443e-05,0.000000000000000000e+00,0.000000000000000000e+00,0.000000000000000000e+00,0.000000000000000000e+00,0.000000000000000000e+00,2.316575545702772004e-04,0.000000000000000000e+00,0.000000000000000000e+00,0.000000000000000000e+00,0.000000000000000000e+00,1.769956509325902247e-03,0.000000000000000000e+00,1.769956509325902247e-03,0.000000000000000000e+00,0.000000000000000000e+00,0.000000000000000000e+00,0.000000000000000000e+00,0.000000000000000000e+00,0.000000000000000000e+00,5.401910294494299825e-03,1.132923608040852160e-04,0.000000000000000000e+00,0.000000000000000000e+00,0.000000000000000000e+00,3.355343660662291039e-04,3.355343660662291039e-04,1.811734445199896654e-03,0.000000000000000000e+00,3.355343660662293750e-04,3.355343660662291039e-04,0.000000000000000000e+00,0.000000000000000000e+00,0.000000000000000000e+00,0.000000000000000000e+00,0.000000000000000000e+00,0.000000000000000000e+00,1.030735943162447953e-03,1.030735943162447953e-03,0.000000000000000000e+00,0.000000000000000000e+00,0.000000000000000000e+00,1.766881309467846625e-03,0.000000000000000000e+00,0.000000000000000000e+00,6.967460580278958537e-03,2.783055602346684566e-04,5.722880583156097264e-05,0.000000000000000000e+00,3.355343660662293750e-04,2.783055602346685650e-04,2.783055602346684566e-04,5.722880583156102685e-05,0.000000000000000000e+00,1.889196524152664952e-03,3.955187192365889476e-03,1.804918777724756965e-03,0.000000000000000000e+00,0.000000000000000000e+00,0.000000000000000000e+00,0.000000000000000000e+00,0.000000000000000000e+00,0.000000000000000000e+00,0.000000000000000000e+00,0.000000000000000000e+00,0.000000000000000000e+00,0.000000000000000000e+00,0.000000000000000000e+00,0.000000000000000000e+00,0.000000000000000000e+00,0.000000000000000000e+00,0.000000000000000000e+00,0.000000000000000000e+00,0.000000000000000000e+00,1.889196524152664952e-03,0.000000000000000000e+00,0.000000000000000000e+00,0.000000000000000000e+00,0.000000000000000000e+00,0.000000000000000000e+00,0.000000000000000000e+00,0.000000000000000000e+00,0.000000000000000000e+00,0.000000000000000000e+00,0.000000000000000000e+00,0.000000000000000000e+00,0.000000000000000000e+00,0.000000000000000000e+00,6.604956627967020766e-03,0.000000000000000000e+00,0.000000000000000000e+00,0.000000000000000000e+00,0.000000000000000000e+00,0.000000000000000000e+00,0.000000000000000000e+00,0.000000000000000000e+00,0.000000000000000000e+00,0.000000000000000000e+00,0.000000000000000000e+00,0.000000000000000000e+00,0.000000000000000000e+00,0.000000000000000000e+00,0.000000000000000000e+00,0.000000000000000000e+00,0.000000000000000000e+00,0.000000000000000000e+00,0.000000000000000000e+00,0.000000000000000000e+00,0.000000000000000000e+00,0.000000000000000000e+00,0.000000000000000000e+00,0.000000000000000000e+00,0.000000000000000000e+00,0.000000000000000000e+00,0.000000000000000000e+00,0.000000000000000000e+00,0.000000000000000000e+00,0.000000000000000000e+00,0.000000000000000000e+00,0.000000000000000000e+00,0.000000000000000000e+00,0.000000000000000000e+00,0.000000000000000000e+00,0.000000000000000000e+00,0.000000000000000000e+00,0.000000000000000000e+00,0.000000000000000000e+00,0.000000000000000000e+00,0.000000000000000000e+00,0.000000000000000000e+00,0.000000000000000000e+00,0.000000000000000000e+00,0.000000000000000000e+00,0.000000000000000000e+00,0.000000000000000000e+00,0.000000000000000000e+00,0.000000000000000000e+00,0.000000000000000000e+00,0.000000000000000000e+00,0.000000000000000000e+00
0.000000000000000000e+00,0.000000000000000000e+00,0.000000000000000000e+00,0.000000000000000000e+00,0.000000000000000000e+00,0.000000000000000000e+00,0.000000000000000000e+00,0.000000000000000000e+00,0.000000000000000000e+00,0.000000000000000000e+00,0.000000000000000000e+00,0.000000000000000000e+00,0.000000000000000000e+00,0.000000000000000000e+00,0.000000000000000000e+00,0.000000000000000000e+00,0.000000000000000000e+00,0.000000000000000000e+00,0.000000000000000000e+00,0.000000000000000000e+00,0.000000000000000000e+00,0.000000000000000000e+00,0.000000000000000000e+00,0.000000000000000000e+00,0.000000000000000000e+00,0.000000000000000000e+00,0.000000000000000000e+00,0.000000000000000000e+00,1.562143405283895089e-04,0.000000000000000000e+00,0.000000000000000000e+00,0.000000000000000000e+00,0.000000000000000000e+00,0.000000000000000000e+00,0.000000000000000000e+00,0.000000000000000000e+00,0.000000000000000000e+00,0.000000000000000000e+00,0.000000000000000000e+00,0.000000000000000000e+00,0.000000000000000000e+00,0.000000000000000000e+00,0.000000000000000000e+00,0.000000000000000000e+00,0.000000000000000000e+00,0.000000000000000000e+00,0.000000000000000000e+00,0.000000000000000000e+00,0.000000000000000000e+00,0.000000000000000000e+00,0.000000000000000000e+00,0.000000000000000000e+00,0.000000000000000000e+00,1.161297826154055260e-03,0.000000000000000000e+00,0.000000000000000000e+00,0.000000000000000000e+00,0.000000000000000000e+00,0.000000000000000000e+00,0.000000000000000000e+00,0.000000000000000000e+00,0.000000000000000000e+00,9.794847815074185417e-04,0.000000000000000000e+00,0.000000000000000000e+00,3.470502959462551818e-03,6.923422049138542558e-05,1.308887449224012574e-02,7.601518653583159632e-04,6.923422049138542558e-05,6.923422049138542558e-05,0.000000000000000000e+00,0.000000000000000000e+00,1.001014571435505061e-02,0.000000000000000000e+00,0.000000000000000000e+00,0.000000000000000000e+00,0.000000000000000000e+00,0.000000000000000000e+00,0.000000000000000000e+00,0.000000000000000000e+00,0.000000000000000000e+00,0.000000000000000000e+00,0.000000000000000000e+00,0.000000000000000000e+00,6.923422049138542558e-05,6.923422049138542558e-05,1.302242244919926684e-04,6.923422049138568308e-05,6.923422049138542558e-05,1.181316224528348378e-04,1.107884096189136872e-06,0.000000000000000000e+00,0.000000000000000000e+00,0.000000000000000000e+00,0.000000000000000000e+00,0.000000000000000000e+00,0.000000000000000000e+00,0.000000000000000000e+00,0.000000000000000000e+00,0.000000000000000000e+00,0.000000000000000000e+00,0.000000000000000000e+00,0.000000000000000000e+00,0.000000000000000000e+00,6.923422049138542558e-05,1.809739029256047984e-04,0.000000000000000000e+00,1.558719384979282687e-03,1.079760800230351089e-03,0.000000000000000000e+00,0.000000000000000000e+00,2.209850557107603336e-19,0.000000000000000000e+00,0.000000000000000000e+00,9.670591233004465631e-03,0.000000000000000000e+00,6.155319890719017872e-19,0.000000000000000000e+00,0.000000000000000000e+00,0.000000000000000000e+00,0.000000000000000000e+00,0.000000000000000000e+00,0.000000000000000000e+00,0.000000000000000000e+00,0.000000000000000000e+00,3.470502959462549650e-03,0.000000000000000000e+00,3.470502959462549650e-03,0.000000000000000000e+00,0.000000000000000000e+00,0.000000000000000000e+00,0.000000000000000000e+00,0.000000000000000000e+00,0.000000000000000000e+00,0.000000000000000000e+00,0.000000000000000000e+00,0.000000000000000000e+00,0.000000000000000000e+00,0.000000000000000000e+00,0.000000000000000000e+00,0.000000000000000000e+00,0.000000000000000000e+00,0.000000000000000000e+00,0.000000000000000000e+00,0.000000000000000000e+00,0.000000000000000000e+00,0.000000000000000000e+00,3.092427344760204349e-03,5.245666377680929110e-02,1.206879482521515829e-04,0.000000000000000000e+00,0.000000000000000000e+00,0.000000000000000000e+00,0.000000000000000000e+00,0.000000000000000000e+00,0.000000000000000000e+00,0.000000000000000000e+00,0.000000000000000000e+00,0.000000000000000000e+00,0.000000000000000000e+00,0.000000000000000000e+00,0.000000000000000000e+00,0.000000000000000000e+00,0.000000000000000000e+00,0.000000000000000000e+00,0.000000000000000000e+00,0.000000000000000000e+00,1.050813287069284618e-01,5.245666377680929110e-02,1.051505629274198383e-01,0.000000000000000000e+00,0.000000000000000000e+00,0.000000000000000000e+00,0.000000000000000000e+00,0.000000000000000000e+00,0.000000000000000000e+00,0.000000000000000000e+00,0.000000000000000000e+00,0.000000000000000000e+00,0.000000000000000000e+00,0.000000000000000000e+00,0.000000000000000000e+00,0.000000000000000000e+00,0.000000000000000000e+00,0.000000000000000000e+00,0.000000000000000000e+00,8.447682562981112531e-02,8.447682562981112531e-02,1.370502708960899263e-01,1.155543694916107006e-01,1.155543694916107006e-01,0.000000000000000000e+00,0.000000000000000000e+00,0.000000000000000000e+00,0.000000000000000000e+00,0.000000000000000000e+00,0.000000000000000000e+00,0.000000000000000000e+00,0.000000000000000000e+00,0.000000000000000000e+00,0.000000000000000000e+00,0.000000000000000000e+00,0.000000000000000000e+00,0.000000000000000000e+00,0.000000000000000000e+00,0.000000000000000000e+00,2.588670017403477477e-04,8.703951182528606167e-02,2.334207610693357984e-02,5.716399383893243369e-02,0.000000000000000000e+00,0.000000000000000000e+00,0.000000000000000000e+00,0.000000000000000000e+00,0.000000000000000000e+00,0.000000000000000000e+00,0.000000000000000000e+00,0.000000000000000000e+00,0.000000000000000000e+00,3.908166206007631825e-05,0.000000000000000000e+00,0.000000000000000000e+00,0.000000000000000000e+00,0.000000000000000000e+00,0.000000000000000000e+00,0.000000000000000000e+00,8.201571549859612001e-04,0.000000000000000000e+00,2.334207610693357984e-02,0.000000000000000000e+00,0.000000000000000000e+00,0.000000000000000000e+00,0.000000000000000000e+00,0.000000000000000000e+00,0.000000000000000000e+00,0.000000000000000000e+00,0.000000000000000000e+00,0.000000000000000000e+00,0.000000000000000000e+00,0.000000000000000000e+00,0.000000000000000000e+00,0.000000000000000000e+00,0.000000000000000000e+00,0.000000000000000000e+00,0.000000000000000000e+00,1.478015787954894045e-04,0.000000000000000000e+00,2.449471715587367516e-20,0.000000000000000000e+00,0.000000000000000000e+00,0.000000000000000000e+00,0.000000000000000000e+00,0.000000000000000000e+00,0.000000000000000000e+00,0.000000000000000000e+00,0.000000000000000000e+00,0.000000000000000000e+00,0.000000000000000000e+00,0.000000000000000000e+00,5.519532525478725807e-05,0.000000000000000000e+00,0.000000000000000000e+00,0.000000000000000000e+00,0.000000000000000000e+00,0.000000000000000000e+00,0.000000000000000000e+00,0.000000000000000000e+00,0.000000000000000000e+00,0.000000000000000000e+00,0.000000000000000000e+00,0.000000000000000000e+00,0.000000000000000000e+00,0.000000000000000000e+00,0.000000000000000000e+00,3.647980514510788808e-02,0.000000000000000000e+00,0.000000000000000000e+00,0.000000000000000000e+00,0.000000000000000000e+00,2.454533629171231236e-03,3.577763913638566575e-03,0.000000000000000000e+00,0.000000000000000000e+00,0.000000000000000000e+00,1.700756201434083868e-04,1.700756201434083868e-04,4.852543136339287910e-04,4.852543136339287910e-04,4.125832893239887722e-03,6.553299337773370965e-04,4.852543136339287910e-04,2.263622631455674010e-04,2.263622631455674010e-04,4.852543136339287910e-04,0.000000000000000000e+00,0.000000000000000000e+00,0.000000000000000000e+00,0.000000000000000000e+00,0.000000000000000000e+00,0.000000000000000000e+00,0.000000000000000000e+00,2.454533629171231236e-03,9.537538696294381229e-04,3.985893998199075707e-04,4.257892576837143256e-03,6.553299337773373133e-04,4.852543136339287910e-04,4.852543136339287910e-04,4.125832893239887722e-03,7.822205010157667719e-04,6.553299337773373133e-04,4.852543136339287910e-04,4.852543136339287910e-04,1.933349513367769957e-03,2.624726493374321835e-03,4.731117322325220837e-04,0.000000000000000000e+00,0.000000000000000000e+00,0.000000000000000000e+00,0.000000000000000000e+00,0.000000000000000000e+00,0.000000000000000000e+00,0.000000000000000000e+00,3.985893998199075707e-04,1.860027142574809805e-03,4.852543136339287910e-04,4.852543136339287910e-04,4.852543136339287910e-04,4.852543136339287910e-04,4.852543136339287910e-04,4.852543136339287910e-04,3.844560420300820527e-03,3.955757273096478441e-03,1.933349513367769957e-03,0.000000000000000000e+00,0.000000000000000000e+00,0.000000000000000000e+00,0.000000000000000000e+00,0.000000000000000000e+00,0.000000000000000000e+00,0.000000000000000000e+00,0.000000000000000000e+00,0.000000000000000000e+00,0.000000000000000000e+00,0.000000000000000000e+00,0.000000000000000000e+00,0.000000000000000000e+00,4.486643538272267265e-03,0.000000000000000000e+00,4.852543136339287910e-04,0.000000000000000000e+00,0.000000000000000000e+00,0.000000000000000000e+00,0.000000000000000000e+00,0.000000000000000000e+00,0.000000000000000000e+00,0.000000000000000000e+00,0.000000000000000000e+00,0.000000000000000000e+00,0.000000000000000000e+00,0.000000000000000000e+00,0.000000000000000000e+00,0.000000000000000000e+00,0.000000000000000000e+00,0.000000000000000000e+00,0.000000000000000000e+00,0.000000000000000000e+00,0.000000000000000000e+00,0.000000000000000000e+00,0.000000000000000000e+00,0.000000000000000000e+00,0.000000000000000000e+00,0.000000000000000000e+00,0.000000000000000000e+00,0.000000000000000000e+00,0.000000000000000000e+00,0.000000000000000000e+00,0.000000000000000000e+00,0.000000000000000000e+00,0.000000000000000000e+00,0.000000000000000000e+00,0.000000000000000000e+00,0.000000000000000000e+00,0.000000000000000000e+00,0.000000000000000000e+00,0.000000000000000000e+00,0.000000000000000000e+00,0.000000000000000000e+00,0.000000000000000000e+00,0.000000000000000000e+00,0.000000000000000000e+00,0.000000000000000000e+00,0.000000000000000000e+00,0.000000000000000000e+00,0.000000000000000000e+00,0.000000000000000000e+00,0.000000000000000000e+00,0.000000000000000000e+00,0.000000000000000000e+00
0.000000000000000000e+00,0.000000000000000000e+00,0.000000000000000000e+00,0.000000000000000000e+00,0.000000000000000000e+00,0.000000000000000000e+00,0.000000000000000000e+00,0.000000000000000000e+00,0.000000000000000000e+00,0.000000000000000000e+00,0.000000000000000000e+00,0.000000000000000000e+00,0.000000000000000000e+00,0.000000000000000000e+00,0.000000000000000000e+00,0.000000000000000000e+00,0.000000000000000000e+00,0.000000000000000000e+00,0.000000000000000000e+00,0.000000000000000000e+00,0.000000000000000000e+00,0.000000000000000000e+00,0.000000000000000000e+00,0.000000000000000000e+00,0.000000000000000000e+00,0.000000000000000000e+00,0.000000000000000000e+00,0.000000000000000000e+00,2.067903289383403421e-04,0.000000000000000000e+00,7.094372620155145512e-06,0.000000000000000000e+00,0.000000000000000000e+00,0.000000000000000000e+00,0.000000000000000000e+00,0.000000000000000000e+00,0.000000000000000000e+00,0.000000000000000000e+00,0.000000000000000000e+00,0.000000000000000000e+00,0.000000000000000000e+00,0.000000000000000000e+00,0.000000000000000000e+00,0.000000000000000000e+00,7.664336252409026768e-22,7.049829171551821438e-04,1.812265091695654811e-24,2.032929422048228820e-19,2.032929422048228820e-19,1.579444782919043147e-21,1.588089900962502508e-21,1.588089900962502508e-21,1.043607075738479734e-19,1.178526169341829957e-21,7.965828505777077780e-22,0.000000000000000000e+00,0.000000000000000000e+00,0.000000000000000000e+00,0.000000000000000000e+00,0.000000000000000000e+00,0.000000000000000000e+00,0.000000000000000000e+00,1.810181881558580591e-03,3.638692846157782156e-21,7.664336252409026768e-22,6.593955622978850233e-03,3.076270011139670842e-21,8.926076530639027692e-22,7.664336252409038052e-22,9.171896466044589573e-22,7.664336252409026768e-22,2.399349882730337614e-20,1.342853645639317022e-21,8.265142876911274852e-22,7.965828505777077780e-22,1.539020862964491277e-20,3.214103818572844078e-20,0.000000000000000000e+00,0.000000000000000000e+00,0.000000000000000000e+00,0.000000000000000000e+00,6.654080260291449136e-04,1.323667267529875340e-21,1.323667267529875340e-21,7.005225735126744699e-20,7.697883443611699848e-22,7.697883443611699848e-22,4.866870554408124432e-20,8.453856044201866177e-22,9.171896466044589573e-22,2.068394209469129525e-21,7.664336252409026768e-22,2.466230531604231605e-20,2.466230531604231605e-20,7.867996692173904115e-22,6.497749176689069608e-20,6.497749176689069608e-20,2.531305442547442419e-20,0.000000000000000000e+00,0.000000000000000000e+00,8.453856044201866177e-22,0.000000000000000000e+00,7.664336252409026768e-22,2.388180007609180699e-20,0.000000000000000000e+00,7.697883443611699848e-22,7.664336252409026768e-22,0.000000000000000000e+00,1.008598006633639374e-21,1.647443962577198868e-21,2.064276889052799584e-06,7.062221427556242963e-07,4.206380394756858593e-19,7.664336252409026768e-22,0.000000000000000000e+00,7.664336252409026768e-22,2.487987149474825645e-20,1.261328541928239583e-18,4.031588077729734336e-04,0.000000000000000000e+00,0.000000000000000000e+00,0.000000000000000000e+00,0.000000000000000000e+00,0.000000000000000000e+00,0.000000000000000000e+00,0.000000000000000000e+00,6.593955622978850233e-03,0.000000000000000000e+00,6.593955622978850233e-03,0.000000000000000000e+00,2.064276889052806784e-06,7.062221427556242963e-07,0.000000000000000000e+00,0.000000000000000000e+00,0.000000000000000000e+00,0.000000000000000000e+00,0.000000000000000000e+00,0.000000000000000000e+00,0.000000000000000000e+00,0.000000000000000000e+00,0.000000000000000000e+00,0.000000000000000000e+00,0.000000000000000000e+00,0.000000000000000000e+00,0.000000000000000000e+00,3.632669179798597714e-04,3.632669179798597714e-04,0.000000000000000000e+00,3.548950679246956359e-03,9.179623149605906085e-02,1.021796794377175428e-05,2.311159125723838588e-03,0.000000000000000000e+00,0.000000000000000000e+00,0.000000000000000000e+00,0.000000000000000000e+00,2.633312213162771436e-05,0.000000000000000000e+00,0.000000000000000000e+00,0.000000000000000000e+00,0.000000000000000000e+00,0.000000000000000000e+00,0.000000000000000000e+00,0.000000000000000000e+00,0.000000000000000000e+00,0.000000000000000000e+00,1.355393607352897017e-03,0.000000000000000000e+00,1.001085033860676654e-01,9.179623149605906085e-02,9.483000154419649053e-02,1.695449145736317893e-03,0.000000000000000000e+00,0.000000000000000000e+00,0.000000000000000000e+00,0.000000000000000000e+00,2.633312213162771436e-05,0.000000000000000000e+00,0.000000000000000000e+00,0.000000000000000000e+00,0.000000000000000000e+00,0.000000000000000000e+00,0.000000000000000000e+00,0.000000000000000000e+00,0.000000000000000000e+00,0.000000000000000000e+00,1.278319469162280623e-03,3.839785540939027325e-02,3.839785540939027325e-02,1.276136519316080631e-01,9.692317204139863640e-02,9.692317204139863640e-02,7.898824048268315596e-04,0.000000000000000000e+00,0.000000000000000000e+00,0.000000000000000000e+00,0.000000000000000000e+00,0.000000000000000000e+00,0.000000000000000000e+00,0.000000000000000000e+00,0.000000000000000000e+00,0.000000000000000000e+00,0.000000000000000000e+00,0.000000000000000000e+00,0.000000000000000000e+00,9.503938145416566778e-04,0.000000000000000000e+00,4.039083686539057111e-03,3.426665264580232295e-02,2.113625580937580212e-02,3.507145302764749784e-02,5.532715072560634266e-03,1.409199092711516501e-03,4.110041295619024093e-03,0.000000000000000000e+00,0.000000000000000000e+00,1.124724665598153322e-03,0.000000000000000000e+00,0.000000000000000000e+00,3.038609789870086800e-23,2.129536947142270604e-06,2.183219009006660567e-03,0.000000000000000000e+00,0.000000000000000000e+00,0.000000000000000000e+00,0.000000000000000000e+00,0.000000000000000000e+00,9.810350403083550952e-22,0.000000000000000000e+00,2.113625580937580212e-02,4.291565145179057158e-07,0.000000000000000000e+00,0.000000000000000000e+00,0.000000000000000000e+00,0.000000000000000000e+00,0.000000000000000000e+00,1.124724665598153322e-03,0.000000000000000000e+00,0.000000000000000000e+00,3.038609789870086800e-23,0.000000000000000000e+00,0.000000000000000000e+00,0.000000000000000000e+00,0.000000000000000000e+00,0.000000000000000000e+00,0.000000000000000000e+00,4.905175201541781119e-22,0.000000000000000000e+00,0.000000000000000000e+00,0.000000000000000000e+00,4.291565145179064040e-07,0.000000000000000000e+00,0.000000000000000000e+00,3.455749089994592221e-04,0.000000000000000000e+00,0.000000000000000000e+00,0.000000000000000000e+00,0.000000000000000000e+00,0.000000000000000000e+00,0.000000000000000000e+00,0.000000000000000000e+00,0.000000000000000000e+00,0.000000000000000000e+00,0.000000000000000000e+00,0.000000000000000000e+00,0.000000000000000000e+00,0.000000000000000000e+00,0.000000000000000000e+00,0.000000000000000000e+00,0.000000000000000000e+00,0.000000000000000000e+00,0.000000000000000000e+00,1.473844671729277286e-06,0.000000000000000000e+00,0.000000000000000000e+00,6.931162977570504147e-02,3.632669179798597714e-04,0.000000000000000000e+00,0.000000000000000000e+00,0.000000000000000000e+00,3.910879548827271741e-03,6.666635573494166835e-03,3.650281708656918780e-07,3.650281708656918780e-07,0.000000000000000000e+00,0.000000000000000000e+00,0.000000000000000000e+00,9.219831959044653101e-04,9.224123524189832687e-04,7.515938818883315109e-03,9.219924747298979210e-04,9.248936632132240135e-04,4.300882999765783736e-04,4.300882999765783736e-04,9.219831959044653101e-04,0.000000000000000000e+00,0.000000000000000000e+00,7.487279173440910185e-04,3.032174625211825781e-03,0.000000000000000000e+00,0.000000000000000000e+00,0.000000000000000000e+00,2.612068374987674101e-03,1.812561508810451531e-03,7.577490161723429230e-04,4.291565145179209095e-07,9.224123524189831603e-04,9.224123524189832687e-04,9.221127906582333262e-04,7.515938818883315109e-03,1.165120419905644718e-03,9.244645066987060549e-04,9.248936632132240135e-04,9.219831959044653101e-04,3.673364075398765933e-03,3.945685418308160887e-04,0.000000000000000000e+00,0.000000000000000000e+00,0.000000000000000000e+00,0.000000000000000000e+00,0.000000000000000000e+00,0.000000000000000000e+00,0.000000000000000000e+00,0.000000000000000000e+00,7.577490161723429230e-04,3.534480727406659212e-03,9.224123524189831603e-04,9.224123524189831603e-04,9.224123524189831603e-04,9.219831959044653101e-04,9.244645066987061633e-04,9.244645066987061633e-04,7.305479840464174091e-03,7.518420129677556504e-03,3.673364075398765933e-03,0.000000000000000000e+00,0.000000000000000000e+00,0.000000000000000000e+00,0.000000000000000000e+00,0.000000000000000000e+00,0.000000000000000000e+00,0.000000000000000000e+00,0.000000000000000000e+00,0.000000000000000000e+00,0.000000000000000000e+00,0.000000000000000000e+00,0.000000000000000000e+00,0.000000000000000000e+00,1.285679270398842932e-03,0.000000000000000000e+00,1.487192811835936178e-03,0.000000000000000000e+00,0.000000000000000000e+00,0.000000000000000000e+00,0.000000000000000000e+00,0.000000000000000000e+00,0.000000000000000000e+00,0.000000000000000000e+00,0.000000000000000000e+00,0.000000000000000000e+00,0.000000000000000000e+00,0.000000000000000000e+00,0.000000000000000000e+00,0.000000000000000000e+00,0.000000000000000000e+00,0.000000000000000000e+00,0.000000000000000000e+00,0.000000000000000000e+00,0.000000000000000000e+00,0.000000000000000000e+00,0.000000000000000000e+00,0.000000000000000000e+00,0.000000000000000000e+00,0.000000000000000000e+00,0.000000000000000000e+00,0.000000000000000000e+00,0.000000000000000000e+00,0.000000000000000000e+00,0.000000000000000000e+00,0.000000000000000000e+00,0.000000000000000000e+00,0.000000000000000000e+00,0.000000000000000000e+00,0.000000000000000000e+00,0.000000000000000000e+00,0.000000000000000000e+00,0.000000000000000000e+00,0.000000000000000000e+00,0.000000000000000000e+00,0.000000000000000000e+00,0.000000000000000000e+00,0.000000000000000000e+00,0.000000000000000000e+00,0.000000000000000000e+00,0.000000000000000000e+00,0.000000000000000000e+00,0.000000000000000000e+00,0.000000000000000000e+00,0.000000000000000000e+00,0.000000000000000000e+00
0.000000000000000000e+00,0.000000000000000000e+00,0.000000000000000000e+00,0.000000000000000000e+00,0.000000000000000000e+00,0.000000000000000000e+00,0.000000000000000000e+00,0.000000000000000000e+00,0.000000000000000000e+00,0.000000000000000000e+00,0.000000000000000000e+00,0.000000000000000000e+00,0.000000000000000000e+00,0.000000000000000000e+00,0.000000000000000000e+00,0.000000000000000000e+00,0.000000000000000000e+00,0.000000000000000000e+00,0.000000000000000000e+00,0.000000000000000000e+00,0.000000000000000000e+00,0.000000000000000000e+00,0.000000000000000000e+00,0.000000000000000000e+00,0.000000000000000000e+00,0.000000000000000000e+00,0.000000000000000000e+00,0.000000000000000000e+00,1.550927467037557404e-03,0.000000000000000000e+00,5.320779465116375355e-05,0.000000000000000000e+00,0.000000000000000000e+00,0.000000000000000000e+00,0.000000000000000000e+00,0.000000000000000000e+00,0.000000000000000000e+00,0.000000000000000000e+00,0.000000000000000000e+00,0.000000000000000000e+00,0.000000000000000000e+00,0.000000000000000000e+00,0.000000000000000000e+00,0.000000000000000000e+00,5.748252189306787520e-21,5.287371878663882883e-03,1.359198818771745370e-23,1.524697066536176250e-18,1.524697066536176250e-18,1.184583587189286018e-20,1.191067425721880520e-20,1.191067425721880520e-20,7.827053068038621718e-19,8.838946270063752888e-21,5.974371379332827002e-21,0.000000000000000000e+00,0.000000000000000000e+00,0.000000000000000000e+00,0.000000000000000000e+00,0.000000000000000000e+00,0.000000000000000000e+00,0.000000000000000000e+00,5.716363836500788689e-04,2.729019634618345193e-20,5.748252189306787520e-21,2.082301775677532565e-03,2.307202508354760110e-20,6.694557397979291458e-21,5.748252189306796548e-21,6.878922349533463339e-21,5.748252189306787520e-21,1.799512412047758642e-19,1.007140234229490964e-20,6.198857157683475229e-21,5.974371379332827002e-21,1.154265647223371948e-19,2.410577863929640492e-19,0.000000000000000000e+00,0.000000000000000000e+00,0.000000000000000000e+00,0.000000000000000000e+00,4.990560195218602356e-03,9.927504506474095239e-21,9.927504506474095239e-21,5.253919301345074172e-19,5.773412582708793177e-21,5.773412582708793177e-21,3.650152915806104488e-19,6.340392033151418582e-21,6.878922349533463339e-21,1.551295657101851978e-20,5.748252189306787520e-21,1.849672898703179286e-19,1.849672898703179286e-19,5.900997519130446377e-21,4.873311882516816831e-19,4.873311882516816831e-19,1.898479081910587803e-19,0.000000000000000000e+00,0.000000000000000000e+00,6.340392033151418582e-21,0.000000000000000000e+00,5.748252189306787520e-21,1.791135005706890866e-19,0.000000000000000000e+00,5.773412582708793177e-21,5.748252189306787520e-21,0.000000000000000000e+00,7.564485049752318536e-21,1.235582971932902988e-20,1.548207666789604283e-05,5.296666070667198104e-06,1.383392856157630978e-19,5.748252189306787520e-21,0.000000000000000000e+00,5.748252189306787520e-21,1.865990362106125087e-19,1.057952413630334812e-18,3.023691058297309914e-03,0.000000000000000000e+00,0.000000000000000000e+00,0.000000000000000000e+00,0.000000000000000000e+00,0.000000000000000000e+00,0.000000000000000000e+00,0.000000000000000000e+00,2.082301775677532565e-03,0.000000000000000000e+00,2.082301775677532565e-03,0.000000000000000000e+00,1.548207666789610043e-05,5.296666070667198104e-06,0.000000000000000000e+00,0.000000000000000000e+00,0.000000000000000000e+00,0.000000000000000000e+00,0.000000000000000000e+00,0.000000000000000000e+00,0.000000000000000000e+00,0.000000000000000000e+00,0.000000000000000000e+00,0.000000000000000000e+00,0.000000000000000000e+00,0.000000000000000000e+00,0.000000000000000000e+00,2.724501884848956525e-03,2.724501884848956525e-03,0.000000000000000000e+00,1.120721267130618277e-03,3.079624827564417244e-02,7.663475957828839514e-05,1.733369344292884362e-02,0.000000000000000000e+00,0.000000000000000000e+00,0.000000000000000000e+00,0.000000000000000000e+00,1.974984159872084641e-04,0.000000000000000000e+00,0.000000000000000000e+00,0.000000000000000000e+00,0.000000000000000000e+00,0.000000000000000000e+00,0.000000000000000000e+00,0.000000000000000000e+00,0.000000000000000000e+00,0.000000000000000000e+00,1.016545205514675886e-02,0.000000000000000000e+00,9.313828745070885928e-02,3.079624827564417244e-02,5.354952363667493664e-02,1.271586859302242453e-02,0.000000000000000000e+00,0.000000000000000000e+00,0.000000000000000000e+00,0.000000000000000000e+00,1.974984159872084641e-04,0.000000000000000000e+00,0.000000000000000000e+00,0.000000000000000000e+00,0.000000000000000000e+00,0.000000000000000000e+00,0.000000000000000000e+00,0.000000000000000000e+00,0.000000000000000000e+00,0.000000000000000000e+00,9.587396018717133511e-03,7.888472805832352774e-02,7.888472805832352774e-02,9.032771403015799061e-02,9.128726300936861049e-02,9.128726300936861049e-02,5.924118036201254586e-03,0.000000000000000000e+00,0.000000000000000000e+00,0.000000000000000000e+00,0.000000000000000000e+00,0.000000000000000000e+00,0.000000000000000000e+00,0.000000000000000000e+00,0.000000000000000000e+00,0.000000000000000000e+00,0.000000000000000000e+00,0.000000000000000000e+00,0.000000000000000000e+00,7.127953609062446551e-03,0.000000000000000000e+00,3.029312764904302027e-02,4.790070733141377213e-02,6.929284930176266705e-03,5.393671019525261845e-02,4.149536304420488320e-02,1.056899319533640726e-02,3.082530971714277437e-02,0.000000000000000000e+00,0.000000000000000000e+00,8.435434991986175829e-03,0.000000000000000000e+00,0.000000000000000000e+00,2.278957342402571771e-22,1.597152710356707929e-05,1.637414256755000477e-02,0.000000000000000000e+00,0.000000000000000000e+00,0.000000000000000000e+00,0.000000000000000000e+00,0.000000000000000000e+00,7.357762802312684655e-21,0.000000000000000000e+00,6.929284930176266705e-03,3.218673858884302848e-06,0.000000000000000000e+00,0.000000000000000000e+00,0.000000000000000000e+00,0.000000000000000000e+00,0.000000000000000000e+00,8.435434991986175829e-03,0.000000000000000000e+00,0.000000000000000000e+00,2.278957342402571771e-22,0.000000000000000000e+00,0.000000000000000000e+00,0.000000000000000000e+00,0.000000000000000000e+00,0.000000000000000000e+00,0.000000000000000000e+00,3.678881401156347594e-21,0.000000000000000000e+00,0.000000000000000000e+00,0.000000000000000000e+00,3.218673858884307930e-06,0.000000000000000000e+00,0.000000000000000000e+00,2.591811817495951863e-03,0.000000000000000000e+00,0.000000000000000000e+00,0.000000000000000000e+00,0.000000000000000000e+00,0.000000000000000000e+00,0.000000000000000000e+00,0.000000000000000000e+00,0.000000000000000000e+00,0.000000000000000000e+00,0.000000000000000000e+00,0.000000000000000000e+00,0.000000000000000000e+00,0.000000000000000000e+00,0.000000000000000000e+00,0.000000000000000000e+00,0.000000000000000000e+00,0.000000000000000000e+00,0.000000000000000000e+00,1.105383503796961374e-05,0.000000000000000000e+00,0.000000000000000000e+00,2.188788308706474811e-02,2.724501884848956525e-03,0.000000000000000000e+00,0.000000000000000000e+00,0.000000000000000000e+00,1.056594750116154197e-02,2.108336489747194772e-03,2.737711281492697688e-06,2.737711281492697688e-06,0.000000000000000000e+00,0.000000000000000000e+00,0.000000000000000000e+00,2.911525881803574264e-04,2.943712620392427122e-04,2.373454363857888799e-03,2.912221793711026584e-04,3.129810929960482983e-04,1.358173578873405761e-04,1.358173578873405761e-04,2.911525881803574264e-04,0.000000000000000000e+00,0.000000000000000000e+00,5.615459380080699281e-03,2.274130968908876296e-02,0.000000000000000000e+00,0.000000000000000000e+00,0.000000000000000000e+00,8.248636973645284351e-04,5.754709956365476175e-04,2.423723137508297090e-04,3.218673858884416774e-06,2.943712620392417365e-04,2.943712620392427122e-04,2.921245488336180352e-04,2.373454363857888799e-03,3.826255253846402426e-04,3.097624191371638799e-04,3.129810929960485152e-04,2.911525881803574264e-04,1.160009708020663406e-03,1.246005921570998232e-04,0.000000000000000000e+00,0.000000000000000000e+00,0.000000000000000000e+00,0.000000000000000000e+00,0.000000000000000000e+00,0.000000000000000000e+00,0.000000000000000000e+00,0.000000000000000000e+00,2.423723137508297090e-04,1.119234959403771473e-03,2.943712620392419533e-04,2.943712620392417365e-04,2.943712620392417365e-04,2.911525881803574264e-04,3.097624191371643135e-04,3.097624191371643135e-04,2.312849066375061331e-03,2.392064194814695795e-03,1.160009708020663406e-03,0.000000000000000000e+00,0.000000000000000000e+00,0.000000000000000000e+00,0.000000000000000000e+00,0.000000000000000000e+00,0.000000000000000000e+00,0.000000000000000000e+00,0.000000000000000000e+00,0.000000000000000000e+00,0.000000000000000000e+00,0.000000000000000000e+00,0.000000000000000000e+00,0.000000000000000000e+00,3.018873146888198262e-03,0.000000000000000000e+00,4.530224707666402270e-03,0.000000000000000000e+00,0.000000000000000000e+00,0.000000000000000000e+00,0.000000000000000000e+00,0.000000000000000000e+00,0.000000000000000000e+00,0.000000000000000000e+00,0.000000000000000000e+00,0.000000000000000000e+00,0.000000000000000000e+00,0.000000000000000000e+00,0.000000000000000000e+00,0.000000000000000000e+00,0.000000000000000000e+00,0.000000000000000000e+00,0.000000000000000000e+00,0.000000000000000000e+00,0.000000000000000000e+00,0.000000000000000000e+00,0.000000000000000000e+00,0.000000000000000000e+00,0.000000000000000000e+00,0.000000000000000000e+00,0.000000000000000000e+00,0.000000000000000000e+00,0.000000000000000000e+00,0.000000000000000000e+00,0.000000000000000000e+00,0.000000000000000000e+00,0.000000000000000000e+00,0.000000000000000000e+00,0.000000000000000000e+00,0.000000000000000000e+00,0.000000000000000000e+00,0.000000000000000000e+00,0.000000000000000000e+00,0.000000000000000000e+00,0.000000000000000000e+00,0.000000000000000000e+00,0.000000000000000000e+00,0.000000000000000000e+00,0.000000000000000000e+00,0.000000000000000000e+00,0.000000000000000000e+00,0.000000000000000000e+00,0.000000000000000000e+00,0.000000000000000000e+00,0.000000000000000000e+00,0.000000000000000000e+00
0.000000000000000000e+00,0.000000000000000000e+00,0.000000000000000000e+00,0.000000000000000000e+00,0.000000000000000000e+00,0.000000000000000000e+00,0.000000000000000000e+00,0.000000000000000000e+00,0.000000000000000000e+00,0.000000000000000000e+00,0.000000000000000000e+00,0.000000000000000000e+00,0.000000000000000000e+00,0.000000000000000000e+00,0.000000000000000000e+00,0.000000000000000000e+00,0.000000000000000000e+00,0.000000000000000000e+00,0.000000000000000000e+00,0.000000000000000000e+00,0.000000000000000000e+00,0.000000000000000000e+00,0.000000000000000000e+00,0.000000000000000000e+00,0.000000000000000000e+00,0.000000000000000000e+00,0.000000000000000000e+00,0.000000000000000000e+00,1.447660119517253652e-03,0.000000000000000000e+00,4.978842528995238922e-05,0.000000000000000000e+00,0.000000000000000000e+00,0.000000000000000000e+00,0.000000000000000000e+00,0.000000000000000000e+00,0.000000000000000000e+00,0.000000000000000000e+00,0.000000000000000000e+00,0.000000000000000000e+00,0.000000000000000000e+00,0.000000000000000000e+00,0.000000000000000000e+00,0.000000000000000000e+00,1.047260714992748979e-03,5.692841876819693808e-03,1.278169488662386077e-07,1.278169488678059362e-07,1.278169488678059362e-07,1.278169488662491162e-07,1.278169488668239339e-07,1.278169488668239339e-07,1.278169488669459860e-07,1.082488887243856449e-03,7.938578166793495636e-03,0.000000000000000000e+00,0.000000000000000000e+00,0.000000000000000000e+00,0.000000000000000000e+00,0.000000000000000000e+00,0.000000000000000000e+00,0.000000000000000000e+00,1.396668915543134359e-04,1.278169488662487456e-07,1.047260714992748979e-03,1.278169488669031315e-07,1.278169488662381841e-07,1.278169488662176436e-07,1.278169488662171142e-07,3.800840771417384606e-03,1.278169488662496455e-07,1.278169488664125406e-07,1.278169488670829407e-07,1.278169488662127202e-07,7.938578166793495636e-03,1.128145769028532892e-05,1.278169488664319165e-07,0.000000000000000000e+00,0.000000000000000000e+00,0.000000000000000000e+00,0.000000000000000000e+00,4.657983999152895058e-03,1.278169488662259286e-07,1.278169488662259286e-07,1.278169488666973025e-07,1.278169488662130643e-07,1.278169488662130643e-07,1.278169488665724445e-07,3.800840771417384172e-03,3.800840771417384606e-03,1.543497993946150657e-03,9.338272459272333598e-03,5.106788180978630862e-04,5.106788180978630862e-04,1.506346121360773089e-04,1.754615734273640701e-04,1.754615734273640701e-04,9.801377277307961322e-03,0.000000000000000000e+00,0.000000000000000000e+00,1.278169488662174054e-07,0.000000000000000000e+00,1.278169488663531159e-07,1.278169488663742388e-07,0.000000000000000000e+00,1.278169488662123232e-07,5.365035376686337075e-21,0.000000000000000000e+00,2.642598908865032188e-03,1.153210773804042969e-20,1.455498806664506651e-05,1.616609838075567628e-04,3.089258461454609902e-05,1.506346121360770108e-04,0.000000000000000000e+00,1.506346121360768481e-04,1.278169488664823414e-07,6.427243388413807765e-19,2.822239471359689819e-03,0.000000000000000000e+00,0.000000000000000000e+00,0.000000000000000000e+00,0.000000000000000000e+00,0.000000000000000000e+00,0.000000000000000000e+00,0.000000000000000000e+00,0.000000000000000000e+00,0.000000000000000000e+00,0.000000000000000000e+00,0.000000000000000000e+00,1.472467067509465599e-02,1.616609838075567628e-04,6.210633621056770028e-06,1.142948189654695345e-03,0.000000000000000000e+00,0.000000000000000000e+00,0.000000000000000000e+00,0.000000000000000000e+00,0.000000000000000000e+00,0.000000000000000000e+00,0.000000000000000000e+00,0.000000000000000000e+00,0.000000000000000000e+00,0.000000000000000000e+00,0.000000000000000000e+00,2.542868425859027073e-03,2.542868425859027073e-03,0.000000000000000000e+00,0.000000000000000000e+00,1.761606577481278271e-03,1.601892683337868438e-03,1.770848078779838769e-02,4.270383002826216879e-06,4.270383002826216879e-06,0.000000000000000000e+00,0.000000000000000000e+00,1.843318549213946171e-04,0.000000000000000000e+00,0.000000000000000000e+00,0.000000000000000000e+00,0.000000000000000000e+00,0.000000000000000000e+00,0.000000000000000000e+00,0.000000000000000000e+00,0.000000000000000000e+00,0.000000000000000000e+00,9.487755251470310347e-03,0.000000000000000000e+00,8.328206787398116651e-02,1.761606577481278271e-03,4.783341638705667503e-02,1.186814402015426428e-02,0.000000000000000000e+00,0.000000000000000000e+00,0.000000000000000000e+00,0.000000000000000000e+00,1.843318549213946171e-04,0.000000000000000000e+00,0.000000000000000000e+00,0.000000000000000000e+00,0.000000000000000000e+00,0.000000000000000000e+00,0.000000000000000000e+00,0.000000000000000000e+00,0.000000000000000000e+00,0.000000000000000000e+00,8.948236284135992549e-03,1.033960465933527750e-01,1.033960465933527750e-01,6.501196922512698928e-02,6.993990275735956219e-02,6.993990275735956219e-02,5.748247284739542440e-03,0.000000000000000000e+00,0.000000000000000000e+00,0.000000000000000000e+00,0.000000000000000000e+00,0.000000000000000000e+00,0.000000000000000000e+00,0.000000000000000000e+00,0.000000000000000000e+00,0.000000000000000000e+00,0.000000000000000000e+00,0.000000000000000000e+00,0.000000000000000000e+00,7.830086634433471027e-03,0.000000000000000000e+00,4.380579422363489045e-02,3.613058522761200542e-02,2.497302056611018463e-04,5.217013038552014564e-02,3.894807595887626872e-02,9.864393648980649548e-03,2.877028906933325886e-02,0.000000000000000000e+00,0.000000000000000000e+00,7.873072659187100794e-03,0.000000000000000000e+00,0.000000000000000000e+00,1.104575120743583563e-05,1.490675862999594293e-05,1.528253306304667297e-02,0.000000000000000000e+00,1.864352855937039929e-05,4.059237660821414452e-05,0.000000000000000000e+00,0.000000000000000000e+00,1.474034987068823289e-06,1.478557446575554996e-06,2.497302056611018463e-04,4.482653048197555420e-06,1.474034987068162180e-06,0.000000000000000000e+00,0.000000000000000000e+00,0.000000000000000000e+00,8.309077133011461003e-03,7.873072659187100794e-03,4.523447339884786534e-06,1.104575120743583563e-05,1.104575120743583563e-05,0.000000000000000000e+00,0.000000000000000000e+00,4.059237660821443590e-05,4.541229364340249736e-03,0.000000000000000000e+00,0.000000000000000000e+00,1.138103051992533444e-03,2.762085222967175423e-05,1.138107574452043406e-03,1.365495958894743819e-06,4.374114020027543614e-06,1.020860066867270224e-02,1.365495958893963490e-06,2.419024362996222144e-03,0.000000000000000000e+00,0.000000000000000000e+00,0.000000000000000000e+00,1.104575120743583563e-05,1.104575120743583563e-05,1.104575120743583563e-05,0.000000000000000000e+00,4.059237660821468662e-05,6.084076386345267304e-03,0.000000000000000000e+00,0.000000000000000000e+00,2.029149820879737722e-05,1.157462821562694210e-06,2.762085222967175423e-05,1.152940362055355180e-06,5.860195427333409228e-04,1.152940362056144403e-06,1.020860066867270224e-02,1.147437552366598308e-05,1.152940362057015577e-06,0.000000000000000000e+00,0.000000000000000000e+00,2.553914177066462197e-03,1.104575120743586951e-05,1.104575120743584579e-05,5.733270791219067207e-05,1.911410629241629133e-02,6.404551744691462656e-03,2.555197196059851881e-06,2.555197196059851881e-06,7.227423890301818560e-03,1.048923793388047650e-06,1.048923793388047650e-06,1.053446252900813620e-06,4.057541854527552558e-06,9.403847652191356100e-07,1.118398030930361306e-06,2.142671741421151434e-05,2.474717357358267370e-05,2.474717357358267370e-05,1.048923793389844207e-06,1.058178649251318836e-03,1.058178649251318836e-03,5.252141172616090793e-03,2.145533857864199284e-02,0.000000000000000000e+00,0.000000000000000000e+00,0.000000000000000000e+00,0.000000000000000000e+00,3.953525285856437192e-06,3.844986257687733204e-06,3.949002826356321871e-06,3.944480366845438221e-06,3.844986257687931410e-06,1.748053932439090242e-06,9.403847652191356100e-07,1.515691439320541195e-05,4.456943905519095302e-05,4.767302876597385834e-05,2.730428006417311081e-05,3.824601470294150719e-05,1.199518089167009303e-05,1.058178649251318836e-03,0.000000000000000000e+00,0.000000000000000000e+00,0.000000000000000000e+00,0.000000000000000000e+00,0.000000000000000000e+00,0.000000000000000000e+00,0.000000000000000000e+00,3.844986257687733204e-06,9.899504580351610461e-03,3.004095601625453566e-06,3.731924770004567698e-06,3.731924770004567698e-06,7.323516278858662736e-07,4.445637756751074027e-05,4.445637756751074027e-05,3.279701771559081266e-05,4.446090002701575652e-05,3.824601470294150719e-05,0.000000000000000000e+00,0.000000000000000000e+00,0.000000000000000000e+00,0.000000000000000000e+00,0.000000000000000000e+00,0.000000000000000000e+00,0.000000000000000000e+00,0.000000000000000000e+00,0.000000000000000000e+00,0.000000000000000000e+00,0.000000000000000000e+00,0.000000000000000000e+00,0.000000000000000000e+00,1.275384456826185453e-02,0.000000000000000000e+00,3.956467311520309518e-03,0.000000000000000000e+00,0.000000000000000000e+00,0.000000000000000000e+00,0.000000000000000000e+00,0.000000000000000000e+00,0.000000000000000000e+00,0.000000000000000000e+00,0.000000000000000000e+00,0.000000000000000000e+00,0.000000000000000000e+00,0.000000000000000000e+00,0.000000000000000000e+00,0.000000000000000000e+00,0.000000000000000000e+00,0.000000000000000000e+00,0.000000000000000000e+00,0.000000000000000000e+00,0.000000000000000000e+00,0.000000000000000000e+00,0.000000000000000000e+00,0.000000000000000000e+00,0.000000000000000000e+00,0.000000000000000000e+00,0.000000000000000000e+00,0.000000000000000000e+00,0.000000000000000000e+00,0.000000000000000000e+00,0.000000000000000000e+00,0.000000000000000000e+00,0.000000000000000000e+00,0.000000000000000000e+00,0.000000000000000000e+00,0.000000000000000000e+00,0.000000000000000000e+00,0.000000000000000000e+00,0.000000000000000000e+00,0.000000000000000000e+00,0.000000000000000000e+00,0.000000000000000000e+00,0.000000000000000000e+00,0.000000000000000000e+00,0.000000000000000000e+00,0.000000000000000000e+00,0.000000000000000000e+00,0.000000000000000000e+00,0.000000000000000000e+00,0.000000000000000000e+00,0.000000000000000000e+00,0.000000000000000000e+00
0.000000000000000000e+00,0.000000000000000000e+00,0.000000000000000000e+00,0.000000000000000000e+00,0.000000000000000000e+00,0.000000000000000000e+00,0.000000000000000000e+00,0.000000000000000000e+00,0.000000000000000000e+00,0.000000000000000000e+00,0.000000000000000000e+00,0.000000000000000000e+00,0.000000000000000000e+00,0.000000000000000000e+00,0.000000000000000000e+00,0.000000000000000000e+00,0.000000000000000000e+00,0.000000000000000000e+00,0.000000000000000000e+00,0.000000000000000000e+00,0.000000000000000000e+00,0.000000000000000000e+00,0.000000000000000000e+00,0.000000000000000000e+00,0.000000000000000000e+00,0.000000000000000000e+00,0.000000000000000000e+00,0.000000000000000000e+00,1.037603557516452064e-04,0.000000000000000000e+00,3.912377592552439168e-06,0.000000000000000000e+00,0.000000000000000000e+00,0.000000000000000000e+00,0.000000000000000000e+00,0.000000000000000000e+00,0.000000000000000000e+00,0.000000000000000000e+00,0.000000000000000000e+00,0.000000000000000000e+00,0.000000000000000000e+00,0.000000000000000000e+00,0.000000000000000000e+00,0.000000000000000000e+00,2.992173471407854474e-03,2.518095620673027439e-03,3.651912824749674202e-07,3.651912824754813574e-07,3.651912824754813574e-07,3.651912824749666790e-07,3.651912824766088642e-07,3.651912824766088642e-07,3.651912824749535500e-07,3.092825392125304450e-03,2.268165190512427820e-02,0.000000000000000000e+00,0.000000000000000000e+00,0.000000000000000000e+00,0.000000000000000000e+00,0.000000000000000000e+00,0.000000000000000000e+00,0.000000000000000000e+00,3.990482615837512336e-04,3.651912824749255979e-07,2.992173471407854474e-03,3.651912824765582539e-07,3.651912824749063279e-07,3.651912824748902343e-07,3.651912824748911343e-07,1.085954506119253017e-02,3.651912824749840961e-07,3.651912824749965369e-07,3.651912824773536708e-07,3.651912824748774229e-07,2.268165190512427820e-02,3.223273625795779125e-05,3.651912824748930930e-07,0.000000000000000000e+00,0.000000000000000000e+00,0.000000000000000000e+00,0.000000000000000000e+00,3.330692042970463673e-04,3.651912824749054809e-07,3.651912824749054809e-07,3.651912824749120454e-07,3.651912824748795405e-07,3.651912824748795405e-07,3.651912824749722906e-07,1.085954506119252844e-02,1.085954506119253017e-02,4.409994268417574172e-03,2.668077845506381524e-02,1.459082337422465620e-03,1.459082337422465620e-03,4.303846061030781184e-04,5.013187812210389768e-04,5.013187812210389768e-04,2.800393507802275209e-02,0.000000000000000000e+00,0.000000000000000000e+00,3.651912824748904990e-07,0.000000000000000000e+00,3.651912824752797106e-07,3.651912824748893873e-07,0.000000000000000000e+00,3.651912824748774229e-07,3.832168126204511973e-22,0.000000000000000000e+00,7.550282596757235815e-03,8.237219812885986817e-22,1.332280853884751999e-06,4.481171933807132904e-04,8.826452747013172116e-05,4.303846061030771968e-04,0.000000000000000000e+00,4.303846061030768173e-04,3.651912824751788078e-07,4.590888134581280943e-20,2.019445951689617658e-04,0.000000000000000000e+00,0.000000000000000000e+00,0.000000000000000000e+00,0.000000000000000000e+00,0.000000000000000000e+00,0.000000000000000000e+00,0.000000000000000000e+00,0.000000000000000000e+00,0.000000000000000000e+00,0.000000000000000000e+00,0.000000000000000000e+00,4.203023424379106338e-02,4.481171933807132904e-04,1.774466748873363252e-05,3.265566256156272537e-03,0.000000000000000000e+00,0.000000000000000000e+00,0.000000000000000000e+00,0.000000000000000000e+00,0.000000000000000000e+00,0.000000000000000000e+00,0.000000000000000000e+00,0.000000000000000000e+00,0.000000000000000000e+00,0.000000000000000000e+00,0.000000000000000000e+00,1.816334589899303194e-04,1.816334589899303194e-04,0.000000000000000000e+00,0.000000000000000000e+00,1.258290412486625168e-04,4.377585863204646460e-03,5.528056442094680251e-03,1.220109429378919447e-05,1.220109429378919447e-05,0.000000000000000000e+00,0.000000000000000000e+00,1.316656106581387412e-05,0.000000000000000000e+00,0.000000000000000000e+00,0.000000000000000000e+00,0.000000000000000000e+00,0.000000000000000000e+00,0.000000000000000000e+00,0.000000000000000000e+00,0.000000000000000000e+00,0.000000000000000000e+00,6.776968036764485087e-04,0.000000000000000000e+00,7.095213089036586651e-02,1.258290412486625168e-04,7.260105541564126908e-02,8.477245728681567782e-04,0.000000000000000000e+00,0.000000000000000000e+00,0.000000000000000000e+00,0.000000000000000000e+00,1.316656106581387412e-05,0.000000000000000000e+00,0.000000000000000000e+00,0.000000000000000000e+00,0.000000000000000000e+00,0.000000000000000000e+00,0.000000000000000000e+00,0.000000000000000000e+00,0.000000000000000000e+00,0.000000000000000000e+00,6.391597345811392272e-04,1.142140330307499785e-01,1.142140330307499785e-01,4.995638993131235051e-02,3.512558431679705523e-02,3.512558431679705523e-02,1.020856776561138851e-03,0.000000000000000000e+00,0.000000000000000000e+00,0.000000000000000000e+00,0.000000000000000000e+00,0.000000000000000000e+00,0.000000000000000000e+00,0.000000000000000000e+00,0.000000000000000000e+00,0.000000000000000000e+00,0.000000000000000000e+00,0.000000000000000000e+00,0.000000000000000000e+00,3.838996714818979951e-03,0.000000000000000000e+00,4.639728018001638976e-02,2.585454447170322523e-03,2.224647087539674247e-05,3.271911888092686460e-02,3.392273110428042915e-03,7.045995463557577082e-04,2.055020647809512047e-03,0.000000000000000000e+00,0.000000000000000000e+00,5.623623327990767695e-04,0.000000000000000000e+00,0.000000000000000000e+00,3.155928916410239235e-05,1.064768473571132973e-06,1.091609504503328332e-03,0.000000000000000000e+00,5.326722445534401055e-05,1.159782188806118570e-04,0.000000000000000000e+00,0.000000000000000000e+00,4.211528534482333378e-06,4.224449847358729286e-06,2.224647087539674247e-05,4.439028104608112551e-06,4.211528534480463977e-06,0.000000000000000000e+00,0.000000000000000000e+00,0.000000000000000000e+00,2.374022038003274770e-02,5.623623327990767695e-04,1.292413525681367896e-05,3.155928916410239235e-05,3.155928916410239235e-05,0.000000000000000000e+00,0.000000000000000000e+00,1.159782188806126837e-04,1.297494104097214433e-02,0.000000000000000000e+00,0.000000000000000000e+00,3.251723005692952820e-03,7.891672065620502759e-05,3.251735927005838800e-03,3.901417025413554373e-06,4.128916595550923497e-06,2.916743048192201038e-02,3.901417025411324982e-06,1.727874544997297195e-04,0.000000000000000000e+00,0.000000000000000000e+00,0.000000000000000000e+00,3.155928916410239235e-05,3.155928916410239235e-05,3.155928916410239235e-05,0.000000000000000000e+00,1.159782188806134155e-04,1.738307538955791154e-02,0.000000000000000000e+00,0.000000000000000000e+00,5.797570916799251795e-05,3.307036633036269594e-06,7.891672065620502759e-05,3.294115320158158445e-06,1.674341550666688444e-03,3.294115320160413246e-06,2.916743048192201038e-02,4.043958968896089678e-06,3.294115320162902253e-06,0.000000000000000000e+00,0.000000000000000000e+00,2.131927481540327185e-04,3.155928916410249399e-05,3.155928916410242623e-05,1.638077368919733565e-04,2.928491437417429788e-02,1.829035071851393968e-02,1.825140854328462302e-07,1.825140854328462302e-07,2.064978254371948457e-02,2.996925123965851156e-06,2.996925123965851156e-06,3.009846436859468090e-06,3.224424694120157551e-06,2.686813614911816452e-06,3.014485849578129546e-06,4.465080091236816565e-06,7.070621021023621832e-05,7.070621021023621832e-05,2.996925123970984175e-06,3.023367569289483071e-03,3.023367569289483071e-03,4.059232478361490468e-04,2.173562175917742589e-03,0.000000000000000000e+00,0.000000000000000000e+00,0.000000000000000000e+00,0.000000000000000000e+00,2.927234497919261771e-06,2.617122988864121690e-06,2.914313185061434520e-06,2.901391872173503718e-06,2.617122988864176747e-06,2.467342108491808439e-06,2.686813614911816452e-06,3.425117855687589697e-06,7.895569395570582543e-05,7.945454109627145592e-05,7.801222875478033402e-05,1.092743277226900477e-04,3.427194540477169826e-05,3.023367569289483071e-03,0.000000000000000000e+00,0.000000000000000000e+00,0.000000000000000000e+00,0.000000000000000000e+00,0.000000000000000000e+00,0.000000000000000000e+00,0.000000000000000000e+00,2.617122988864121690e-06,2.827593024897150087e-02,2.145782572589598195e-07,2.294090166913919636e-06,2.294090166913919636e-06,2.092433222531046980e-06,7.863266113376175251e-05,7.863266113376175251e-05,7.781244799581711266e-05,7.864558244663380059e-05,1.092743277226900477e-04,0.000000000000000000e+00,0.000000000000000000e+00,0.000000000000000000e+00,0.000000000000000000e+00,0.000000000000000000e+00,0.000000000000000000e+00,0.000000000000000000e+00,0.000000000000000000e+00,0.000000000000000000e+00,0.000000000000000000e+00,0.000000000000000000e+00,0.000000000000000000e+00,0.000000000000000000e+00,2.934748245667919905e-02,0.000000000000000000e+00,2.826048079657356507e-04,0.000000000000000000e+00,0.000000000000000000e+00,0.000000000000000000e+00,0.000000000000000000e+00,0.000000000000000000e+00,0.000000000000000000e+00,0.000000000000000000e+00,0.000000000000000000e+00,0.000000000000000000e+00,0.000000000000000000e+00,0.000000000000000000e+00,0.000000000000000000e+00,0.000000000000000000e+00,0.000000000000000000e+00,0.000000000000000000e+00,0.000000000000000000e+00,0.000000000000000000e+00,0.000000000000000000e+00,0.000000000000000000e+00,0.000000000000000000e+00,0.000000000000000000e+00,0.000000000000000000e+00,0.000000000000000000e+00,0.000000000000000000e+00,0.000000000000000000e+00,0.000000000000000000e+00,0.000000000000000000e+00,0.000000000000000000e+00,0.000000000000000000e+00,0.000000000000000000e+00,0.000000000000000000e+00,0.000000000000000000e+00,0.000000000000000000e+00,0.000000000000000000e+00,0.000000000000000000e+00,0.000000000000000000e+00,0.000000000000000000e+00,0.000000000000000000e+00,0.000000000000000000e+00,0.000000000000000000e+00,0.000000000000000000e+00,0.000000000000000000e+00,0.000000000000000000e+00,0.000000000000000000e+00,0.000000000000000000e+00,0.000000000000000000e+00,0.000000000000000000e+00,0.000000000000000000e+00,0.000000000000000000e+00
0.000000000000000000e+00,0.000000000000000000e+00,0.000000000000000000e+00,0.000000000000000000e+00,0.000000000000000000e+00,0.000000000000000000e+00,0.000000000000000000e+00,0.000000000000000000e+00,0.000000000000000000e+00,0.000000000000000000e+00,0.000000000000000000e+00,0.000000000000000000e+00,0.000000000000000000e+00,0.000000000000000000e+00,0.000000000000000000e+00,0.000000000000000000e+00,0.000000000000000000e+00,0.000000000000000000e+00,0.000000000000000000e+00,0.000000000000000000e+00,0.000000000000000000e+00,0.000000000000000000e+00,0.000000000000000000e+00,0.000000000000000000e+00,0.000000000000000000e+00,0.000000000000000000e+00,0.000000000000000000e+00,0.000000000000000000e+00,1.643360771136992290e-07,0.000000000000000000e+00,1.827591018028900793e-03,0.000000000000000000e+00,0.000000000000000000e+00,0.000000000000000000e+00,0.000000000000000000e+00,0.000000000000000000e+00,0.000000000000000000e+00,0.000000000000000000e+00,0.000000000000000000e+00,0.000000000000000000e+00,0.000000000000000000e+00,0.000000000000000000e+00,0.000000000000000000e+00,0.000000000000000000e+00,1.346478062133535424e-03,9.745218729429467718e-04,2.717589261774238860e-03,1.643360771139209399e-07,1.643360771139209399e-07,1.643360771137347515e-07,1.643360771144737348e-07,1.643360771144737348e-07,1.643360771137057141e-07,1.391771426456387545e-03,1.020674335730593039e-02,0.000000000000000000e+00,0.000000000000000000e+00,0.000000000000000000e+00,0.000000000000000000e+00,0.000000000000000000e+00,0.000000000000000000e+00,0.000000000000000000e+00,1.884740054941069038e-04,1.643360771137157726e-07,1.346478062133535424e-03,1.643360771144477679e-07,1.643360771137072494e-07,1.643360771137954996e-07,1.643360771137009231e-07,4.886795277536640572e-03,1.170949624730225833e-02,1.643360771137431424e-07,1.643360771148089480e-07,1.643360771136947556e-07,1.020674335730593039e-02,1.450473131608100844e-05,1.643360771136947556e-07,0.000000000000000000e+00,0.000000000000000000e+00,0.000000000000000000e+00,0.000000000000000000e+00,1.643360771136947556e-07,1.643360771137072494e-07,1.643360771137072494e-07,1.643360771136947556e-07,1.643360771136957085e-07,1.643360771136957085e-07,1.643360771137266782e-07,4.886795277536639705e-03,4.886795277536640572e-03,1.984497420787909722e-03,1.200635030477872553e-02,1.366420988627557774e-03,1.366420988627557774e-03,6.832970166234541599e-03,2.255934515494676371e-04,2.255934515494676371e-04,1.295906922802403383e-02,0.000000000000000000e+00,0.000000000000000000e+00,1.643360771137006319e-07,0.000000000000000000e+00,1.643360771138757824e-07,1.643360771136949674e-07,0.000000000000000000e+00,1.643360771136947556e-07,4.293527073412625912e-03,0.000000000000000000e+00,3.494419328660923474e-03,7.745901388534360416e-05,6.629422234156002146e-03,2.014938370392010980e-04,3.338220197372514849e-03,1.936730727463848714e-04,0.000000000000000000e+00,1.936730727463846545e-04,1.643360771138249340e-07,0.000000000000000000e+00,1.643360771136947556e-07,0.000000000000000000e+00,0.000000000000000000e+00,0.000000000000000000e+00,0.000000000000000000e+00,0.000000000000000000e+00,0.000000000000000000e+00,0.000000000000000000e+00,0.000000000000000000e+00,0.000000000000000000e+00,0.000000000000000000e+00,2.976248014119250648e-02,4.813837885510647424e-02,2.014938370392010980e-04,7.985100369930139548e-06,1.469504815270323422e-03,0.000000000000000000e+00,0.000000000000000000e+00,0.000000000000000000e+00,0.000000000000000000e+00,0.000000000000000000e+00,0.000000000000000000e+00,0.000000000000000000e+00,0.000000000000000000e+00,0.000000000000000000e+00,0.000000000000000000e+00,0.000000000000000000e+00,0.000000000000000000e+00,0.000000000000000000e+00,0.000000000000000000e+00,1.832633423552941163e-02,2.398339585935331877e-02,5.391801511690709481e-02,1.967614595654743753e-03,5.490492432205140223e-06,5.490492432205140223e-06,0.000000000000000000e+00,0.000000000000000000e+00,0.000000000000000000e+00,0.000000000000000000e+00,0.000000000000000000e+00,0.000000000000000000e+00,0.000000000000000000e+00,0.000000000000000000e+00,0.000000000000000000e+00,0.000000000000000000e+00,0.000000000000000000e+00,0.000000000000000000e+00,0.000000000000000000e+00,0.000000000000000000e+00,4.249298756945060762e-02,2.398339585935331877e-02,6.702394502215998362e-02,4.534334861630305250e-06,0.000000000000000000e+00,0.000000000000000000e+00,0.000000000000000000e+00,0.000000000000000000e+00,0.000000000000000000e+00,0.000000000000000000e+00,0.000000000000000000e+00,0.000000000000000000e+00,0.000000000000000000e+00,0.000000000000000000e+00,0.000000000000000000e+00,0.000000000000000000e+00,0.000000000000000000e+00,0.000000000000000000e+00,0.000000000000000000e+00,4.967353532579649178e-02,4.967353532579649178e-02,6.367713692046669816e-02,1.394147721654795391e-02,1.394147721654795391e-02,2.816620083664759838e-04,0.000000000000000000e+00,0.000000000000000000e+00,0.000000000000000000e+00,0.000000000000000000e+00,0.000000000000000000e+00,0.000000000000000000e+00,0.000000000000000000e+00,0.000000000000000000e+00,0.000000000000000000e+00,0.000000000000000000e+00,0.000000000000000000e+00,0.000000000000000000e+00,1.513709913396668865e-03,0.000000000000000000e+00,1.996998225153609821e-02,1.435125917171457648e-02,2.364992652554014432e-02,1.370892823812067118e-02,2.816620083664762007e-04,0.000000000000000000e+00,0.000000000000000000e+00,0.000000000000000000e+00,0.000000000000000000e+00,0.000000000000000000e+00,0.000000000000000000e+00,0.000000000000000000e+00,1.420168012384608503e-05,0.000000000000000000e+00,1.926462617924676882e-20,0.000000000000000000e+00,2.397025100490481796e-05,5.219019849627536546e-05,0.000000000000000000e+00,0.000000000000000000e+00,1.895187840517050952e-06,1.657921117872921540e-02,2.364992652554014432e-02,6.034505086130420408e-04,1.895187840516209848e-06,0.000000000000000000e+00,0.000000000000000000e+00,0.000000000000000000e+00,1.068309917101474375e-02,0.000000000000000000e+00,5.815860865566158835e-06,1.420168012384608503e-05,1.420168012384608503e-05,0.000000000000000000e+00,0.000000000000000000e+00,5.219019849627573138e-05,5.838723468437467291e-03,0.000000000000000000e+00,0.000000000000000000e+00,1.463275352561829550e-03,3.551252429529227529e-05,1.463281167152628197e-03,1.755637661436101585e-06,1.761452252231387805e-06,1.312534371686490883e-02,1.755637661435097428e-06,0.000000000000000000e+00,0.000000000000000000e+00,0.000000000000000000e+00,0.000000000000000000e+00,1.420168012384608503e-05,1.420168012384608503e-05,1.420168012384608503e-05,0.000000000000000000e+00,5.219019849627607019e-05,7.822383925301065397e-03,1.090839221098390856e-02,0.000000000000000000e+00,5.654411778791590924e-03,1.488166484866321974e-06,3.551252429529227529e-05,1.482351894071172126e-06,7.534536978000101141e-04,1.482351894072186871e-06,1.312534371686490883e-02,1.488166484864153569e-06,1.482351894073307073e-06,0.000000000000000000e+00,0.000000000000000000e+00,1.420168012384608503e-05,1.420168012384612907e-05,1.420168012384609858e-05,7.371348160138805922e-05,1.289488124204595312e-02,9.249915103484974976e-03,4.844268222347109139e-03,4.844268222347109139e-03,4.359323086608700437e-02,5.604413454485966484e-06,5.604413454485966484e-06,5.610228045288094613e-06,1.354430896587516829e-06,5.802903023800217537e-04,1.354430896587806938e-06,1.354430896585846268e-06,3.181779459460631654e-05,3.181779459460631654e-05,1.348616305786943641e-06,1.360515406180268314e-03,1.360515406180268314e-03,1.420168012384608503e-05,3.078555538761489378e-04,0.000000000000000000e+00,0.000000000000000000e+00,0.000000000000000000e+00,1.042531370867504428e-02,6.072185710453095568e-03,1.081145129222307637e-06,2.651067474007998657e-04,1.209066126711548693e-06,1.081145129222326484e-06,1.081145129223502589e-06,5.802903023800217537e-04,7.190121563418531937e-04,3.497176735136344166e-05,3.509968834885145367e-05,3.510550293965116522e-05,4.705933580261447216e-03,5.299889099788011957e-04,1.391361221565506640e-03,0.000000000000000000e+00,0.000000000000000000e+00,0.000000000000000000e+00,0.000000000000000000e+00,0.000000000000000000e+00,0.000000000000000000e+00,0.000000000000000000e+00,1.081145129222307637e-06,1.302889568159808567e-02,2.765286795706763017e-05,9.357803593447362795e-07,9.357803593447362795e-07,9.415949501389717551e-07,3.482640258148861427e-05,3.482640258148861427e-05,3.483221717228074317e-05,3.483221717228104133e-05,4.705933580261447216e-03,0.000000000000000000e+00,0.000000000000000000e+00,0.000000000000000000e+00,0.000000000000000000e+00,0.000000000000000000e+00,0.000000000000000000e+00,0.000000000000000000e+00,0.000000000000000000e+00,0.000000000000000000e+00,0.000000000000000000e+00,0.000000000000000000e+00,0.000000000000000000e+00,0.000000000000000000e+00,1.312453548874441267e-02,0.000000000000000000e+00,0.000000000000000000e+00,0.000000000000000000e+00,0.000000000000000000e+00,0.000000000000000000e+00,0.000000000000000000e+00,0.000000000000000000e+00,0.000000000000000000e+00,0.000000000000000000e+00,0.000000000000000000e+00,0.000000000000000000e+00,0.000000000000000000e+00,0.000000000000000000e+00,0.000000000000000000e+00,0.000000000000000000e+00,0.000000000000000000e+00,0.000000000000000000e+00,0.000000000000000000e+00,0.000000000000000000e+00,0.000000000000000000e+00,0.000000000000000000e+00,0.000000000000000000e+00,0.000000000000000000e+00,0.000000000000000000e+00,0.000000000000000000e+00,0.000000000000000000e+00,0.000000000000000000e+00,0.000000000000000000e+00,0.000000000000000000e+00,0.000000000000000000e+00,0.000000000000000000e+00,0.000000000000000000e+00,0.000000000000000000e+00,0.000000000000000000e+00,0.000000000000000000e+00,0.000000000000000000e+00,0.000000000000000000e+00,0.000000000000000000e+00,0.000000000000000000e+00,0.000000000000000000e+00,0.000000000000000000e+00,0.000000000000000000e+00,0.000000000000000000e+00,0.000000000000000000e+00,0.000000000000000000e+00,0.000000000000000000e+00,0.000000000000000000e+00,0.000000000000000000e+00,0.000000000000000000e+00,0.000000000000000000e+00,0.000000000000000000e+00
0.000000000000000000e+00,0.000000000000000000e+00,0.000000000000000000e+00,0.000000000000000000e+00,0.000000000000000000e+00,0.000000000000000000e+00,0.000000000000000000e+00,0.000000000000000000e+00,0.000000000000000000e+00,0.000000000000000000e+00,0.000000000000000000e+00,0.000000000000000000e+00,0.000000000000000000e+00,0.000000000000000000e+00,0.000000000000000000e+00,0.000000000000000000e+00,0.000000000000000000e+00,0.000000000000000000e+00,0.000000000000000000e+00,0.000000000000000000e+00,0.000000000000000000e+00,0.000000000000000000e+00,0.000000000000000000e+00,0.000000000000000000e+00,0.000000000000000000e+00,0.000000000000000000e+00,0.000000000000000000e+00,0.000000000000000000e+00,0.000000000000000000e+00,0.000000000000000000e+00,2.588854466098368910e-03,0.000000000000000000e+00,0.000000000000000000e+00,0.000000000000000000e+00,0.000000000000000000e+00,0.000000000000000000e+00,0.000000000000000000e+00,0.000000000000000000e+00,0.000000000000000000e+00,0.000000000000000000e+00,0.000000000000000000e+00,0.000000000000000000e+00,0.000000000000000000e+00,0.000000000000000000e+00,0.000000000000000000e+00,0.000000000000000000e+00,3.849685311404265481e-03,0.000000000000000000e+00,0.000000000000000000e+00,0.000000000000000000e+00,0.000000000000000000e+00,0.000000000000000000e+00,0.000000000000000000e+00,0.000000000000000000e+00,0.000000000000000000e+00,0.000000000000000000e+00,0.000000000000000000e+00,0.000000000000000000e+00,0.000000000000000000e+00,0.000000000000000000e+00,0.000000000000000000e+00,0.000000000000000000e+00,1.261157435701016242e-05,0.000000000000000000e+00,0.000000000000000000e+00,0.000000000000000000e+00,0.000000000000000000e+00,1.345525238847187448e-19,0.000000000000000000e+00,0.000000000000000000e+00,1.658822020756898011e-02,0.000000000000000000e+00,0.000000000000000000e+00,0.000000000000000000e+00,0.000000000000000000e+00,0.000000000000000000e+00,0.000000000000000000e+00,0.000000000000000000e+00,0.000000000000000000e+00,0.000000000000000000e+00,0.000000000000000000e+00,0.000000000000000000e+00,0.000000000000000000e+00,0.000000000000000000e+00,0.000000000000000000e+00,0.000000000000000000e+00,0.000000000000000000e+00,0.000000000000000000e+00,0.000000000000000000e+00,0.000000000000000000e+00,0.000000000000000000e+00,0.000000000000000000e+00,1.005598077115552351e-03,1.005598077115552351e-03,9.405670882441569125e-03,0.000000000000000000e+00,0.000000000000000000e+00,5.061727941278646413e-04,0.000000000000000000e+00,0.000000000000000000e+00,0.000000000000000000e+00,0.000000000000000000e+00,0.000000000000000000e+00,0.000000000000000000e+00,0.000000000000000000e+00,0.000000000000000000e+00,6.082496687334560531e-03,2.638292066266175533e-19,1.371222268369010349e-04,1.097336030042369171e-04,9.391490157601717001e-03,0.000000000000000000e+00,4.672876643348859715e-03,0.000000000000000000e+00,0.000000000000000000e+00,0.000000000000000000e+00,0.000000000000000000e+00,0.000000000000000000e+00,0.000000000000000000e+00,0.000000000000000000e+00,0.000000000000000000e+00,0.000000000000000000e+00,0.000000000000000000e+00,0.000000000000000000e+00,0.000000000000000000e+00,0.000000000000000000e+00,0.000000000000000000e+00,2.638292066266175533e-19,7.113080016738069404e-04,4.725393416435080124e-02,4.857857057031888387e-02,0.000000000000000000e+00,9.486368235308953109e-03,6.712313660006107843e-04,0.000000000000000000e+00,0.000000000000000000e+00,0.000000000000000000e+00,0.000000000000000000e+00,0.000000000000000000e+00,0.000000000000000000e+00,0.000000000000000000e+00,0.000000000000000000e+00,0.000000000000000000e+00,0.000000000000000000e+00,0.000000000000000000e+00,0.000000000000000000e+00,0.000000000000000000e+00,4.355156904970944895e-19,2.596230683366669914e-02,5.304341180156781077e-02,7.359640073844092578e-02,7.350749224041609221e-03,2.310218034232532341e-03,2.310218034232532341e-03,0.000000000000000000e+00,0.000000000000000000e+00,0.000000000000000000e+00,0.000000000000000000e+00,0.000000000000000000e+00,0.000000000000000000e+00,0.000000000000000000e+00,0.000000000000000000e+00,0.000000000000000000e+00,0.000000000000000000e+00,0.000000000000000000e+00,0.000000000000000000e+00,0.000000000000000000e+00,0.000000000000000000e+00,2.539442516514533316e-02,5.304341180156781077e-02,5.874756089730678865e-02,6.423641053976274454e-06,0.000000000000000000e+00,0.000000000000000000e+00,0.000000000000000000e+00,0.000000000000000000e+00,0.000000000000000000e+00,0.000000000000000000e+00,0.000000000000000000e+00,0.000000000000000000e+00,0.000000000000000000e+00,0.000000000000000000e+00,0.000000000000000000e+00,0.000000000000000000e+00,0.000000000000000000e+00,0.000000000000000000e+00,0.000000000000000000e+00,6.017196589737936266e-03,6.017196589737936266e-03,6.838780005819564134e-02,5.012187951639694434e-05,5.012187951639694434e-05,0.000000000000000000e+00,0.000000000000000000e+00,0.000000000000000000e+00,0.000000000000000000e+00,0.000000000000000000e+00,0.000000000000000000e+00,0.000000000000000000e+00,0.000000000000000000e+00,0.000000000000000000e+00,0.000000000000000000e+00,0.000000000000000000e+00,0.000000000000000000e+00,0.000000000000000000e+00,0.000000000000000000e+00,1.717533336607973953e-03,2.310218034232532774e-03,2.582370333759366823e-02,3.350118003232081809e-02,5.960053560195614601e-03,0.000000000000000000e+00,0.000000000000000000e+00,0.000000000000000000e+00,0.000000000000000000e+00,0.000000000000000000e+00,0.000000000000000000e+00,0.000000000000000000e+00,0.000000000000000000e+00,0.000000000000000000e+00,0.000000000000000000e+00,0.000000000000000000e+00,0.000000000000000000e+00,0.000000000000000000e+00,0.000000000000000000e+00,0.000000000000000000e+00,0.000000000000000000e+00,8.920699861780225989e-03,3.114899396026929793e-02,3.350118003232081809e-02,8.521951337574589207e-04,0.000000000000000000e+00,0.000000000000000000e+00,0.000000000000000000e+00,0.000000000000000000e+00,0.000000000000000000e+00,0.000000000000000000e+00,0.000000000000000000e+00,0.000000000000000000e+00,0.000000000000000000e+00,0.000000000000000000e+00,0.000000000000000000e+00,0.000000000000000000e+00,0.000000000000000000e+00,6.592253134021413066e-04,0.000000000000000000e+00,0.000000000000000000e+00,0.000000000000000000e+00,0.000000000000000000e+00,1.231553598580702126e-21,0.000000000000000000e+00,0.000000000000000000e+00,0.000000000000000000e+00,0.000000000000000000e+00,0.000000000000000000e+00,0.000000000000000000e+00,0.000000000000000000e+00,0.000000000000000000e+00,0.000000000000000000e+00,0.000000000000000000e+00,0.000000000000000000e+00,6.592253134021413066e-04,6.592253134021413066e-04,1.611278094562936317e-02,6.592253134021413066e-04,8.632682485428977426e-03,6.592253134021418487e-04,0.000000000000000000e+00,0.000000000000000000e+00,0.000000000000000000e+00,0.000000000000000000e+00,0.000000000000000000e+00,0.000000000000000000e+00,0.000000000000000000e+00,0.000000000000000000e+00,0.000000000000000000e+00,0.000000000000000000e+00,0.000000000000000000e+00,0.000000000000000000e+00,0.000000000000000000e+00,7.171762491676640303e-03,2.103309920592217296e-03,7.521938628393887855e-03,7.521938628393887855e-03,4.925206600207094471e-02,6.652543593628015579e-04,6.652543593628015579e-04,6.029045960660229215e-06,0.000000000000000000e+00,8.203650846921923699e-04,0.000000000000000000e+00,0.000000000000000000e+00,0.000000000000000000e+00,0.000000000000000000e+00,0.000000000000000000e+00,0.000000000000000000e+00,0.000000000000000000e+00,5.280302305526451100e-03,5.297290781489705919e-03,0.000000000000000000e+00,0.000000000000000000e+00,0.000000000000000000e+00,1.542841973402514152e-02,9.259759084857283745e-03,6.592253134021413066e-04,1.033072124536800907e-03,6.592253134021413066e-04,6.592253134021413066e-04,0.000000000000000000e+00,8.203650846921923699e-04,1.017068932551227958e-03,0.000000000000000000e+00,0.000000000000000000e+00,0.000000000000000000e+00,6.597076854780510591e-03,7.289692572744273409e-04,5.858787814915358133e-03,0.000000000000000000e+00,0.000000000000000000e+00,0.000000000000000000e+00,0.000000000000000000e+00,0.000000000000000000e+00,0.000000000000000000e+00,0.000000000000000000e+00,6.592253134021413066e-04,1.091058788919087395e-03,6.984002096746541122e-04,6.592253134021408729e-04,6.592253134021408729e-04,0.000000000000000000e+00,0.000000000000000000e+00,0.000000000000000000e+00,0.000000000000000000e+00,0.000000000000000000e+00,6.597076854780510591e-03,0.000000000000000000e+00,0.000000000000000000e+00,0.000000000000000000e+00,0.000000000000000000e+00,0.000000000000000000e+00,0.000000000000000000e+00,0.000000000000000000e+00,0.000000000000000000e+00,0.000000000000000000e+00,0.000000000000000000e+00,0.000000000000000000e+00,0.000000000000000000e+00,0.000000000000000000e+00,6.592253134021413066e-04,0.000000000000000000e+00,0.000000000000000000e+00,0.000000000000000000e+00,0.000000000000000000e+00,0.000000000000000000e+00,0.000000000000000000e+00,0.000000000000000000e+00,0.000000000000000000e+00,0.000000000000000000e+00,0.000000000000000000e+00,0.000000000000000000e+00,0.000000000000000000e+00,0.000000000000000000e+00,0.000000000000000000e+00,0.000000000000000000e+00,0.000000000000000000e+00,0.000000000000000000e+00,0.000000000000000000e+00,0.000000000000000000e+00,0.000000000000000000e+00,0.000000000000000000e+00,0.000000000000000000e+00,0.000000000000000000e+00,0.000000000000000000e+00,0.000000000000000000e+00,0.000000000000000000e+00,0.000000000000000000e+00,0.000000000000000000e+00,0.000000000000000000e+00,0.000000000000000000e+00,0.000000000000000000e+00,0.000000000000000000e+00,0.000000000000000000e+00,0.000000000000000000e+00,0.000000000000000000e+00,0.000000000000000000e+00,0.000000000000000000e+00,0.000000000000000000e+00,0.000000000000000000e+00,0.000000000000000000e+00,0.000000000000000000e+00,0.000000000000000000e+00,0.000000000000000000e+00,0.000000000000000000e+00,0.000000000000000000e+00,0.000000000000000000e+00,0.000000000000000000e+00,0.000000000000000000e+00,0.000000000000000000e+00,0.000000000000000000e+00,0.000000000000000000e+00
0.000000000000000000e+00,0.000000000000000000e+00,0.000000000000000000e+00,0.000000000000000000e+00,0.000000000000000000e+00,0.000000000000000000e+00,0.000000000000000000e+00,0.000000000000000000e+00,0.000000000000000000e+00,0.000000000000000000e+00,0.000000000000000000e+00,0.000000000000000000e+00,0.000000000000000000e+00,0.000000000000000000e+00,0.000000000000000000e+00,0.000000000000000000e+00,0.000000000000000000e+00,0.000000000000000000e+00,0.000000000000000000e+00,0.000000000000000000e+00,0.000000000000000000e+00,0.000000000000000000e+00,0.000000000000000000e+00,0.000000000000000000e+00,0.000000000000000000e+00,0.000000000000000000e+00,0.000000000000000000e+00,0.000000000000000000e+00,0.000000000000000000e+00,0.000000000000000000e+00,6.091422273172639873e-04,0.000000000000000000e+00,0.000000000000000000e+00,0.000000000000000000e+00,0.000000000000000000e+00,0.000000000000000000e+00,0.000000000000000000e+00,0.000000000000000000e+00,0.000000000000000000e+00,0.000000000000000000e+00,0.000000000000000000e+00,0.000000000000000000e+00,0.000000000000000000e+00,0.000000000000000000e+00,0.000000000000000000e+00,0.000000000000000000e+00,9.058083085657108770e-04,0.000000000000000000e+00,0.000000000000000000e+00,0.000000000000000000e+00,0.000000000000000000e+00,0.000000000000000000e+00,0.000000000000000000e+00,0.000000000000000000e+00,0.000000000000000000e+00,0.000000000000000000e+00,0.000000000000000000e+00,0.000000000000000000e+00,0.000000000000000000e+00,0.000000000000000000e+00,0.000000000000000000e+00,0.000000000000000000e+00,2.967429260473814566e-06,0.000000000000000000e+00,0.000000000000000000e+00,0.000000000000000000e+00,0.000000000000000000e+00,3.165941738463977263e-20,0.000000000000000000e+00,0.000000000000000000e+00,3.903110637075060674e-03,0.000000000000000000e+00,0.000000000000000000e+00,0.000000000000000000e+00,0.000000000000000000e+00,0.000000000000000000e+00,0.000000000000000000e+00,0.000000000000000000e+00,0.000000000000000000e+00,0.000000000000000000e+00,0.000000000000000000e+00,0.000000000000000000e+00,0.000000000000000000e+00,0.000000000000000000e+00,0.000000000000000000e+00,0.000000000000000000e+00,0.000000000000000000e+00,0.000000000000000000e+00,0.000000000000000000e+00,0.000000000000000000e+00,0.000000000000000000e+00,0.000000000000000000e+00,2.366113122624833014e-04,2.366113122624833014e-04,2.213099031162726535e-03,0.000000000000000000e+00,0.000000000000000000e+00,1.190994809712624981e-04,0.000000000000000000e+00,0.000000000000000000e+00,0.000000000000000000e+00,0.000000000000000000e+00,0.000000000000000000e+00,0.000000000000000000e+00,0.000000000000000000e+00,0.000000000000000000e+00,1.431175691137546307e-03,1.121274128163127767e-18,3.226405337338852822e-05,2.581967129511460700e-05,2.209762390023937290e-03,0.000000000000000000e+00,1.099500386670321413e-03,0.000000000000000000e+00,0.000000000000000000e+00,0.000000000000000000e+00,0.000000000000000000e+00,0.000000000000000000e+00,0.000000000000000000e+00,0.000000000000000000e+00,0.000000000000000000e+00,0.000000000000000000e+00,0.000000000000000000e+00,0.000000000000000000e+00,0.000000000000000000e+00,0.000000000000000000e+00,0.000000000000000000e+00,1.121274128163127767e-18,3.023059007113687493e-03,3.155511439545839736e-02,4.024038432380841468e-02,0.000000000000000000e+00,4.031706500006315697e-02,2.852733305502603775e-03,0.000000000000000000e+00,0.000000000000000000e+00,0.000000000000000000e+00,0.000000000000000000e+00,0.000000000000000000e+00,0.000000000000000000e+00,0.000000000000000000e+00,0.000000000000000000e+00,0.000000000000000000e+00,0.000000000000000000e+00,0.000000000000000000e+00,0.000000000000000000e+00,0.000000000000000000e+00,1.850941684612656877e-18,6.108778078509822379e-03,8.902893620659126095e-02,1.731680017375084035e-02,3.124068420217692224e-02,9.818426645488289445e-03,9.818426645488289445e-03,0.000000000000000000e+00,0.000000000000000000e+00,0.000000000000000000e+00,0.000000000000000000e+00,0.000000000000000000e+00,0.000000000000000000e+00,0.000000000000000000e+00,0.000000000000000000e+00,0.000000000000000000e+00,0.000000000000000000e+00,0.000000000000000000e+00,0.000000000000000000e+00,0.000000000000000000e+00,0.000000000000000000e+00,3.688139601145640212e-02,8.902893620659126095e-02,5.008745139350412323e-02,1.511444953876773499e-06,0.000000000000000000e+00,0.000000000000000000e+00,0.000000000000000000e+00,0.000000000000000000e+00,0.000000000000000000e+00,0.000000000000000000e+00,0.000000000000000000e+00,0.000000000000000000e+00,0.000000000000000000e+00,0.000000000000000000e+00,0.000000000000000000e+00,0.000000000000000000e+00,0.000000000000000000e+00,0.000000000000000000e+00,0.000000000000000000e+00,2.347993131038402306e-02,2.347993131038402306e-02,4.743021335216061896e-02,1.179338341562282598e-05,1.179338341562282598e-05,0.000000000000000000e+00,0.000000000000000000e+00,0.000000000000000000e+00,0.000000000000000000e+00,0.000000000000000000e+00,0.000000000000000000e+00,0.000000000000000000e+00,0.000000000000000000e+00,0.000000000000000000e+00,0.000000000000000000e+00,0.000000000000000000e+00,0.000000000000000000e+00,0.000000000000000000e+00,0.000000000000000000e+00,7.299516680583908491e-03,9.818426645488289445e-03,2.814028583929126595e-02,7.882630595840205145e-03,2.346648589166818594e-02,0.000000000000000000e+00,0.000000000000000000e+00,0.000000000000000000e+00,0.000000000000000000e+00,0.000000000000000000e+00,0.000000000000000000e+00,0.000000000000000000e+00,0.000000000000000000e+00,0.000000000000000000e+00,0.000000000000000000e+00,0.000000000000000000e+00,0.000000000000000000e+00,0.000000000000000000e+00,0.000000000000000000e+00,0.000000000000000000e+00,0.000000000000000000e+00,3.791297441256606671e-02,3.809977270345015626e-02,7.882630595840205145e-03,2.005165020605788502e-04,0.000000000000000000e+00,0.000000000000000000e+00,0.000000000000000000e+00,0.000000000000000000e+00,0.000000000000000000e+00,0.000000000000000000e+00,0.000000000000000000e+00,0.000000000000000000e+00,0.000000000000000000e+00,0.000000000000000000e+00,0.000000000000000000e+00,0.000000000000000000e+00,0.000000000000000000e+00,2.801707581959108143e-03,0.000000000000000000e+00,0.000000000000000000e+00,0.000000000000000000e+00,0.000000000000000000e+00,2.897773173131067587e-22,0.000000000000000000e+00,0.000000000000000000e+00,0.000000000000000000e+00,0.000000000000000000e+00,0.000000000000000000e+00,0.000000000000000000e+00,0.000000000000000000e+00,0.000000000000000000e+00,0.000000000000000000e+00,0.000000000000000000e+00,0.000000000000000000e+00,2.801707581959108143e-03,2.801707581959108143e-03,6.437838318953755315e-03,2.801707581959108143e-03,4.677815151847778373e-03,2.801707581959110311e-03,0.000000000000000000e+00,0.000000000000000000e+00,0.000000000000000000e+00,0.000000000000000000e+00,0.000000000000000000e+00,0.000000000000000000e+00,0.000000000000000000e+00,0.000000000000000000e+00,0.000000000000000000e+00,0.000000000000000000e+00,0.000000000000000000e+00,0.000000000000000000e+00,0.000000000000000000e+00,3.042935882786897833e-02,3.141492195415596968e-03,4.416463656074815815e-03,4.416463656074815815e-03,1.423531715576354523e-02,2.803126181008675031e-03,2.803126181008675031e-03,1.418599049567115347e-06,0.000000000000000000e+00,1.930270787511043995e-04,0.000000000000000000e+00,0.000000000000000000e+00,0.000000000000000000e+00,0.000000000000000000e+00,0.000000000000000000e+00,0.000000000000000000e+00,0.000000000000000000e+00,2.244128479848747984e-02,2.244528208694942031e-02,0.000000000000000000e+00,0.000000000000000000e+00,0.000000000000000000e+00,6.276812151517468380e-03,4.825362587007379911e-03,2.801707581959108143e-03,2.889671537520204468e-03,2.801707581959108143e-03,2.801707581959108143e-03,0.000000000000000000e+00,1.930270787511043995e-04,2.393103370708774599e-04,0.000000000000000000e+00,0.000000000000000000e+00,0.000000000000000000e+00,1.552253377595416706e-03,1.715221781822184530e-04,2.472441263838679598e-02,0.000000000000000000e+00,0.000000000000000000e+00,0.000000000000000000e+00,0.000000000000000000e+00,0.000000000000000000e+00,0.000000000000000000e+00,0.000000000000000000e+00,2.801707581959108143e-03,2.903315458551330649e-03,2.810925204611465066e-03,2.801707581959106408e-03,2.801707581959106408e-03,0.000000000000000000e+00,0.000000000000000000e+00,0.000000000000000000e+00,0.000000000000000000e+00,0.000000000000000000e+00,1.552253377595416706e-03,0.000000000000000000e+00,0.000000000000000000e+00,0.000000000000000000e+00,0.000000000000000000e+00,0.000000000000000000e+00,0.000000000000000000e+00,0.000000000000000000e+00,0.000000000000000000e+00,0.000000000000000000e+00,0.000000000000000000e+00,0.000000000000000000e+00,0.000000000000000000e+00,0.000000000000000000e+00,2.801707581959108143e-03,0.000000000000000000e+00,0.000000000000000000e+00,0.000000000000000000e+00,0.000000000000000000e+00,0.000000000000000000e+00,0.000000000000000000e+00,0.000000000000000000e+00,0.000000000000000000e+00,0.000000000000000000e+00,0.000000000000000000e+00,0.000000000000000000e+00,0.000000000000000000e+00,0.000000000000000000e+00,0.000000000000000000e+00,0.000000000000000000e+00,0.000000000000000000e+00,0.000000000000000000e+00,0.000000000000000000e+00,0.000000000000000000e+00,0.000000000000000000e+00,0.000000000000000000e+00,0.000000000000000000e+00,0.000000000000000000e+00,0.000000000000000000e+00,0.000000000000000000e+00,0.000000000000000000e+00,0.000000000000000000e+00,0.000000000000000000e+00,0.000000000000000000e+00,0.000000000000000000e+00,0.000000000000000000e+00,0.000000000000000000e+00,0.000000000000000000e+00,0.000000000000000000e+00,0.000000000000000000e+00,0.000000000000000000e+00,0.000000000000000000e+00,0.000000000000000000e+00,0.000000000000000000e+00,0.000000000000000000e+00,0.000000000000000000e+00,0.000000000000000000e+00,0.000000000000000000e+00,0.000000000000000000e+00,0.000000000000000000e+00,0.000000000000000000e+00,0.000000000000000000e+00,0.000000000000000000e+00,0.000000000000000000e+00,0.000000000000000000e+00,0.000000000000000000e+00
0.000000000000000000e+00,0.000000000000000000e+00,0.000000000000000000e+00,0.000000000000000000e+00,0.000000000000000000e+00,0.000000000000000000e+00,0.000000000000000000e+00,0.000000000000000000e+00,0.000000000000000000e+00,0.000000000000000000e+00,0.000000000000000000e+00,0.000000000000000000e+00,0.000000000000000000e+00,0.000000000000000000e+00,0.000000000000000000e+00,0.000000000000000000e+00,0.000000000000000000e+00,0.000000000000000000e+00,0.000000000000000000e+00,0.000000000000000000e+00,0.000000000000000000e+00,0.000000000000000000e+00,0.000000000000000000e+00,0.000000000000000000e+00,0.000000000000000000e+00,0.000000000000000000e+00,0.000000000000000000e+00,0.000000000000000000e+00,1.792054778098564215e-04,0.000000000000000000e+00,2.799687787997122879e-04,0.000000000000000000e+00,0.000000000000000000e+00,0.000000000000000000e+00,0.000000000000000000e+00,0.000000000000000000e+00,0.000000000000000000e+00,0.000000000000000000e+00,0.000000000000000000e+00,0.000000000000000000e+00,0.000000000000000000e+00,0.000000000000000000e+00,0.000000000000000000e+00,0.000000000000000000e+00,4.877046562389672090e-22,9.030553946663821417e-06,4.224961936911988817e-07,4.224961936916448975e-07,4.224961936916448975e-07,4.224961936915369008e-07,2.799687787997122879e-04,2.799687787997122879e-04,9.997588461625366366e-04,2.756841652138752939e-04,4.224961936914407625e-07,0.000000000000000000e+00,0.000000000000000000e+00,0.000000000000000000e+00,0.000000000000000000e+00,0.000000000000000000e+00,0.000000000000000000e+00,0.000000000000000000e+00,1.303022267363225994e-03,3.192503666726639848e-21,4.877046562389672090e-22,4.224961936917153600e-07,4.224961936912970316e-07,4.224961936912204281e-07,4.224961936911952818e-07,9.249698878109200090e-05,1.205859737541395893e-03,1.205859737541395893e-03,4.224961936913149782e-07,4.224961936912158753e-07,4.224961936914407625e-07,1.208235523497127976e-02,1.273493879741647780e-02,0.000000000000000000e+00,0.000000000000000000e+00,0.000000000000000000e+00,0.000000000000000000e+00,4.068223489975259085e-05,4.068223489975255697e-05,4.068223489975255697e-05,3.788828116154021171e-21,4.224961936911938524e-07,4.224961936911938524e-07,4.224961936911901467e-07,4.224961936913210133e-07,9.249698878109200090e-05,4.224961936913020080e-07,4.224961936916317155e-07,7.261275834243004299e-04,7.261275834243004299e-04,1.024325899956337466e-02,3.680262597544097219e-03,3.680262597544097219e-03,1.472884135594765276e-03,0.000000000000000000e+00,0.000000000000000000e+00,9.969366108507351140e-22,4.068223489975255697e-05,4.068223489975266539e-05,4.068223489975254342e-05,3.458725317068570216e-05,1.915396600031231516e-20,4.224961936911901467e-07,4.224961936919971573e-07,4.224961936914161457e-07,1.080078398539767128e-04,6.063051698464733824e-03,5.989756805914509333e-03,2.442017287167431994e-02,4.224961936915294893e-07,4.224961936911901467e-07,4.224961936911901467e-07,4.224961936911901467e-07,4.224961936911901467e-07,4.224961936913980403e-07,0.000000000000000000e+00,4.480277263270300278e-19,4.480277263270300278e-19,5.473749348572819332e-22,4.448397638546571722e-19,3.458725317068570216e-05,4.736957867428980128e-19,6.587322393335584211e-03,4.224961936919971573e-07,2.163673810851314550e-03,1.527168438917784511e-02,2.357548412839119423e-02,5.989756805914509333e-03,2.845952720212066231e-02,2.014116594195531577e-03,4.224961936911901467e-07,4.224961936912328160e-07,2.054021902589997593e-03,4.224961936911901467e-07,4.224961936911901467e-07,4.659353475618563606e-04,7.803052100941425439e-20,8.359424213673036014e-21,4.877046562389676792e-22,1.041542760595187099e-20,9.370182920480404638e-21,4.429764742415875402e-03,4.429764742415875402e-03,2.595996730988536089e-02,7.073533705354000806e-04,5.993300020467514505e-02,2.507361038714218081e-03,2.205224767212491180e-02,6.930654102697623477e-03,6.930654102697623477e-03,5.299147225747864631e-22,4.224961936911996758e-07,4.877046562389672090e-22,4.224961936911901467e-07,4.224961936911901467e-07,4.224961936911901467e-07,4.877046562389669268e-22,9.025335676190505429e-21,4.877046562389676792e-22,4.877046562389675851e-22,1.001819940045812191e-19,5.679310997369364502e-20,3.520215249974586970e-04,1.070635642758803636e-02,4.078689353959902980e-02,5.993300020467514505e-02,2.788281715109878350e-02,4.279224873061607519e-20,4.302278563447527500e-21,1.623071764858399036e-21,1.702490687660384429e-20,4.877046562389669268e-22,4.877046562389672090e-22,0.000000000000000000e+00,4.224961936912313337e-07,4.224961936911901467e-07,2.406364812015089152e-20,2.406364812015089152e-20,1.623071764858399036e-21,4.224836759733289824e-21,4.224836759733289824e-21,4.955179508358513733e-20,6.534940132464838944e-04,5.497319543305677347e-02,5.497319543305677347e-02,3.243331182487312753e-02,6.738736556668772473e-20,6.738736556668772473e-20,1.805736195262035689e-20,7.036315545921688733e-22,1.623071764858399036e-21,1.623071764858399036e-21,1.702490687660384429e-20,4.484207824741805939e-21,4.484207824741805939e-21,4.224961936914631560e-07,9.793460485480817920e-20,1.623071764858399036e-21,1.761864720390169720e-21,2.394360293805246405e-20,1.623071764858399036e-21,1.626250848795230780e-19,1.795051237676843769e-02,4.451566755762391414e-02,3.063768622056364105e-02,1.920890637188682861e-03,1.648747454582756566e-02,4.877046562389669268e-22,1.418730537380852592e-19,1.623071764858399036e-21,4.302278563447527500e-21,4.877046562389672090e-22,2.070554670859212872e-19,4.877046562389673030e-22,3.935423686844837692e-20,4.877046562389672090e-22,4.484207824741805939e-21,4.215633494504967566e-20,1.761864720390169720e-21,0.000000000000000000e+00,2.978736908240950387e-03,4.655128513681652141e-04,4.655128513681652141e-04,3.764765494060910711e-02,2.598575997944262833e-02,1.920890637188682861e-03,1.385822597055083426e-20,1.636674241556964326e-19,1.240278091409275080e-20,1.240278091409275080e-20,2.630807690565760681e-20,2.508717596283556861e-21,2.070554670859212872e-19,1.623071764858399036e-21,3.492337380542821803e-19,4.877046562389672090e-22,6.560182799692763010e-20,6.560182799692763010e-20,1.795915643871138405e-03,5.922975346860596263e-03,8.158461210525335544e-03,7.032821931307491059e-03,1.288017986392098234e-03,7.249550419159375013e-06,7.905248339160463874e-06,7.877927592499805900e-06,1.623071764858399036e-21,4.877046562389669268e-22,9.547700709104853125e-21,5.482569058238552583e-19,4.260884564034187433e-20,4.877046562389672090e-22,4.250109631040217814e-21,1.623071764858399036e-21,1.623071764858399036e-21,1.915396600031230613e-20,6.371057508941301401e-20,1.977675940206431292e-03,1.977675940206431726e-03,1.977675940206431726e-03,8.158461210525335544e-03,3.433234538955503776e-03,3.433261859702190031e-03,7.249550419159375013e-06,2.286858965095777286e-03,6.621173245828114104e-06,6.593852499143677374e-06,4.877046562389669268e-22,5.013950696149412662e-22,4.877046562389688076e-22,4.260884564034187433e-20,2.009753756916322828e-20,4.877046562389672090e-22,2.603344217582528693e-19,8.419519460227209203e-21,4.877046562389672090e-22,2.268288999330667424e-02,1.977675940206431292e-03,1.925811984491720627e-02,1.925811984491720627e-02,1.983641415532223611e-03,2.139227484888965407e-03,2.139227484888965407e-03,3.420141952358865078e-04,5.992796072470479977e-06,5.309777405788357765e-06,5.992796072472273993e-06,5.992796072472446788e-06,4.877046562389672090e-22,4.877046562389672090e-22,2.009753756916322828e-20,1.873440397100261115e-21,1.873440397100261115e-21,1.584090691657941835e-02,1.584090691657941835e-02,0.000000000000000000e+00,0.000000000000000000e+00,0.000000000000000000e+00,1.977675940206431292e-03,2.319061758268969615e-03,2.318406060348962659e-03,2.319034437522299839e-03,2.319007116775638304e-03,2.318406060348961358e-03,4.708720979112779358e-06,5.309777405788357765e-06,4.708720979115381443e-06,4.708720979114919810e-06,5.833276204603169562e-03,5.162894334384149265e-22,1.448964746249930841e-03,1.038727409535738351e-20,1.744526872935887873e-02,0.000000000000000000e+00,0.000000000000000000e+00,0.000000000000000000e+00,0.000000000000000000e+00,0.000000000000000000e+00,0.000000000000000000e+00,0.000000000000000000e+00,2.318406060348962659e-03,1.049528595064938216e-02,2.317750362428948763e-03,1.981701642518875119e-03,1.981701642518875119e-03,0.000000000000000000e+00,4.025702312443587950e-06,4.025702312443587950e-06,4.053023059101001788e-06,5.240233685486195107e-03,1.448964746249930841e-03,0.000000000000000000e+00,0.000000000000000000e+00,0.000000000000000000e+00,0.000000000000000000e+00,0.000000000000000000e+00,0.000000000000000000e+00,0.000000000000000000e+00,0.000000000000000000e+00,0.000000000000000000e+00,0.000000000000000000e+00,0.000000000000000000e+00,0.000000000000000000e+00,0.000000000000000000e+00,1.981127906838862744e-03,0.000000000000000000e+00,3.451966632430824063e-06,0.000000000000000000e+00,0.000000000000000000e+00,0.000000000000000000e+00,0.000000000000000000e+00,0.000000000000000000e+00,0.000000000000000000e+00,0.000000000000000000e+00,0.000000000000000000e+00,0.000000000000000000e+00,0.000000000000000000e+00,0.000000000000000000e+00,0.000000000000000000e+00,0.000000000000000000e+00,0.000000000000000000e+00,0.000000000000000000e+00,0.000000000000000000e+00,0.000000000000000000e+00,0.000000000000000000e+00,0.000000000000000000e+00,0.000000000000000000e+00,0.000000000000000000e+00,0.000000000000000000e+00,0.000000000000000000e+00,0.000000000000000000e+00,0.000000000000000000e+00,0.000000000000000000e+00,0.000000000000000000e+00,0.000000000000000000e+00,0.000000000000000000e+00,0.000000000000000000e+00,0.000000000000000000e+00,0.000000000000000000e+00,0.000000000000000000e+00,0.000000000000000000e+00,0.000000000000000000e+00,0.000000000000000000e+00,0.000000000000000000e+00,0.000000000000000000e+00,0.000000000000000000e+00,0.000000000000000000e+00,0.000000000000000000e+00,0.000000000000000000e+00,0.000000000000000000e+00,0.000000000000000000e+00,0.000000000000000000e+00,0.000000000000000000e+00,0.000000000000000000e+00,0.000000000000000000e+00,0.000000000000000000e+00
0.000000000000000000e+00,0.000000000000000000e+00,0.000000000000000000e+00,0.000000000000000000e+00,0.000000000000000000e+00,0.000000000000000000e+00,0.000000000000000000e+00,0.000000000000000000e+00,0.000000000000000000e+00,0.000000000000000000e+00,0.000000000000000000e+00,0.000000000000000000e+00,0.000000000000000000e+00,0.000000000000000000e+00,0.000000000000000000e+00,0.000000000000000000e+00,0.000000000000000000e+00,0.000000000000000000e+00,0.000000000000000000e+00,0.000000000000000000e+00,0.000000000000000000e+00,0.000000000000000000e+00,0.000000000000000000e+00,0.000000000000000000e+00,0.000000000000000000e+00,0.000000000000000000e+00,0.000000000000000000e+00,0.000000000000000000e+00,3.982343951330146012e-04,0.000000000000000000e+00,1.052694051247151773e-03,0.000000000000000000e+00,0.000000000000000000e+00,0.000000000000000000e+00,0.000000000000000000e+00,0.000000000000000000e+00,0.000000000000000000e+00,0.000000000000000000e+00,0.000000000000000000e+00,0.000000000000000000e+00,0.000000000000000000e+00,0.000000000000000000e+00,0.000000000000000000e+00,0.000000000000000000e+00,1.083788124975483606e-21,6.418327106871332243e-04,9.388804304248871567e-07,2.028040184515224873e-05,2.028040184515224873e-05,1.834245199945890384e-04,6.221528417771389355e-04,6.221528417771389355e-04,2.561390321200764097e-03,6.735752958078795351e-04,9.388804304254248109e-07,0.000000000000000000e+00,0.000000000000000000e+00,0.000000000000000000e+00,0.000000000000000000e+00,0.000000000000000000e+00,0.000000000000000000e+00,0.000000000000000000e+00,2.895605038584948051e-03,7.094452592725872848e-21,1.083788124975483606e-21,9.388804304260348863e-07,9.388804304251053736e-07,9.388804304249661425e-07,9.388804304248793216e-07,2.055488639579823899e-04,3.899538698287496538e-03,2.679688305647548886e-03,1.314913892334680775e-03,7.677617884143171732e-04,9.388804304254248109e-07,2.684967829993619923e-02,2.829986399425886770e-02,0.000000000000000000e+00,0.000000000000000000e+00,0.000000000000000000e+00,0.000000000000000000e+00,9.040496644389471711e-05,9.040496644389464935e-05,9.040496644389464935e-05,8.419618035897832681e-21,9.388804304248761453e-07,9.388804304248761453e-07,9.388804304248677808e-07,9.388804304251586308e-07,2.055488639579823899e-04,9.388804304251164909e-07,9.388804304258491744e-07,1.613616852054002449e-03,1.613616852054002449e-03,2.276279777680751890e-02,8.178361327875778922e-03,8.178361327875778922e-03,3.273075856877258674e-03,0.000000000000000000e+00,0.000000000000000000e+00,2.215414690779413162e-21,9.040496644389464935e-05,9.040496644389487974e-05,9.040496644389462225e-05,7.686056260152385937e-05,4.256436888958296070e-20,9.388804304248677808e-07,2.125831505577924913e-03,9.388804304253699655e-07,2.400174218977262303e-04,1.347344821881053291e-02,1.331057067981003192e-02,5.426705082594297791e-02,9.388804304256218519e-07,9.388804304248677808e-07,9.388804304248677808e-07,9.388804304248677808e-07,9.388804304248677808e-07,9.388804304253298373e-07,0.000000000000000000e+00,9.956171696156230115e-19,9.956171696156230115e-19,1.216388744127294292e-21,9.885328085659056403e-19,7.686056260152385937e-05,3.266769147492937556e-04,1.518367889663708309e-02,2.125831505577924913e-03,6.611067962196818843e-05,9.388804304258309632e-07,4.548963389248553146e-03,1.331057067981003192e-02,9.388804304248677808e-07,1.171933463673685170e-03,9.388804304248677808e-07,1.952805614504025684e-04,4.564493116866664979e-03,9.388804304248677808e-07,9.388804304248677808e-07,1.035411883470793021e-03,1.734011577986985196e-19,1.857649825260676041e-20,1.083788124975484735e-21,2.314539467989306705e-20,2.082262871217869603e-20,1.164175243537608935e-02,1.164175243537608935e-02,5.931905947241809113e-02,1.571896378967554096e-03,6.071549338273847171e-03,5.571913419364934658e-03,2.163096473182986824e-19,7.506728147613311007e-05,7.506728147613311007e-05,7.506728147613240534e-05,9.388804304248889566e-07,8.256771224965768767e-05,9.388804304248677808e-07,9.388804304248677808e-07,9.388804304248677808e-07,1.083788124975482854e-21,2.005630150264558534e-20,1.083788124975484735e-21,1.083788124975484546e-21,2.226266533435140343e-19,1.278378095822089709e-19,3.310255914973068026e-03,2.465543920659345883e-02,4.165499997300474433e-02,6.071549338273847171e-03,1.742384379697595014e-03,9.509388606803580556e-20,9.560619029883402635e-21,7.506728147613240534e-05,3.783312639245301674e-20,1.083788124975482854e-21,8.256771224965768767e-05,0.000000000000000000e+00,9.388804304249593663e-07,9.388804304248677808e-07,5.347477360033536263e-20,5.347477360033536263e-20,3.606826144129778811e-21,9.388526132740652077e-21,9.388526132740652077e-21,1.101151001857448406e-19,1.748893908094874099e-03,8.842093171744813684e-02,8.842093171744813684e-02,2.003374039188432140e-02,1.497497012593061753e-19,1.497497012593061753e-19,4.012747100582305075e-20,1.563625676871487827e-21,3.606826144129778811e-21,3.606826144129778811e-21,3.783312639245301674e-20,9.964906277204020888e-21,9.964906277204020888e-21,9.388804304254744682e-07,2.176324552329072842e-19,3.606826144129778811e-21,3.915254934200380918e-21,5.320800652900552784e-20,3.606826144129778811e-21,3.613890775100515520e-19,2.966771526533710027e-02,8.486089394994320023e-02,3.563737797661888779e-02,4.642942675856506773e-03,1.317875468829632937e-19,1.083788124975483042e-21,3.152734527513008381e-19,3.606826144129778811e-21,9.560619029883402635e-21,1.083788124975483606e-21,4.601232601909365576e-19,1.083788124975483982e-21,8.745385970766313071e-20,1.083788124975483606e-21,9.964906277204020888e-21,1.228187447036154943e-04,3.915254934200380918e-21,2.554179125258033718e-03,8.175029371515308424e-03,1.034473003040368034e-03,1.034473003040368034e-03,2.419012301170740675e-02,6.649658550890755020e-03,4.642942675856506773e-03,3.079605771233521265e-20,3.637053870126590921e-19,2.756173536465058007e-20,2.756173536465058007e-20,5.846239312368361883e-20,5.574927991741242652e-21,4.601232601909365576e-19,3.606826144129778811e-21,7.760749734539610105e-19,1.083788124975483606e-21,1.457818399931726504e-19,1.457818399931726504e-19,4.371050727120178760e-03,1.316216743746800345e-02,1.373507837848646565e-02,1.562849318068332619e-02,2.862262191982442930e-03,3.492228183369011705e-04,1.756721853146771519e-05,6.343850885229120962e-04,3.606826144129778811e-21,1.083788124975482854e-21,2.121711268689969133e-20,1.218348679608568225e-18,9.468632364520425078e-20,1.083788124975483606e-21,9.444688068978270669e-21,3.606826144129778811e-21,3.606826144129778811e-21,4.256436888958294265e-20,7.552444477296153943e-04,2.151556334400876113e-20,6.198167129813777469e-06,2.910638172779518549e-19,1.373507837848646565e-02,3.234574663886830102e-03,3.234635376657241015e-03,3.492228183369011705e-04,5.125362618705836190e-03,1.471371832406248840e-05,1.465300555365263069e-05,1.083788124975482854e-21,1.114211265810981615e-21,1.083788124975487180e-21,9.468632364520425078e-20,4.466119459814054206e-20,1.083788124975483606e-21,5.785209372405624346e-19,1.871004324494937084e-20,1.083788124975483606e-21,4.403971179132065532e-03,6.401396602311778835e-06,3.840738785151517898e-02,3.840738785151517898e-02,1.325661183509369042e-05,3.590034326278542139e-04,3.590034326278542139e-04,7.600315449686372623e-04,1.331732460548996680e-05,1.179950534619636169e-05,1.331732460549395294e-05,1.331732460549433918e-05,1.083788124975483606e-21,1.083788124975483606e-21,4.466119459814054206e-20,4.163200882445028962e-21,4.163200882445028962e-21,3.335203895090393069e-20,1.460287261761815714e-19,0.000000000000000000e+00,0.000000000000000000e+00,0.000000000000000000e+00,1.045739428007403131e-04,7.650365478523977504e-04,7.635794413634935116e-04,7.649758350820209897e-04,7.585137257093492154e-04,7.635794413634900421e-04,1.686522100034021232e-05,1.179950534619636169e-05,1.046382439803419077e-05,1.046382439803316417e-05,1.296283601022927591e-02,7.506728147613240534e-05,3.331582986584091799e-03,2.308283132301642752e-20,2.236432765146552322e-20,0.000000000000000000e+00,0.000000000000000000e+00,0.000000000000000000e+00,0.000000000000000000e+00,0.000000000000000000e+00,0.000000000000000000e+00,0.000000000000000000e+00,7.635794413634935116e-04,1.916718237562280852e-02,7.621223348745710582e-04,2.413607657018810573e-04,2.413607657018810573e-04,6.401396602311798317e-06,8.946005138763538566e-06,8.946005138763538566e-06,9.006717909113343330e-06,1.249835635361957326e-02,3.331582986584091799e-03,0.000000000000000000e+00,0.000000000000000000e+00,0.000000000000000000e+00,0.000000000000000000e+00,0.000000000000000000e+00,0.000000000000000000e+00,0.000000000000000000e+00,0.000000000000000000e+00,0.000000000000000000e+00,0.000000000000000000e+00,0.000000000000000000e+00,0.000000000000000000e+00,0.000000000000000000e+00,2.074264687914359299e-04,0.000000000000000000e+00,4.589825924646041551e-04,0.000000000000000000e+00,0.000000000000000000e+00,0.000000000000000000e+00,0.000000000000000000e+00,0.000000000000000000e+00,0.000000000000000000e+00,0.000000000000000000e+00,0.000000000000000000e+00,0.000000000000000000e+00,0.000000000000000000e+00,0.000000000000000000e+00,0.000000000000000000e+00,0.000000000000000000e+00,0.000000000000000000e+00,0.000000000000000000e+00,0.000000000000000000e+00,0.000000000000000000e+00,0.000000000000000000e+00,0.000000000000000000e+00,0.000000000000000000e+00,0.000000000000000000e+00,0.000000000000000000e+00,0.000000000000000000e+00,0.000000000000000000e+00,0.000000000000000000e+00,0.000000000000000000e+00,0.000000000000000000e+00,0.000000000000000000e+00,0.000000000000000000e+00,0.000000000000000000e+00,0.000000000000000000e+00,0.000000000000000000e+00,0.000000000000000000e+00,0.000000000000000000e+00,0.000000000000000000e+00,0.000000000000000000e+00,0.000000000000000000e+00,0.000000000000000000e+00,0.000000000000000000e+00,0.000000000000000000e+00,0.000000000000000000e+00,0.000000000000000000e+00,0.000000000000000000e+00,0.000000000000000000e+00,0.000000000000000000e+00,0.000000000000000000e+00,0.000000000000000000e+00,0.000000000000000000e+00,0.000000000000000000e+00
0.000000000000000000e+00,0.000000000000000000e+00,0.000000000000000000e+00,0.000000000000000000e+00,0.000000000000000000e+00,0.000000000000000000e+00,0.000000000000000000e+00,0.000000000000000000e+00,0.000000000000000000e+00,0.000000000000000000e+00,0.000000000000000000e+00,0.000000000000000000e+00,0.000000000000000000e+00,0.000000000000000000e+00,0.000000000000000000e+00,0.000000000000000000e+00,0.000000000000000000e+00,0.000000000000000000e+00,0.000000000000000000e+00,0.000000000000000000e+00,0.000000000000000000e+00,0.000000000000000000e+00,0.000000000000000000e+00,0.000000000000000000e+00,0.000000000000000000e+00,0.000000000000000000e+00,0.000000000000000000e+00,0.000000000000000000e+00,1.393820382965550698e-04,0.000000000000000000e+00,6.245330427202197554e-03,0.000000000000000000e+00,0.000000000000000000e+00,0.000000000000000000e+00,0.000000000000000000e+00,0.000000000000000000e+00,0.000000000000000000e+00,0.000000000000000000e+00,0.000000000000000000e+00,0.000000000000000000e+00,0.000000000000000000e+00,0.000000000000000000e+00,0.000000000000000000e+00,0.000000000000000000e+00,3.793258437414191493e-22,8.711731146571090670e-03,3.286081506487103884e-07,2.711099079568191138e-04,2.711099079568191138e-04,2.555127562048945065e-03,2.177534946219985786e-04,2.177534946219985786e-04,5.533446163213742025e-03,1.067634463156090768e-03,3.286081506488986415e-07,0.000000000000000000e+00,0.000000000000000000e+00,0.000000000000000000e+00,0.000000000000000000e+00,0.000000000000000000e+00,0.000000000000000000e+00,0.000000000000000000e+00,1.013461763504731449e-03,2.483058407454055346e-21,3.793258437414191493e-22,3.286081506491120938e-07,3.286081506487868331e-07,3.286081506491614334e-07,3.286081506487077414e-07,7.194210238529381613e-05,1.801579640393597206e-02,9.378909069766418281e-04,1.839597877481028571e-02,1.073584931992517533e-02,3.286081506488986415e-07,9.397387404977666087e-03,9.904952397990603868e-03,0.000000000000000000e+00,0.000000000000000000e+00,0.000000000000000000e+00,0.000000000000000000e+00,3.164173825536313676e-05,3.164173825536312321e-05,3.164173825536312321e-05,2.946866312564241363e-21,3.286081506487065767e-07,3.286081506487065767e-07,3.286081506487036121e-07,3.286081506488054678e-07,7.194210238529381613e-05,3.286081506487907506e-07,3.286081506490471899e-07,5.647658982189007922e-04,5.647658982189007922e-04,7.966979221882629358e-03,2.862426464756521842e-03,2.862426464756521842e-03,1.145576549907040189e-03,0.000000000000000000e+00,0.000000000000000000e+00,7.753951417727944373e-22,3.164173825536312321e-05,3.164173825536320452e-05,3.164173825536310965e-05,2.690119691053334197e-05,1.489752911135403294e-20,3.286081506487036121e-07,2.974882536021574916e-02,3.286081506488793715e-07,8.400609766420416569e-05,4.715706876583685911e-03,4.658699737933509957e-03,1.899346778908003741e-02,3.286081506489675688e-07,3.286081506487036121e-07,3.286081506487036121e-07,3.286081506487036121e-07,3.286081506487036121e-07,3.286081506488653954e-07,0.000000000000000000e+00,3.484660093654679385e-19,3.484660093654679385e-19,4.257360604445530118e-22,3.459864829980669356e-19,2.690119691053334197e-05,4.573476806490113337e-03,1.275605862173961186e-02,2.974882536021574916e-02,2.313873786768886595e-05,3.286081506490407312e-07,1.592137186236993254e-03,4.658699737933509957e-03,3.286081506487036121e-07,1.639425277355634550e-02,3.286081506487036121e-07,2.721112142430344352e-03,1.597572590903332569e-03,3.286081506487036121e-07,3.286081506487036121e-07,3.623941592147774705e-04,6.069040522954448428e-20,6.501774388412364186e-21,3.793258437414196195e-22,8.100888137962571512e-21,7.287920049262543461e-21,2.861500357531700581e-02,2.861500357531700581e-02,4.301449088066337800e-02,5.501637326386437602e-04,2.125042268395846076e-03,1.950169696777726957e-03,7.570837656140452679e-20,1.050941940665857388e-03,1.050941940665857388e-03,1.050941940665857171e-03,3.286081506487110237e-07,1.155947971495211368e-03,3.286081506487036121e-07,3.286081506487036121e-07,3.286081506487036121e-07,3.793258437414189612e-22,7.019705525925955020e-21,3.793258437414196195e-22,3.793258437414195254e-22,7.791932867022991200e-20,6.700499828221680005e-20,3.566559655136680718e-02,2.041667058880437813e-02,4.650893763313278251e-02,2.125042268395846076e-03,6.098345328941581246e-04,3.328286012381252833e-20,3.346216660459190396e-21,1.050941940665857171e-03,1.324159423735855526e-20,3.793258437414189612e-22,1.155947971495211368e-03,0.000000000000000000e+00,3.286081506487356935e-07,3.286081506487036121e-07,1.871617076011737512e-20,1.871617076011737512e-20,1.262389150445422057e-21,3.285984146459227926e-21,3.285984146459227926e-21,3.854028506501069179e-20,4.661862978184889983e-03,7.049284379832038150e-02,7.049284379832038150e-02,7.011809137159511970e-03,5.241239544075715535e-20,5.241239544075715535e-20,1.404461485203806806e-20,5.472689869050206736e-22,1.262389150445422057e-21,1.262389150445422057e-21,1.324159423735855526e-20,3.487717197021405957e-21,3.487717197021405957e-21,3.286081506489160056e-07,7.617135933151753022e-20,1.262389150445422057e-21,1.370339226970133133e-21,1.862280228515193354e-20,1.262389150445422057e-21,1.264861771285179950e-19,2.714467191740269764e-02,4.797377383310642146e-02,6.970020420566985786e-02,6.734181467267673013e-03,4.612564140903715161e-20,3.793258437414190552e-22,1.103457084629552524e-19,1.262389150445422057e-21,3.346216660459190396e-21,3.793258437414191493e-22,1.610431410668277855e-19,3.793258437414193374e-22,3.060885089768208431e-20,3.793258437414191493e-22,3.487717197021405957e-21,1.719462425850620986e-03,1.370339226970133133e-21,3.575850775361259087e-02,2.409539165123881013e-02,3.620655510641287468e-04,3.620655510641287468e-04,8.466543054097590976e-03,2.327380492811764040e-03,6.734181467267673013e-03,1.077862019931732322e-20,1.272968854544306871e-19,9.646607377627700919e-21,9.646607377627700919e-21,2.046183759328926478e-20,1.951224797109434702e-21,1.610431410668277855e-19,1.262389150445422057e-21,2.716262407088862526e-19,3.793258437414191493e-22,5.102364399761042043e-20,5.102364399761042043e-20,6.718602315591275936e-03,4.606758603113800948e-03,4.807277432470263151e-03,5.469972613239162604e-03,1.001791767193855025e-03,4.669216427335464228e-03,6.148526486013700148e-06,8.642427435681636003e-03,1.262389150445422057e-21,3.793258437414189612e-22,7.425989440414889107e-21,4.264220378629988017e-19,3.314021327582148055e-20,3.793258437414191493e-22,3.305640824142394809e-21,1.262389150445422057e-21,1.262389150445422057e-21,1.489752911135402692e-20,1.057342226821464913e-02,7.530447170403064288e-21,8.677433981738718065e-05,1.018723360472831348e-19,4.807277432470263151e-03,1.132101132360390384e-03,1.132122381830034333e-03,4.669216427335464228e-03,2.387021387309727714e-03,5.149801413421869160e-06,5.128551943778420912e-06,3.793258437414189612e-22,3.899739430338434996e-22,3.793258437414205599e-22,3.314021327582148055e-20,1.563141810934918491e-20,3.793258437414191493e-22,2.024823280341968473e-19,6.548515135732277837e-21,3.793258437414191493e-22,2.509066685363524687e-02,8.961955243236518999e-05,1.352996481165186921e-02,1.352996481165186921e-02,4.639814142282791139e-06,1.256512014197489423e-04,1.256512014197489423e-04,2.660110407390229659e-04,4.661063611921487533e-06,4.129826871168726000e-06,4.661063611922881749e-06,4.661063611923018968e-06,3.793258437414191493e-22,3.793258437414191493e-22,1.563141810934918491e-20,1.457120308855760024e-21,1.457120308855760024e-21,1.167321363281637273e-20,5.111005416166354157e-20,0.000000000000000000e+00,0.000000000000000000e+00,0.000000000000000000e+00,1.464035199210369370e-03,3.551418553698952011e-04,3.546318680987792216e-04,3.551206059002639365e-04,2.654798039982721441e-04,3.546318680987777037e-04,9.328189097167548336e-05,4.129826871168726000e-06,3.662338539311965415e-06,3.662338539311607120e-06,4.536992603580244920e-03,1.050941940665857171e-03,2.690231175929353510e-03,8.078990963055748578e-21,7.827514678012931471e-21,0.000000000000000000e+00,0.000000000000000000e+00,0.000000000000000000e+00,0.000000000000000000e+00,0.000000000000000000e+00,0.000000000000000000e+00,0.000000000000000000e+00,3.546318680987792216e-04,9.973049608616234990e-03,3.541218808276560322e-04,3.256937749682187102e-03,3.256937749682187102e-03,8.961955243236546104e-05,3.131101798567237990e-06,3.131101798567237990e-06,3.152351268189669657e-06,1.602323382425932183e-02,2.690231175929353510e-03,0.000000000000000000e+00,0.000000000000000000e+00,0.000000000000000000e+00,0.000000000000000000e+00,0.000000000000000000e+00,0.000000000000000000e+00,0.000000000000000000e+00,0.000000000000000000e+00,0.000000000000000000e+00,0.000000000000000000e+00,0.000000000000000000e+00,0.000000000000000000e+00,0.000000000000000000e+00,2.799260908563030829e-03,0.000000000000000000e+00,6.321046639987410592e-03,0.000000000000000000e+00,0.000000000000000000e+00,0.000000000000000000e+00,0.000000000000000000e+00,0.000000000000000000e+00,0.000000000000000000e+00,0.000000000000000000e+00,0.000000000000000000e+00,0.000000000000000000e+00,0.000000000000000000e+00,0.000000000000000000e+00,0.000000000000000000e+00,0.000000000000000000e+00,0.000000000000000000e+00,0.000000000000000000e+00,0.000000000000000000e+00,0.000000000000000000e+00,0.000000000000000000e+00,0.000000000000000000e+00,0.000000000000000000e+00,0.000000000000000000e+00,0.000000000000000000e+00,0.000000000000000000e+00,0.000000000000000000e+00,0.000000000000000000e+00,0.000000000000000000e+00,0.000000000000000000e+00,0.000000000000000000e+00,0.000000000000000000e+00,0.000000000000000000e+00,0.000000000000000000e+00,0.000000000000000000e+00,0.000000000000000000e+00,0.000000000000000000e+00,0.000000000000000000e+00,0.000000000000000000e+00,0.000000000000000000e+00,0.000000000000000000e+00,0.000000000000000000e+00,0.000000000000000000e+00,0.000000000000000000e+00,0.000000000000000000e+00,0.000000000000000000e+00,0.000000000000000000e+00,0.000000000000000000e+00,0.000000000000000000e+00,0.000000000000000000e+00,0.000000000000000000e+00,0.000000000000000000e+00
0.000000000000000000e+00,0.000000000000000000e+00,0.000000000000000000e+00,0.000000000000000000e+00,0.000000000000000000e+00,0.000000000000000000e+00,0.000000000000000000e+00,0.000000000000000000e+00,0.000000000000000000e+00,0.000000000000000000e+00,0.000000000000000000e+00,0.000000000000000000e+00,0.000000000000000000e+00,0.000000000000000000e+00,0.000000000000000000e+00,0.000000000000000000e+00,0.000000000000000000e+00,0.000000000000000000e+00,0.000000000000000000e+00,0.000000000000000000e+00,0.000000000000000000e+00,0.000000000000000000e+00,0.000000000000000000e+00,0.000000000000000000e+00,0.000000000000000000e+00,0.000000000000000000e+00,0.000000000000000000e+00,0.000000000000000000e+00,2.906015906713868883e-04,0.000000000000000000e+00,6.458118142050210675e-03,0.000000000000000000e+00,0.000000000000000000e+00,0.000000000000000000e+00,0.000000000000000000e+00,0.000000000000000000e+00,0.000000000000000000e+00,0.000000000000000000e+00,0.000000000000000000e+00,0.000000000000000000e+00,0.000000000000000000e+00,0.000000000000000000e+00,0.000000000000000000e+00,0.000000000000000000e+00,2.503279835138623546e-20,9.326472195418232525e-03,0.000000000000000000e+00,2.901228212208963779e-04,2.901228212208963779e-04,2.737284593462459281e-03,2.906015906713868883e-04,2.906015906713868883e-04,5.095559945926894478e-03,9.141572633223436078e-04,0.000000000000000000e+00,0.000000000000000000e+00,0.000000000000000000e+00,0.000000000000000000e+00,0.000000000000000000e+00,0.000000000000000000e+00,0.000000000000000000e+00,0.000000000000000000e+00,0.000000000000000000e+00,0.000000000000000000e+00,2.503279835138623546e-20,0.000000000000000000e+00,0.000000000000000000e+00,4.652192621942137780e-19,0.000000000000000000e+00,0.000000000000000000e+00,1.829775588959927854e-02,4.171664751415466582e-03,1.970962517856389429e-02,1.150234361975841814e-02,0.000000000000000000e+00,0.000000000000000000e+00,0.000000000000000000e+00,0.000000000000000000e+00,0.000000000000000000e+00,0.000000000000000000e+00,0.000000000000000000e+00,0.000000000000000000e+00,0.000000000000000000e+00,0.000000000000000000e+00,0.000000000000000000e+00,0.000000000000000000e+00,0.000000000000000000e+00,0.000000000000000000e+00,1.774032225824182961e-03,0.000000000000000000e+00,3.718813451625281104e-20,1.569558152112711380e-02,1.701727038615042905e-03,1.701727038615042905e-03,0.000000000000000000e+00,0.000000000000000000e+00,0.000000000000000000e+00,0.000000000000000000e+00,0.000000000000000000e+00,0.000000000000000000e+00,0.000000000000000000e+00,0.000000000000000000e+00,0.000000000000000000e+00,0.000000000000000000e+00,0.000000000000000000e+00,0.000000000000000000e+00,0.000000000000000000e+00,3.187338937721259646e-02,0.000000000000000000e+00,5.240645143483703590e-03,4.883966522887119889e-03,0.000000000000000000e+00,0.000000000000000000e+00,0.000000000000000000e+00,0.000000000000000000e+00,0.000000000000000000e+00,0.000000000000000000e+00,0.000000000000000000e+00,0.000000000000000000e+00,0.000000000000000000e+00,0.000000000000000000e+00,0.000000000000000000e+00,0.000000000000000000e+00,0.000000000000000000e+00,0.000000000000000000e+00,4.900153721239405846e-03,8.177770338369926700e-03,3.187338937721259646e-02,0.000000000000000000e+00,2.128295258144057012e-03,5.629154353799618871e-03,0.000000000000000000e+00,0.000000000000000000e+00,1.756491874864895761e-02,0.000000000000000000e+00,2.915125215299673236e-03,0.000000000000000000e+00,0.000000000000000000e+00,0.000000000000000000e+00,0.000000000000000000e+00,0.000000000000000000e+00,0.000000000000000000e+00,0.000000000000000000e+00,0.000000000000000000e+00,0.000000000000000000e+00,2.696746178344545941e-02,2.696746178344545941e-02,2.445364842342531708e-02,6.513215820039173869e-03,8.714683616755741075e-03,7.053875324155120530e-03,0.000000000000000000e+00,1.126009222141989563e-03,1.126009222141989563e-03,1.126009222141989563e-03,0.000000000000000000e+00,1.238515683744868812e-03,0.000000000000000000e+00,0.000000000000000000e+00,0.000000000000000000e+00,0.000000000000000000e+00,0.000000000000000000e+00,0.000000000000000000e+00,0.000000000000000000e+00,0.000000000000000000e+00,2.446347794334467945e-20,3.791978789134749922e-02,1.295304051263369838e-02,6.967017295144886657e-02,8.714683616755741075e-03,0.000000000000000000e+00,0.000000000000000000e+00,0.000000000000000000e+00,1.126009222141989563e-03,1.854560844393821897e-03,0.000000000000000000e+00,1.238515683744868812e-03,0.000000000000000000e+00,0.000000000000000000e+00,0.000000000000000000e+00,0.000000000000000000e+00,0.000000000000000000e+00,0.000000000000000000e+00,0.000000000000000000e+00,0.000000000000000000e+00,0.000000000000000000e+00,4.869968644089487167e-03,6.900600376998511365e-02,6.900600376998511365e-02,2.966938118777659450e-02,0.000000000000000000e+00,0.000000000000000000e+00,0.000000000000000000e+00,0.000000000000000000e+00,0.000000000000000000e+00,0.000000000000000000e+00,0.000000000000000000e+00,0.000000000000000000e+00,0.000000000000000000e+00,0.000000000000000000e+00,0.000000000000000000e+00,0.000000000000000000e+00,0.000000000000000000e+00,0.000000000000000000e+00,0.000000000000000000e+00,7.478983017495732105e-03,1.841865008190627512e-02,2.007962741827066383e-02,9.230531552078635738e-02,5.614452231558125783e-03,2.581331595619084859e-02,0.000000000000000000e+00,0.000000000000000000e+00,0.000000000000000000e+00,0.000000000000000000e+00,0.000000000000000000e+00,0.000000000000000000e+00,0.000000000000000000e+00,0.000000000000000000e+00,0.000000000000000000e+00,0.000000000000000000e+00,1.842281170554236399e-03,0.000000000000000000e+00,4.453552801908752801e-02,2.333421029803126046e-02,0.000000000000000000e+00,0.000000000000000000e+00,6.340971957968828546e-04,2.016210683444723609e-03,5.614452231558125783e-03,2.906015906713869425e-04,0.000000000000000000e+00,0.000000000000000000e+00,0.000000000000000000e+00,0.000000000000000000e+00,0.000000000000000000e+00,0.000000000000000000e+00,0.000000000000000000e+00,0.000000000000000000e+00,0.000000000000000000e+00,0.000000000000000000e+00,0.000000000000000000e+00,1.020171362426294456e-02,0.000000000000000000e+00,0.000000000000000000e+00,0.000000000000000000e+00,0.000000000000000000e+00,4.996690594414886916e-03,0.000000000000000000e+00,9.253178741427049020e-03,0.000000000000000000e+00,5.056831919671111964e-04,0.000000000000000000e+00,0.000000000000000000e+00,0.000000000000000000e+00,0.000000000000000000e+00,0.000000000000000000e+00,0.000000000000000000e+00,0.000000000000000000e+00,0.000000000000000000e+00,1.364733729210130912e-02,0.000000000000000000e+00,9.297250694720034063e-05,0.000000000000000000e+00,0.000000000000000000e+00,0.000000000000000000e+00,0.000000000000000000e+00,4.996690594414886916e-03,6.518071107282257578e-04,0.000000000000000000e+00,0.000000000000000000e+00,5.056831919671111964e-04,0.000000000000000000e+00,0.000000000000000000e+00,0.000000000000000000e+00,0.000000000000000000e+00,0.000000000000000000e+00,0.000000000000000000e+00,0.000000000000000000e+00,0.000000000000000000e+00,2.587832630872418868e-02,9.602094903467696797e-05,9.602094903467708995e-05,9.602094903467708995e-05,0.000000000000000000e+00,0.000000000000000000e+00,0.000000000000000000e+00,0.000000000000000000e+00,0.000000000000000000e+00,0.000000000000000000e+00,0.000000000000000000e+00,0.000000000000000000e+00,0.000000000000000000e+00,0.000000000000000000e+00,0.000000000000000000e+00,0.000000000000000000e+00,0.000000000000000000e+00,4.063263367567038068e-05,4.063263367567036713e-05,0.000000000000000000e+00,0.000000000000000000e+00,0.000000000000000000e+00,1.620366640116153046e-03,9.602094903467696797e-05,9.602094903467741521e-05,9.602094903467757784e-05,0.000000000000000000e+00,3.057069107451289552e-03,9.602094903467736100e-05,0.000000000000000000e+00,0.000000000000000000e+00,0.000000000000000000e+00,0.000000000000000000e+00,1.126009222141989563e-03,4.376317279560851259e-03,4.063263367567036713e-05,4.063263367567050265e-05,0.000000000000000000e+00,0.000000000000000000e+00,0.000000000000000000e+00,0.000000000000000000e+00,0.000000000000000000e+00,0.000000000000000000e+00,0.000000000000000000e+00,9.602094903467741521e-05,3.587401952910166184e-03,9.602094903467706284e-05,3.486221408446734185e-03,3.486221408446734185e-03,9.602094903467725258e-05,0.000000000000000000e+00,0.000000000000000000e+00,0.000000000000000000e+00,1.544412428791976793e-02,4.376317279560851259e-03,0.000000000000000000e+00,0.000000000000000000e+00,0.000000000000000000e+00,0.000000000000000000e+00,0.000000000000000000e+00,0.000000000000000000e+00,0.000000000000000000e+00,0.000000000000000000e+00,0.000000000000000000e+00,0.000000000000000000e+00,0.000000000000000000e+00,0.000000000000000000e+00,0.000000000000000000e+00,3.230601681068716660e-03,0.000000000000000000e+00,6.769673332554721965e-03,0.000000000000000000e+00,0.000000000000000000e+00,0.000000000000000000e+00,0.000000000000000000e+00,0.000000000000000000e+00,0.000000000000000000e+00,0.000000000000000000e+00,0.000000000000000000e+00,0.000000000000000000e+00,0.000000000000000000e+00,0.000000000000000000e+00,0.000000000000000000e+00,0.000000000000000000e+00,0.000000000000000000e+00,0.000000000000000000e+00,0.000000000000000000e+00,0.000000000000000000e+00,0.000000000000000000e+00,0.000000000000000000e+00,0.000000000000000000e+00,0.000000000000000000e+00,0.000000000000000000e+00,0.000000000000000000e+00,0.000000000000000000e+00,0.000000000000000000e+00,0.000000000000000000e+00,0.000000000000000000e+00,0.000000000000000000e+00,0.000000000000000000e+00,0.000000000000000000e+00,0.000000000000000000e+00,0.000000000000000000e+00,0.000000000000000000e+00,0.000000000000000000e+00,0.000000000000000000e+00,0.000000000000000000e+00,0.000000000000000000e+00,0.000000000000000000e+00,0.000000000000000000e+00,0.000000000000000000e+00,0.000000000000000000e+00,0.000000000000000000e+00,0.000000000000000000e+00,0.000000000000000000e+00,0.000000000000000000e+00,0.000000000000000000e+00,0.000000000000000000e+00,0.000000000000000000e+00,0.000000000000000000e+00
0.000000000000000000e+00,0.000000000000000000e+00,0.000000000000000000e+00,0.000000000000000000e+00,0.000000000000000000e+00,0.000000000000000000e+00,0.000000000000000000e+00,0.000000000000000000e+00,0.000000000000000000e+00,0.000000000000000000e+00,0.000000000000000000e+00,0.000000000000000000e+00,0.000000000000000000e+00,0.000000000000000000e+00,0.000000000000000000e+00,0.000000000000000000e+00,0.000000000000000000e+00,0.000000000000000000e+00,0.000000000000000000e+00,0.000000000000000000e+00,0.000000000000000000e+00,0.000000000000000000e+00,0.000000000000000000e+00,0.000000000000000000e+00,0.000000000000000000e+00,0.000000000000000000e+00,0.000000000000000000e+00,0.000000000000000000e+00,9.202383704593915508e-04,0.000000000000000000e+00,8.610824189400241579e-04,0.000000000000000000e+00,0.000000000000000000e+00,0.000000000000000000e+00,0.000000000000000000e+00,0.000000000000000000e+00,0.000000000000000000e+00,0.000000000000000000e+00,0.000000000000000000e+00,0.000000000000000000e+00,0.000000000000000000e+00,0.000000000000000000e+00,0.000000000000000000e+00,0.000000000000000000e+00,7.927052811272306090e-20,1.243529626055761214e-03,0.000000000000000000e+00,3.868304282945273474e-05,3.868304282945273474e-05,3.649712791283267477e-04,9.202383704593915508e-04,9.202383704593915508e-04,6.794079927902509780e-04,1.218876351096454241e-04,0.000000000000000000e+00,0.000000000000000000e+00,0.000000000000000000e+00,0.000000000000000000e+00,0.000000000000000000e+00,0.000000000000000000e+00,0.000000000000000000e+00,0.000000000000000000e+00,0.000000000000000000e+00,0.000000000000000000e+00,7.927052811272306090e-20,0.000000000000000000e+00,0.000000000000000000e+00,6.202923495922833682e-20,0.000000000000000000e+00,0.000000000000000000e+00,2.439700785279896172e-03,1.321027171281564071e-02,2.627950023808511143e-03,1.533645815967783071e-03,0.000000000000000000e+00,0.000000000000000000e+00,0.000000000000000000e+00,0.000000000000000000e+00,0.000000000000000000e+00,0.000000000000000000e+00,0.000000000000000000e+00,0.000000000000000000e+00,0.000000000000000000e+00,0.000000000000000000e+00,0.000000000000000000e+00,0.000000000000000000e+00,0.000000000000000000e+00,0.000000000000000000e+00,5.617768715109911805e-03,0.000000000000000000e+00,1.177624259681338796e-19,4.970267481690252009e-02,5.388802288947634744e-03,5.388802288947634744e-03,0.000000000000000000e+00,0.000000000000000000e+00,0.000000000000000000e+00,0.000000000000000000e+00,0.000000000000000000e+00,0.000000000000000000e+00,0.000000000000000000e+00,0.000000000000000000e+00,0.000000000000000000e+00,0.000000000000000000e+00,0.000000000000000000e+00,0.000000000000000000e+00,0.000000000000000000e+00,4.249785250295005923e-03,0.000000000000000000e+00,1.659537628769839138e-02,1.546589398914254183e-02,0.000000000000000000e+00,0.000000000000000000e+00,0.000000000000000000e+00,0.000000000000000000e+00,0.000000000000000000e+00,0.000000000000000000e+00,0.000000000000000000e+00,0.000000000000000000e+00,0.000000000000000000e+00,0.000000000000000000e+00,0.000000000000000000e+00,0.000000000000000000e+00,0.000000000000000000e+00,0.000000000000000000e+00,6.533538294985858849e-04,1.090369378449319512e-03,4.249785250295005923e-03,0.000000000000000000e+00,6.739601650789512136e-03,1.782565545369878962e-02,0.000000000000000000e+00,0.000000000000000000e+00,2.341989166486521667e-03,0.000000000000000000e+00,3.886833620399552172e-04,0.000000000000000000e+00,0.000000000000000000e+00,0.000000000000000000e+00,0.000000000000000000e+00,0.000000000000000000e+00,0.000000000000000000e+00,0.000000000000000000e+00,0.000000000000000000e+00,0.000000000000000000e+00,3.595661571126049227e-03,3.595661571126049227e-03,3.260486456456698767e-03,2.062518343012404581e-02,2.759649811972650704e-02,2.233727185982454372e-02,0.000000000000000000e+00,1.501345629522647836e-04,1.501345629522647836e-04,1.501345629522647836e-04,0.000000000000000000e+00,1.651354244993153211e-04,0.000000000000000000e+00,0.000000000000000000e+00,0.000000000000000000e+00,0.000000000000000000e+00,0.000000000000000000e+00,0.000000000000000000e+00,0.000000000000000000e+00,0.000000000000000000e+00,3.261797059112613494e-21,5.055971718846322127e-03,1.727072068351154233e-03,1.141899222043176870e-01,2.759649811972650704e-02,0.000000000000000000e+00,0.000000000000000000e+00,0.000000000000000000e+00,1.501345629522647836e-04,5.872776007247101915e-03,0.000000000000000000e+00,1.651354244993153211e-04,0.000000000000000000e+00,0.000000000000000000e+00,0.000000000000000000e+00,0.000000000000000000e+00,0.000000000000000000e+00,0.000000000000000000e+00,0.000000000000000000e+00,0.000000000000000000e+00,0.000000000000000000e+00,1.922400338444429924e-03,8.670061961424108121e-02,8.670061961424108121e-02,9.395304042795919741e-02,0.000000000000000000e+00,0.000000000000000000e+00,0.000000000000000000e+00,0.000000000000000000e+00,0.000000000000000000e+00,0.000000000000000000e+00,0.000000000000000000e+00,0.000000000000000000e+00,0.000000000000000000e+00,0.000000000000000000e+00,0.000000000000000000e+00,0.000000000000000000e+00,0.000000000000000000e+00,0.000000000000000000e+00,0.000000000000000000e+00,2.368344622206981429e-02,2.455820010920831131e-03,2.677283655769413517e-03,1.015430927696459595e-01,7.485936308744139955e-04,8.174216719460433711e-02,0.000000000000000000e+00,0.000000000000000000e+00,0.000000000000000000e+00,0.000000000000000000e+00,0.000000000000000000e+00,0.000000000000000000e+00,0.000000000000000000e+00,0.000000000000000000e+00,0.000000000000000000e+00,0.000000000000000000e+00,2.456374894072308260e-04,0.000000000000000000e+00,2.481402186120294437e-02,3.111228039737491680e-03,0.000000000000000000e+00,0.000000000000000000e+00,2.007974453356795291e-03,6.384667164241623893e-03,7.485936308744139955e-04,9.202383704593917677e-04,0.000000000000000000e+00,0.000000000000000000e+00,0.000000000000000000e+00,0.000000000000000000e+00,0.000000000000000000e+00,0.000000000000000000e+00,0.000000000000000000e+00,0.000000000000000000e+00,0.000000000000000000e+00,0.000000000000000000e+00,0.000000000000000000e+00,1.500964460650194843e-02,0.000000000000000000e+00,0.000000000000000000e+00,0.000000000000000000e+00,0.000000000000000000e+00,6.662254125886493336e-04,0.000000000000000000e+00,1.233757165523603760e-03,0.000000000000000000e+00,1.601330107895851959e-03,0.000000000000000000e+00,0.000000000000000000e+00,0.000000000000000000e+00,0.000000000000000000e+00,0.000000000000000000e+00,0.000000000000000000e+00,0.000000000000000000e+00,0.000000000000000000e+00,8.852945719956536313e-03,0.000000000000000000e+00,1.239633425962667233e-05,0.000000000000000000e+00,0.000000000000000000e+00,0.000000000000000000e+00,0.000000000000000000e+00,6.662254125886493336e-04,8.690761476376322476e-05,0.000000000000000000e+00,0.000000000000000000e+00,1.601330107895851959e-03,0.000000000000000000e+00,0.000000000000000000e+00,0.000000000000000000e+00,0.000000000000000000e+00,0.000000000000000000e+00,0.000000000000000000e+00,0.000000000000000000e+00,0.000000000000000000e+00,3.450443507829879797e-03,1.280279320462355598e-05,1.280279320462358308e-05,1.280279320462358308e-05,0.000000000000000000e+00,0.000000000000000000e+00,0.000000000000000000e+00,0.000000000000000000e+00,0.000000000000000000e+00,0.000000000000000000e+00,0.000000000000000000e+00,0.000000000000000000e+00,0.000000000000000000e+00,0.000000000000000000e+00,0.000000000000000000e+00,0.000000000000000000e+00,0.000000000000000000e+00,1.286700066396228518e-04,1.286700066396227976e-04,0.000000000000000000e+00,0.000000000000000000e+00,0.000000000000000000e+00,3.730466296007850600e-04,1.280279320462355598e-05,1.280279320462362374e-05,1.280279320462363729e-05,0.000000000000000000e+00,9.389455294857226852e-03,1.280279320462359663e-05,0.000000000000000000e+00,0.000000000000000000e+00,0.000000000000000000e+00,0.000000000000000000e+00,1.501345629522647836e-04,8.777747616526290764e-03,1.286700066396227976e-04,1.286700066396232313e-04,0.000000000000000000e+00,0.000000000000000000e+00,0.000000000000000000e+00,0.000000000000000000e+00,0.000000000000000000e+00,0.000000000000000000e+00,0.000000000000000000e+00,1.280279320462362374e-05,4.783202603880210013e-04,1.280279320462356953e-05,4.648295211262297791e-04,4.648295211262297791e-04,1.280279320462358308e-05,0.000000000000000000e+00,0.000000000000000000e+00,0.000000000000000000e+00,1.007702991010436464e-02,8.777747616526290764e-03,0.000000000000000000e+00,0.000000000000000000e+00,0.000000000000000000e+00,0.000000000000000000e+00,0.000000000000000000e+00,0.000000000000000000e+00,0.000000000000000000e+00,0.000000000000000000e+00,0.000000000000000000e+00,0.000000000000000000e+00,0.000000000000000000e+00,0.000000000000000000e+00,0.000000000000000000e+00,1.141366508430844296e-03,0.000000000000000000e+00,9.026231110072936020e-04,0.000000000000000000e+00,0.000000000000000000e+00,0.000000000000000000e+00,0.000000000000000000e+00,0.000000000000000000e+00,0.000000000000000000e+00,0.000000000000000000e+00,0.000000000000000000e+00,0.000000000000000000e+00,0.000000000000000000e+00,0.000000000000000000e+00,0.000000000000000000e+00,0.000000000000000000e+00,0.000000000000000000e+00,0.000000000000000000e+00,0.000000000000000000e+00,0.000000000000000000e+00,0.000000000000000000e+00,0.000000000000000000e+00,0.000000000000000000e+00,0.000000000000000000e+00,0.000000000000000000e+00,0.000000000000000000e+00,0.000000000000000000e+00,0.000000000000000000e+00,0.000000000000000000e+00,0.000000000000000000e+00,0.000000000000000000e+00,0.000000000000000000e+00,0.000000000000000000e+00,0.000000000000000000e+00,0.000000000000000000e+00,0.000000000000000000e+00,0.000000000000000000e+00,0.000000000000000000e+00,0.000000000000000000e+00,0.000000000000000000e+00,0.000000000000000000e+00,0.000000000000000000e+00,0.000000000000000000e+00,0.000000000000000000e+00,0.000000000000000000e+00,0.000000000000000000e+00,0.000000000000000000e+00,0.000000000000000000e+00,0.000000000000000000e+00,0.000000000000000000e+00,0.000000000000000000e+00,0.000000000000000000e+00
0.000000000000000000e+00,0.000000000000000000e+00,0.000000000000000000e+00,0.000000000000000000e+00,0.000000000000000000e+00,0.000000000000000000e+00,0.000000000000000000e+00,0.000000000000000000e+00,0.000000000000000000e+00,0.000000000000000000e+00,0.000000000000000000e+00,0.000000000000000000e+00,0.000000000000000000e+00,0.000000000000000000e+00,0.000000000000000000e+00,0.000000000000000000e+00,0.000000000000000000e+00,0.000000000000000000e+00,0.000000000000000000e+00,0.000000000000000000e+00,0.000000000000000000e+00,0.000000000000000000e+00,0.000000000000000000e+00,0.000000000000000000e+00,0.000000000000000000e+00,0.000000000000000000e+00,0.000000000000000000e+00,0.000000000000000000e+00,4.843359844523112455e-04,0.000000000000000000e+00,0.000000000000000000e+00,0.000000000000000000e+00,0.000000000000000000e+00,0.000000000000000000e+00,0.000000000000000000e+00,0.000000000000000000e+00,0.000000000000000000e+00,0.000000000000000000e+00,0.000000000000000000e+00,0.000000000000000000e+00,0.000000000000000000e+00,0.000000000000000000e+00,0.000000000000000000e+00,0.000000000000000000e+00,4.172133058564370771e-20,0.000000000000000000e+00,0.000000000000000000e+00,0.000000000000000000e+00,0.000000000000000000e+00,0.000000000000000000e+00,4.843359844523112455e-04,4.843359844523112455e-04,0.000000000000000000e+00,0.000000000000000000e+00,1.442441855872494006e-03,0.000000000000000000e+00,0.000000000000000000e+00,0.000000000000000000e+00,0.000000000000000000e+00,0.000000000000000000e+00,0.000000000000000000e+00,0.000000000000000000e+00,0.000000000000000000e+00,0.000000000000000000e+00,4.172133058564370771e-20,0.000000000000000000e+00,0.000000000000000000e+00,0.000000000000000000e+00,0.000000000000000000e+00,0.000000000000000000e+00,0.000000000000000000e+00,6.952774585692442569e-03,0.000000000000000000e+00,0.000000000000000000e+00,1.442441855872494006e-03,0.000000000000000000e+00,0.000000000000000000e+00,0.000000000000000000e+00,0.000000000000000000e+00,0.000000000000000000e+00,0.000000000000000000e+00,0.000000000000000000e+00,0.000000000000000000e+00,0.000000000000000000e+00,0.000000000000000000e+00,0.000000000000000000e+00,0.000000000000000000e+00,0.000000000000000000e+00,2.956720376373637472e-03,0.000000000000000000e+00,6.198022419375466902e-20,2.615930253521185286e-02,2.836211731025071580e-03,2.836211731025071580e-03,0.000000000000000000e+00,0.000000000000000000e+00,0.000000000000000000e+00,0.000000000000000000e+00,0.000000000000000000e+00,0.000000000000000000e+00,0.000000000000000000e+00,0.000000000000000000e+00,0.000000000000000000e+00,0.000000000000000000e+00,0.000000000000000000e+00,0.000000000000000000e+00,0.000000000000000000e+00,0.000000000000000000e+00,0.000000000000000000e+00,8.734408572472837293e-03,8.139944204811863301e-03,0.000000000000000000e+00,0.000000000000000000e+00,0.000000000000000000e+00,0.000000000000000000e+00,0.000000000000000000e+00,0.000000000000000000e+00,0.000000000000000000e+00,0.000000000000000000e+00,0.000000000000000000e+00,0.000000000000000000e+00,0.000000000000000000e+00,0.000000000000000000e+00,0.000000000000000000e+00,0.000000000000000000e+00,0.000000000000000000e+00,0.000000000000000000e+00,0.000000000000000000e+00,0.000000000000000000e+00,3.547158763573427485e-03,9.381923922999363050e-03,0.000000000000000000e+00,1.750332711534073257e-02,0.000000000000000000e+00,0.000000000000000000e+00,0.000000000000000000e+00,0.000000000000000000e+00,0.000000000000000000e+00,0.000000000000000000e+00,0.000000000000000000e+00,0.000000000000000000e+00,0.000000000000000000e+00,0.000000000000000000e+00,0.000000000000000000e+00,0.000000000000000000e+00,0.000000000000000000e+00,0.000000000000000000e+00,0.000000000000000000e+00,1.085535970006528544e-02,5.162411560429946977e-02,1.175645887359186466e-02,0.000000000000000000e+00,1.426469106463383769e-02,1.426469106463383769e-02,0.000000000000000000e+00,0.000000000000000000e+00,0.000000000000000000e+00,0.000000000000000000e+00,0.000000000000000000e+00,0.000000000000000000e+00,0.000000000000000000e+00,0.000000000000000000e+00,0.000000000000000000e+00,0.000000000000000000e+00,0.000000000000000000e+00,0.000000000000000000e+00,0.000000000000000000e+00,0.000000000000000000e+00,1.201066579622323410e-01,5.162411560429946977e-02,2.490558787527072035e-02,0.000000000000000000e+00,2.536934153011303691e-02,0.000000000000000000e+00,3.090934740656368744e-03,0.000000000000000000e+00,0.000000000000000000e+00,0.000000000000000000e+00,0.000000000000000000e+00,0.000000000000000000e+00,0.000000000000000000e+00,0.000000000000000000e+00,0.000000000000000000e+00,0.000000000000000000e+00,0.000000000000000000e+00,0.000000000000000000e+00,6.994896625819592125e-04,1.182958751517586976e-01,1.182958751517586976e-01,7.243610889672774666e-02,0.000000000000000000e+00,0.000000000000000000e+00,0.000000000000000000e+00,0.000000000000000000e+00,0.000000000000000000e+00,0.000000000000000000e+00,0.000000000000000000e+00,0.000000000000000000e+00,0.000000000000000000e+00,0.000000000000000000e+00,0.000000000000000000e+00,0.000000000000000000e+00,2.536934153011303691e-02,0.000000000000000000e+00,0.000000000000000000e+00,1.246497169582621613e-02,4.606505382338149657e-02,1.324457251876524910e-02,5.246032007490947918e-02,0.000000000000000000e+00,4.302219326031807289e-02,6.850491156483253420e-19,0.000000000000000000e+00,0.000000000000000000e+00,0.000000000000000000e+00,0.000000000000000000e+00,0.000000000000000000e+00,0.000000000000000000e+00,0.000000000000000000e+00,0.000000000000000000e+00,0.000000000000000000e+00,2.956890591688737108e-02,2.536934153011303691e-02,1.037140190036151162e-02,0.000000000000000000e+00,0.000000000000000000e+00,0.000000000000000000e+00,1.056828659661470955e-03,3.360351139074538914e-03,0.000000000000000000e+00,4.843359844523113539e-04,0.000000000000000000e+00,0.000000000000000000e+00,0.000000000000000000e+00,0.000000000000000000e+00,0.000000000000000000e+00,0.000000000000000000e+00,0.000000000000000000e+00,0.000000000000000000e+00,0.000000000000000000e+00,0.000000000000000000e+00,0.000000000000000000e+00,7.499679188608181571e-03,0.000000000000000000e+00,0.000000000000000000e+00,0.000000000000000000e+00,0.000000000000000000e+00,0.000000000000000000e+00,0.000000000000000000e+00,0.000000000000000000e+00,0.000000000000000000e+00,8.428053199451851106e-04,0.000000000000000000e+00,0.000000000000000000e+00,0.000000000000000000e+00,0.000000000000000000e+00,0.000000000000000000e+00,0.000000000000000000e+00,0.000000000000000000e+00,0.000000000000000000e+00,3.864450960261740092e-03,0.000000000000000000e+00,4.447595565647078419e-19,0.000000000000000000e+00,0.000000000000000000e+00,0.000000000000000000e+00,0.000000000000000000e+00,0.000000000000000000e+00,0.000000000000000000e+00,0.000000000000000000e+00,0.000000000000000000e+00,8.428053199451851106e-04,0.000000000000000000e+00,0.000000000000000000e+00,0.000000000000000000e+00,0.000000000000000000e+00,0.000000000000000000e+00,0.000000000000000000e+00,0.000000000000000000e+00,0.000000000000000000e+00,0.000000000000000000e+00,0.000000000000000000e+00,0.000000000000000000e+00,0.000000000000000000e+00,2.728130642979203352e-02,0.000000000000000000e+00,0.000000000000000000e+00,0.000000000000000000e+00,0.000000000000000000e+00,0.000000000000000000e+00,0.000000000000000000e+00,0.000000000000000000e+00,0.000000000000000000e+00,0.000000000000000000e+00,0.000000000000000000e+00,0.000000000000000000e+00,0.000000000000000000e+00,6.772105612611728758e-05,6.772105612611724692e-05,0.000000000000000000e+00,0.000000000000000000e+00,0.000000000000000000e+00,8.626249684173948457e-05,0.000000000000000000e+00,0.000000000000000000e+00,0.000000000000000000e+00,0.000000000000000000e+00,4.935080264027685674e-03,0.000000000000000000e+00,0.000000000000000000e+00,0.000000000000000000e+00,0.000000000000000000e+00,0.000000000000000000e+00,0.000000000000000000e+00,4.502328926328669038e-03,6.772105612611724692e-05,6.772105612611747732e-05,0.000000000000000000e+00,0.000000000000000000e+00,0.000000000000000000e+00,0.000000000000000000e+00,0.000000000000000000e+00,0.000000000000000000e+00,0.000000000000000000e+00,0.000000000000000000e+00,0.000000000000000000e+00,0.000000000000000000e+00,0.000000000000000000e+00,0.000000000000000000e+00,0.000000000000000000e+00,0.000000000000000000e+00,0.000000000000000000e+00,0.000000000000000000e+00,4.405391944165787908e-03,4.502328926328669038e-03,0.000000000000000000e+00,0.000000000000000000e+00,0.000000000000000000e+00,0.000000000000000000e+00,0.000000000000000000e+00,0.000000000000000000e+00,0.000000000000000000e+00,0.000000000000000000e+00,0.000000000000000000e+00,0.000000000000000000e+00,0.000000000000000000e+00,0.000000000000000000e+00,0.000000000000000000e+00,3.904503393525730914e-04,0.000000000000000000e+00,1.324457251876524910e-02,0.000000000000000000e+00,0.000000000000000000e+00,0.000000000000000000e+00,0.000000000000000000e+00,0.000000000000000000e+00,0.000000000000000000e+00,0.000000000000000000e+00,0.000000000000000000e+00,0.000000000000000000e+00,0.000000000000000000e+00,0.000000000000000000e+00,0.000000000000000000e+00,0.000000000000000000e+00,0.000000000000000000e+00,0.000000000000000000e+00,0.000000000000000000e+00,0.000000000000000000e+00,0.000000000000000000e+00,0.000000000000000000e+00,0.000000000000000000e+00,0.000000000000000000e+00,0.000000000000000000e+00,0.000000000000000000e+00,0.000000000000000000e+00,0.000000000000000000e+00,0.000000000000000000e+00,0.000000000000000000e+00,0.000000000000000000e+00,0.000000000000000000e+00,0.000000000000000000e+00,0.000000000000000000e+00,0.000000000000000000e+00,0.000000000000000000e+00,0.000000000000000000e+00,0.000000000000000000e+00,0.000000000000000000e+00,0.000000000000000000e+00,0.000000000000000000e+00,0.000000000000000000e+00,0.000000000000000000e+00,0.000000000000000000e+00,0.000000000000000000e+00,0.000000000000000000e+00,0.000000000000000000e+00,0.000000000000000000e+00,0.000000000000000000e+00,0.000000000000000000e+00,0.000000000000000000e+00,0.000000000000000000e+00
0.000000000000000000e+00,0.000000000000000000e+00,0.000000000000000000e+00,0.000000000000000000e+00,0.000000000000000000e+00,0.000000000000000000e+00,0.000000000000000000e+00,0.000000000000000000e+00,0.000000000000000000e+00,0.000000000000000000e+00,0.000000000000000000e+00,0.000000000000000000e+00,0.000000000000000000e+00,0.000000000000000000e+00,0.000000000000000000e+00,0.000000000000000000e+00,0.000000000000000000e+00,0.000000000000000000e+00,0.000000000000000000e+00,0.000000000000000000e+00,0.000000000000000000e+00,0.000000000000000000e+00,0.000000000000000000e+00,0.000000000000000000e+00,0.000000000000000000e+00,0.000000000000000000e+00,0.000000000000000000e+00,0.000000000000000000e+00,0.000000000000000000e+00,0.000000000000000000e+00,0.000000000000000000e+00,0.000000000000000000e+00,0.000000000000000000e+00,0.000000000000000000e+00,0.000000000000000000e+00,0.000000000000000000e+00,0.000000000000000000e+00,0.000000000000000000e+00,0.000000000000000000e+00,0.000000000000000000e+00,0.000000000000000000e+00,0.000000000000000000e+00,0.000000000000000000e+00,0.000000000000000000e+00,0.000000000000000000e+00,1.724596631024851085e-04,5.172804144112242163e-05,0.000000000000000000e+00,0.000000000000000000e+00,2.100831161594135695e-03,0.000000000000000000e+00,0.000000000000000000e+00,0.000000000000000000e+00,0.000000000000000000e+00,2.360359400518628921e-03,0.000000000000000000e+00,0.000000000000000000e+00,0.000000000000000000e+00,0.000000000000000000e+00,0.000000000000000000e+00,0.000000000000000000e+00,0.000000000000000000e+00,0.000000000000000000e+00,0.000000000000000000e+00,0.000000000000000000e+00,0.000000000000000000e+00,0.000000000000000000e+00,0.000000000000000000e+00,0.000000000000000000e+00,0.000000000000000000e+00,0.000000000000000000e+00,0.000000000000000000e+00,0.000000000000000000e+00,0.000000000000000000e+00,2.360359400518628921e-03,0.000000000000000000e+00,0.000000000000000000e+00,0.000000000000000000e+00,0.000000000000000000e+00,0.000000000000000000e+00,0.000000000000000000e+00,0.000000000000000000e+00,0.000000000000000000e+00,0.000000000000000000e+00,0.000000000000000000e+00,0.000000000000000000e+00,0.000000000000000000e+00,0.000000000000000000e+00,0.000000000000000000e+00,0.000000000000000000e+00,0.000000000000000000e+00,0.000000000000000000e+00,9.964350773066557957e-19,9.964350773066557957e-19,0.000000000000000000e+00,0.000000000000000000e+00,0.000000000000000000e+00,0.000000000000000000e+00,0.000000000000000000e+00,0.000000000000000000e+00,0.000000000000000000e+00,0.000000000000000000e+00,0.000000000000000000e+00,0.000000000000000000e+00,0.000000000000000000e+00,0.000000000000000000e+00,0.000000000000000000e+00,0.000000000000000000e+00,0.000000000000000000e+00,0.000000000000000000e+00,0.000000000000000000e+00,0.000000000000000000e+00,0.000000000000000000e+00,0.000000000000000000e+00,6.331101311567824252e-22,0.000000000000000000e+00,0.000000000000000000e+00,0.000000000000000000e+00,1.521905342674706419e-04,0.000000000000000000e+00,0.000000000000000000e+00,0.000000000000000000e+00,0.000000000000000000e+00,0.000000000000000000e+00,0.000000000000000000e+00,0.000000000000000000e+00,0.000000000000000000e+00,0.000000000000000000e+00,2.846838589417238839e-04,8.138876452077583234e-04,0.000000000000000000e+00,0.000000000000000000e+00,3.364365427716069223e-02,0.000000000000000000e+00,6.331101311567824252e-22,0.000000000000000000e+00,0.000000000000000000e+00,0.000000000000000000e+00,0.000000000000000000e+00,7.099191058758132884e-05,0.000000000000000000e+00,0.000000000000000000e+00,0.000000000000000000e+00,0.000000000000000000e+00,0.000000000000000000e+00,0.000000000000000000e+00,0.000000000000000000e+00,0.000000000000000000e+00,0.000000000000000000e+00,6.070850657951989970e-02,6.918199146708306838e-03,0.000000000000000000e+00,2.334222174212811918e-02,2.334222174212811918e-02,0.000000000000000000e+00,7.164377605251363553e-04,5.172804144112234031e-05,0.000000000000000000e+00,0.000000000000000000e+00,5.172804144112234031e-05,0.000000000000000000e+00,0.000000000000000000e+00,0.000000000000000000e+00,0.000000000000000000e+00,0.000000000000000000e+00,0.000000000000000000e+00,0.000000000000000000e+00,0.000000000000000000e+00,1.164728480911973868e-01,6.070850657951989970e-02,5.688575731907030697e-02,0.000000000000000000e+00,4.151346795836682868e-02,0.000000000000000000e+00,0.000000000000000000e+00,0.000000000000000000e+00,5.172804144112234031e-05,5.172804144112234031e-05,5.172804144112234031e-05,5.172804144112234031e-05,0.000000000000000000e+00,0.000000000000000000e+00,0.000000000000000000e+00,0.000000000000000000e+00,0.000000000000000000e+00,1.601529348225965235e-04,0.000000000000000000e+00,1.409056610120251185e-01,1.409056610120251185e-01,5.670371009448226668e-02,8.104917165090234563e-03,8.104917165090234563e-03,0.000000000000000000e+00,0.000000000000000000e+00,0.000000000000000000e+00,0.000000000000000000e+00,0.000000000000000000e+00,0.000000000000000000e+00,0.000000000000000000e+00,1.595598653203460051e-19,0.000000000000000000e+00,0.000000000000000000e+00,4.151346795836682868e-02,0.000000000000000000e+00,0.000000000000000000e+00,7.048340662764086178e-04,7.608401304999165560e-02,2.548052183612623672e-02,1.484456695076680384e-02,0.000000000000000000e+00,8.225187642587776515e-03,1.120989461969987939e-18,0.000000000000000000e+00,0.000000000000000000e+00,0.000000000000000000e+00,0.000000000000000000e+00,0.000000000000000000e+00,0.000000000000000000e+00,0.000000000000000000e+00,0.000000000000000000e+00,0.000000000000000000e+00,4.838548240945210466e-02,4.151346795836682868e-02,0.000000000000000000e+00,0.000000000000000000e+00,7.048340662764082925e-04,7.048340662764082925e-04,0.000000000000000000e+00,0.000000000000000000e+00,0.000000000000000000e+00,0.000000000000000000e+00,0.000000000000000000e+00,0.000000000000000000e+00,0.000000000000000000e+00,0.000000000000000000e+00,0.000000000000000000e+00,0.000000000000000000e+00,0.000000000000000000e+00,0.000000000000000000e+00,0.000000000000000000e+00,0.000000000000000000e+00,0.000000000000000000e+00,0.000000000000000000e+00,1.311150574344584771e-03,2.349421611387309406e-04,0.000000000000000000e+00,3.384772795162427090e-03,0.000000000000000000e+00,0.000000000000000000e+00,0.000000000000000000e+00,0.000000000000000000e+00,0.000000000000000000e+00,0.000000000000000000e+00,0.000000000000000000e+00,0.000000000000000000e+00,0.000000000000000000e+00,0.000000000000000000e+00,0.000000000000000000e+00,0.000000000000000000e+00,0.000000000000000000e+00,0.000000000000000000e+00,0.000000000000000000e+00,7.277883652877044679e-19,0.000000000000000000e+00,2.349421611387309406e-04,7.202265791343924646e-03,0.000000000000000000e+00,0.000000000000000000e+00,0.000000000000000000e+00,0.000000000000000000e+00,0.000000000000000000e+00,0.000000000000000000e+00,0.000000000000000000e+00,0.000000000000000000e+00,0.000000000000000000e+00,0.000000000000000000e+00,0.000000000000000000e+00,0.000000000000000000e+00,1.283450867496777794e-05,2.129708648603211788e-04,1.683567402095919674e-03,0.000000000000000000e+00,0.000000000000000000e+00,0.000000000000000000e+00,4.464213779420519307e-02,0.000000000000000000e+00,0.000000000000000000e+00,0.000000000000000000e+00,0.000000000000000000e+00,0.000000000000000000e+00,0.000000000000000000e+00,0.000000000000000000e+00,0.000000000000000000e+00,0.000000000000000000e+00,0.000000000000000000e+00,0.000000000000000000e+00,0.000000000000000000e+00,0.000000000000000000e+00,7.651477242334898954e-04,0.000000000000000000e+00,0.000000000000000000e+00,0.000000000000000000e+00,7.434529182757750055e-19,0.000000000000000000e+00,0.000000000000000000e+00,0.000000000000000000e+00,0.000000000000000000e+00,0.000000000000000000e+00,0.000000000000000000e+00,0.000000000000000000e+00,0.000000000000000000e+00,0.000000000000000000e+00,0.000000000000000000e+00,0.000000000000000000e+00,0.000000000000000000e+00,0.000000000000000000e+00,0.000000000000000000e+00,0.000000000000000000e+00,0.000000000000000000e+00,0.000000000000000000e+00,0.000000000000000000e+00,0.000000000000000000e+00,0.000000000000000000e+00,0.000000000000000000e+00,0.000000000000000000e+00,0.000000000000000000e+00,0.000000000000000000e+00,0.000000000000000000e+00,0.000000000000000000e+00,0.000000000000000000e+00,0.000000000000000000e+00,0.000000000000000000e+00,0.000000000000000000e+00,4.965924629146949848e-03,0.000000000000000000e+00,0.000000000000000000e+00,0.000000000000000000e+00,0.000000000000000000e+00,0.000000000000000000e+00,0.000000000000000000e+00,0.000000000000000000e+00,0.000000000000000000e+00,0.000000000000000000e+00,0.000000000000000000e+00,0.000000000000000000e+00,0.000000000000000000e+00,0.000000000000000000e+00,0.000000000000000000e+00,0.000000000000000000e+00,0.000000000000000000e+00,2.514343980835114650e-02,0.000000000000000000e+00,0.000000000000000000e+00,0.000000000000000000e+00,0.000000000000000000e+00,0.000000000000000000e+00,0.000000000000000000e+00,0.000000000000000000e+00,0.000000000000000000e+00,0.000000000000000000e+00,0.000000000000000000e+00,0.000000000000000000e+00,0.000000000000000000e+00,0.000000000000000000e+00,0.000000000000000000e+00,0.000000000000000000e+00,0.000000000000000000e+00,0.000000000000000000e+00,0.000000000000000000e+00,0.000000000000000000e+00,0.000000000000000000e+00,0.000000000000000000e+00,0.000000000000000000e+00,0.000000000000000000e+00,0.000000000000000000e+00,0.000000000000000000e+00,0.000000000000000000e+00,0.000000000000000000e+00,0.000000000000000000e+00,0.000000000000000000e+00,0.000000000000000000e+00,0.000000000000000000e+00,0.000000000000000000e+00,0.000000000000000000e+00,0.000000000000000000e+00,0.000000000000000000e+00,0.000000000000000000e+00,0.000000000000000000e+00,0.000000000000000000e+00,0.000000000000000000e+00,0.000000000000000000e+00,0.000000000000000000e+00,0.000000000000000000e+00,0.000000000000000000e+00,0.000000000000000000e+00,0.000000000000000000e+00,0.000000000000000000e+00,0.000000000000000000e+00,0.000000000000000000e+00,0.000000000000000000e+00
0.000000000000000000e+00,0.000000000000000000e+00,0.000000000000000000e+00,0.000000000000000000e+00,0.000000000000000000e+00,0.000000000000000000e+00,0.000000000000000000e+00,0.000000000000000000e+00,0.000000000000000000e+00,0.000000000000000000e+00,0.000000000000000000e+00,0.000000000000000000e+00,0.000000000000000000e+00,0.000000000000000000e+00,0.000000000000000000e+00,0.000000000000000000e+00,0.000000000000000000e+00,0.000000000000000000e+00,0.000000000000000000e+00,0.000000000000000000e+00,0.000000000000000000e+00,0.000000000000000000e+00,0.000000000000000000e+00,0.000000000000000000e+00,0.000000000000000000e+00,0.000000000000000000e+00,0.000000000000000000e+00,0.000000000000000000e+00,0.000000000000000000e+00,0.000000000000000000e+00,0.000000000000000000e+00,0.000000000000000000e+00,0.000000000000000000e+00,0.000000000000000000e+00,0.000000000000000000e+00,0.000000000000000000e+00,0.000000000000000000e+00,0.000000000000000000e+00,0.000000000000000000e+00,0.000000000000000000e+00,0.000000000000000000e+00,0.000000000000000000e+00,0.000000000000000000e+00,0.000000000000000000e+00,0.000000000000000000e+00,9.197848698799232893e-04,2.758828876859870257e-04,0.000000000000000000e+00,0.000000000000000000e+00,1.120443286183542449e-02,0.000000000000000000e+00,0.000000000000000000e+00,0.000000000000000000e+00,0.000000000000000000e+00,6.556553890329553692e-04,0.000000000000000000e+00,0.000000000000000000e+00,0.000000000000000000e+00,0.000000000000000000e+00,0.000000000000000000e+00,0.000000000000000000e+00,0.000000000000000000e+00,0.000000000000000000e+00,0.000000000000000000e+00,0.000000000000000000e+00,0.000000000000000000e+00,0.000000000000000000e+00,0.000000000000000000e+00,0.000000000000000000e+00,0.000000000000000000e+00,0.000000000000000000e+00,0.000000000000000000e+00,0.000000000000000000e+00,0.000000000000000000e+00,6.556553890329553692e-04,0.000000000000000000e+00,0.000000000000000000e+00,0.000000000000000000e+00,0.000000000000000000e+00,0.000000000000000000e+00,0.000000000000000000e+00,0.000000000000000000e+00,0.000000000000000000e+00,0.000000000000000000e+00,0.000000000000000000e+00,0.000000000000000000e+00,0.000000000000000000e+00,0.000000000000000000e+00,0.000000000000000000e+00,0.000000000000000000e+00,0.000000000000000000e+00,0.000000000000000000e+00,2.767875214740721564e-19,2.767875214740721564e-19,0.000000000000000000e+00,0.000000000000000000e+00,0.000000000000000000e+00,0.000000000000000000e+00,0.000000000000000000e+00,0.000000000000000000e+00,0.000000000000000000e+00,0.000000000000000000e+00,0.000000000000000000e+00,0.000000000000000000e+00,0.000000000000000000e+00,0.000000000000000000e+00,0.000000000000000000e+00,0.000000000000000000e+00,0.000000000000000000e+00,0.000000000000000000e+00,0.000000000000000000e+00,0.000000000000000000e+00,0.000000000000000000e+00,0.000000000000000000e+00,3.376587366169515923e-21,0.000000000000000000e+00,0.000000000000000000e+00,0.000000000000000000e+00,8.116828494265124032e-04,0.000000000000000000e+00,0.000000000000000000e+00,0.000000000000000000e+00,0.000000000000000000e+00,0.000000000000000000e+00,0.000000000000000000e+00,0.000000000000000000e+00,0.000000000000000000e+00,0.000000000000000000e+00,1.518313914355865196e-03,4.340734107774723780e-03,0.000000000000000000e+00,0.000000000000000000e+00,3.463257122097759821e-02,0.000000000000000000e+00,3.376587366169515923e-21,0.000000000000000000e+00,0.000000000000000000e+00,0.000000000000000000e+00,0.000000000000000000e+00,3.786235231337681533e-04,0.000000000000000000e+00,0.000000000000000000e+00,0.000000000000000000e+00,0.000000000000000000e+00,0.000000000000000000e+00,0.000000000000000000e+00,0.000000000000000000e+00,0.000000000000000000e+00,0.000000000000000000e+00,1.686347404986670434e-02,3.689706211577774286e-02,0.000000000000000000e+00,6.483950483924503377e-03,6.483950483924503377e-03,0.000000000000000000e+00,3.821001389467405026e-03,2.758828876859866462e-04,0.000000000000000000e+00,0.000000000000000000e+00,2.758828876859866462e-04,0.000000000000000000e+00,0.000000000000000000e+00,0.000000000000000000e+00,0.000000000000000000e+00,0.000000000000000000e+00,0.000000000000000000e+00,0.000000000000000000e+00,0.000000000000000000e+00,1.043996518781812599e-01,1.686347404986670434e-02,9.735356964265060031e-02,0.000000000000000000e+00,1.153151887732416919e-02,0.000000000000000000e+00,0.000000000000000000e+00,0.000000000000000000e+00,2.758828876859866462e-04,2.758828876859866462e-04,2.758828876859866462e-04,2.758828876859866462e-04,0.000000000000000000e+00,0.000000000000000000e+00,0.000000000000000000e+00,0.000000000000000000e+00,0.000000000000000000e+00,8.541489857205172495e-04,0.000000000000000000e+00,1.251392511643256988e-01,1.251392511643256988e-01,1.122534450988047217e-01,4.322622488048137590e-02,4.322622488048137590e-02,0.000000000000000000e+00,0.000000000000000000e+00,0.000000000000000000e+00,0.000000000000000000e+00,0.000000000000000000e+00,0.000000000000000000e+00,0.000000000000000000e+00,8.509859483751812295e-19,0.000000000000000000e+00,0.000000000000000000e+00,1.153151887732416919e-02,0.000000000000000000e+00,0.000000000000000000e+00,3.759115020140856803e-03,2.469777584895073430e-02,2.632738016773648881e-02,5.079800023987401936e-02,0.000000000000000000e+00,4.386766742713493761e-02,3.113859616583313204e-19,0.000000000000000000e+00,0.000000000000000000e+00,0.000000000000000000e+00,0.000000000000000000e+00,0.000000000000000000e+00,0.000000000000000000e+00,0.000000000000000000e+00,0.000000000000000000e+00,0.000000000000000000e+00,1.344041178040341483e-02,1.153151887732416919e-02,0.000000000000000000e+00,0.000000000000000000e+00,3.759115020140855502e-03,3.759115020140855502e-03,0.000000000000000000e+00,0.000000000000000000e+00,0.000000000000000000e+00,0.000000000000000000e+00,0.000000000000000000e+00,0.000000000000000000e+00,0.000000000000000000e+00,0.000000000000000000e+00,0.000000000000000000e+00,0.000000000000000000e+00,0.000000000000000000e+00,0.000000000000000000e+00,0.000000000000000000e+00,0.000000000000000000e+00,0.000000000000000000e+00,0.000000000000000000e+00,6.992803063171139019e-03,1.253024859406568631e-03,0.000000000000000000e+00,1.805212157419966434e-02,0.000000000000000000e+00,0.000000000000000000e+00,0.000000000000000000e+00,0.000000000000000000e+00,0.000000000000000000e+00,0.000000000000000000e+00,0.000000000000000000e+00,0.000000000000000000e+00,0.000000000000000000e+00,0.000000000000000000e+00,0.000000000000000000e+00,0.000000000000000000e+00,0.000000000000000000e+00,0.000000000000000000e+00,0.000000000000000000e+00,2.021634348021409699e-19,0.000000000000000000e+00,1.253024859406568631e-03,3.841208422050104015e-02,0.000000000000000000e+00,0.000000000000000000e+00,0.000000000000000000e+00,0.000000000000000000e+00,0.000000000000000000e+00,0.000000000000000000e+00,0.000000000000000000e+00,0.000000000000000000e+00,0.000000000000000000e+00,0.000000000000000000e+00,0.000000000000000000e+00,0.000000000000000000e+00,6.845071293316168110e-05,1.135844612588382801e-03,8.979026144511598195e-03,0.000000000000000000e+00,0.000000000000000000e+00,0.000000000000000000e+00,1.240059383172371910e-02,0.000000000000000000e+00,0.000000000000000000e+00,0.000000000000000000e+00,0.000000000000000000e+00,0.000000000000000000e+00,0.000000000000000000e+00,0.000000000000000000e+00,0.000000000000000000e+00,0.000000000000000000e+00,0.000000000000000000e+00,0.000000000000000000e+00,0.000000000000000000e+00,0.000000000000000000e+00,4.080787862578624629e-03,0.000000000000000000e+00,0.000000000000000000e+00,0.000000000000000000e+00,2.065146995210494633e-19,0.000000000000000000e+00,0.000000000000000000e+00,0.000000000000000000e+00,0.000000000000000000e+00,0.000000000000000000e+00,0.000000000000000000e+00,0.000000000000000000e+00,0.000000000000000000e+00,0.000000000000000000e+00,0.000000000000000000e+00,0.000000000000000000e+00,0.000000000000000000e+00,0.000000000000000000e+00,0.000000000000000000e+00,0.000000000000000000e+00,0.000000000000000000e+00,0.000000000000000000e+00,0.000000000000000000e+00,0.000000000000000000e+00,0.000000000000000000e+00,0.000000000000000000e+00,0.000000000000000000e+00,0.000000000000000000e+00,0.000000000000000000e+00,0.000000000000000000e+00,0.000000000000000000e+00,0.000000000000000000e+00,0.000000000000000000e+00,0.000000000000000000e+00,0.000000000000000000e+00,2.648493135545046395e-02,0.000000000000000000e+00,0.000000000000000000e+00,0.000000000000000000e+00,0.000000000000000000e+00,0.000000000000000000e+00,0.000000000000000000e+00,0.000000000000000000e+00,0.000000000000000000e+00,0.000000000000000000e+00,0.000000000000000000e+00,0.000000000000000000e+00,0.000000000000000000e+00,0.000000000000000000e+00,0.000000000000000000e+00,0.000000000000000000e+00,0.000000000000000000e+00,2.452960935293599723e-02,0.000000000000000000e+00,0.000000000000000000e+00,0.000000000000000000e+00,0.000000000000000000e+00,0.000000000000000000e+00,0.000000000000000000e+00,0.000000000000000000e+00,0.000000000000000000e+00,0.000000000000000000e+00,0.000000000000000000e+00,0.000000000000000000e+00,0.000000000000000000e+00,0.000000000000000000e+00,0.000000000000000000e+00,0.000000000000000000e+00,0.000000000000000000e+00,0.000000000000000000e+00,0.000000000000000000e+00,0.000000000000000000e+00,0.000000000000000000e+00,0.000000000000000000e+00,0.000000000000000000e+00,0.000000000000000000e+00,0.000000000000000000e+00,0.000000000000000000e+00,0.000000000000000000e+00,0.000000000000000000e+00,0.000000000000000000e+00,0.000000000000000000e+00,0.000000000000000000e+00,0.000000000000000000e+00,0.000000000000000000e+00,0.000000000000000000e+00,0.000000000000000000e+00,0.000000000000000000e+00,0.000000000000000000e+00,0.000000000000000000e+00,0.000000000000000000e+00,0.000000000000000000e+00,0.000000000000000000e+00,0.000000000000000000e+00,0.000000000000000000e+00,0.000000000000000000e+00,0.000000000000000000e+00,0.000000000000000000e+00,0.000000000000000000e+00,0.000000000000000000e+00,0.000000000000000000e+00,0.000000000000000000e+00
0.000000000000000000e+00,0.000000000000000000e+00,0.000000000000000000e+00,0.000000000000000000e+00,0.000000000000000000e+00,0.000000000000000000e+00,0.000000000000000000e+00,0.000000000000000000e+00,0.000000000000000000e+00,0.000000000000000000e+00,0.000000000000000000e+00,0.000000000000000000e+00,0.000000000000000000e+00,0.000000000000000000e+00,0.000000000000000000e+00,0.000000000000000000e+00,0.000000000000000000e+00,0.000000000000000000e+00,0.000000000000000000e+00,0.000000000000000000e+00,0.000000000000000000e+00,0.000000000000000000e+00,0.000000000000000000e+00,0.000000000000000000e+00,0.000000000000000000e+00,0.000000000000000000e+00,0.000000000000000000e+00,0.000000000000000000e+00,4.630934044250435278e-21,0.000000000000000000e+00,0.000000000000000000e+00,0.000000000000000000e+00,0.000000000000000000e+00,0.000000000000000000e+00,0.000000000000000000e+00,0.000000000000000000e+00,0.000000000000000000e+00,0.000000000000000000e+00,0.000000000000000000e+00,0.000000000000000000e+00,0.000000000000000000e+00,0.000000000000000000e+00,0.000000000000000000e+00,0.000000000000000000e+00,0.000000000000000000e+00,1.006736447122084195e-03,2.241548462448651258e-04,0.000000000000000000e+00,0.000000000000000000e+00,9.103601700241308742e-03,0.000000000000000000e+00,0.000000000000000000e+00,0.000000000000000000e+00,1.249378316768172664e-03,9.737931952821050809e-04,0.000000000000000000e+00,0.000000000000000000e+00,0.000000000000000000e+00,0.000000000000000000e+00,0.000000000000000000e+00,0.000000000000000000e+00,0.000000000000000000e+00,6.976193004708488264e-03,0.000000000000000000e+00,0.000000000000000000e+00,0.000000000000000000e+00,0.000000000000000000e+00,0.000000000000000000e+00,0.000000000000000000e+00,0.000000000000000000e+00,0.000000000000000000e+00,0.000000000000000000e+00,0.000000000000000000e+00,0.000000000000000000e+00,9.737931952821050809e-04,0.000000000000000000e+00,0.000000000000000000e+00,0.000000000000000000e+00,0.000000000000000000e+00,0.000000000000000000e+00,0.000000000000000000e+00,0.000000000000000000e+00,0.000000000000000000e+00,0.000000000000000000e+00,7.705225918866529645e-21,7.705225918866532654e-21,7.705225918866532654e-21,0.000000000000000000e+00,1.721504504219105158e-20,0.000000000000000000e+00,7.705225918866529645e-21,5.578388325385191110e-03,1.249378316768172664e-03,1.249378316768172664e-03,1.249378316768172664e-03,5.482673368742909878e-03,5.482673368742909878e-03,0.000000000000000000e+00,0.000000000000000000e+00,0.000000000000000000e+00,0.000000000000000000e+00,0.000000000000000000e+00,0.000000000000000000e+00,0.000000000000000000e+00,0.000000000000000000e+00,0.000000000000000000e+00,7.705225918866529645e-21,0.000000000000000000e+00,0.000000000000000000e+00,0.000000000000000000e+00,0.000000000000000000e+00,0.000000000000000000e+00,1.249378316768172664e-03,1.249378316768172664e-03,2.743477235012739986e-21,0.000000000000000000e+00,0.000000000000000000e+00,0.000000000000000000e+00,6.594923151590431978e-04,0.000000000000000000e+00,0.000000000000000000e+00,0.000000000000000000e+00,0.000000000000000000e+00,0.000000000000000000e+00,0.000000000000000000e+00,4.650338543217440032e-20,7.705225918866529645e-21,0.000000000000000000e+00,1.233630055414144076e-03,3.526846462566973154e-03,0.000000000000000000e+00,0.000000000000000000e+00,2.167466717103780360e-02,0.000000000000000000e+00,2.743477235012739986e-21,0.000000000000000000e+00,0.000000000000000000e+00,0.000000000000000000e+00,0.000000000000000000e+00,3.076316125461875427e-04,0.000000000000000000e+00,0.000000000000000000e+00,0.000000000000000000e+00,1.683828704813966563e-21,0.000000000000000000e+00,3.473943849556750699e-19,3.473943849556750699e-19,1.445731865979654356e-19,0.000000000000000000e+00,3.529435318128216342e-02,2.997886296906950368e-02,0.000000000000000000e+00,0.000000000000000000e+00,0.000000000000000000e+00,3.401029300885449053e-02,3.104563628942275718e-03,2.241548462448647735e-04,0.000000000000000000e+00,0.000000000000000000e+00,2.241548462448647735e-04,0.000000000000000000e+00,0.000000000000000000e+00,0.000000000000000000e+00,0.000000000000000000e+00,0.000000000000000000e+00,0.000000000000000000e+00,7.705225918866529645e-21,7.705225918866529645e-21,1.041903001108214905e-01,3.529435318128216342e-02,7.832791060773294789e-02,3.016596959687282628e-02,0.000000000000000000e+00,0.000000000000000000e+00,7.705225918866553719e-21,0.000000000000000000e+00,2.241548462448647735e-04,2.241548462448648006e-04,2.241548462448648006e-04,2.241548462448647735e-04,0.000000000000000000e+00,0.000000000000000000e+00,0.000000000000000000e+00,0.000000000000000000e+00,0.000000000000000000e+00,6.939960508979222710e-04,0.000000000000000000e+00,7.371324837608279890e-02,7.371324837608279890e-02,1.251528700134310057e-01,4.226346924725066234e-02,4.226346924725066234e-02,0.000000000000000000e+00,0.000000000000000000e+00,0.000000000000000000e+00,0.000000000000000000e+00,7.977015709074324568e-21,4.366294687357701937e-20,4.366294687357701937e-20,7.139374293668192532e-19,0.000000000000000000e+00,0.000000000000000000e+00,0.000000000000000000e+00,1.070488633603314886e-18,0.000000000000000000e+00,3.054280953864454799e-03,7.383290962481471945e-03,1.649953494469648396e-02,4.498713116607418183e-02,2.568408639622180460e-20,4.511703268044132964e-02,0.000000000000000000e+00,4.631066861317595791e-20,1.226076798441864821e-19,0.000000000000000000e+00,7.705225918866553719e-21,4.948478198990771719e-20,7.705225918866529645e-21,5.359157013859419200e-19,7.705225918866553719e-21,1.244889843513481394e-03,4.605281873266451899e-20,0.000000000000000000e+00,0.000000000000000000e+00,1.000349927260035668e-03,7.383290962481471945e-03,7.383290962481471945e-03,5.206651308852216012e-03,0.000000000000000000e+00,2.568408639622180460e-20,0.000000000000000000e+00,0.000000000000000000e+00,0.000000000000000000e+00,0.000000000000000000e+00,0.000000000000000000e+00,0.000000000000000000e+00,4.948478198990771719e-20,0.000000000000000000e+00,7.705225918866529645e-21,7.705225918866553719e-21,6.478272190996747261e-03,6.478272190996747261e-03,0.000000000000000000e+00,5.681652488826566608e-03,1.048637190162783270e-02,4.329010008617018880e-03,1.466734877903726891e-02,0.000000000000000000e+00,0.000000000000000000e+00,0.000000000000000000e+00,0.000000000000000000e+00,0.000000000000000000e+00,0.000000000000000000e+00,3.966738950915484408e-19,2.041033222559512273e-19,0.000000000000000000e+00,0.000000000000000000e+00,7.705225918866529645e-21,7.705225918866529645e-21,1.985978731049375115e-19,4.037941409201811077e-03,0.000000000000000000e+00,0.000000000000000000e+00,6.478272190996747261e-03,1.048637190162783270e-02,3.120981842915718577e-02,0.000000000000000000e+00,0.000000000000000000e+00,0.000000000000000000e+00,3.046437673513792880e-20,3.118185909206838604e-04,0.000000000000000000e+00,0.000000000000000000e+00,1.030706590385749645e-19,2.041033222559512273e-19,3.570042593049383693e-19,0.000000000000000000e+00,0.000000000000000000e+00,5.561620425819402175e-05,9.228737477280637633e-04,7.295458742415694350e-03,0.000000000000000000e+00,6.790090781917432206e-03,6.790090781917432206e-03,0.000000000000000000e+00,0.000000000000000000e+00,0.000000000000000000e+00,0.000000000000000000e+00,0.000000000000000000e+00,0.000000000000000000e+00,1.756800447473802517e-04,0.000000000000000000e+00,0.000000000000000000e+00,0.000000000000000000e+00,2.313996389294285954e-19,6.986086869163432513e-20,6.986086869163432513e-20,6.164180735093223716e-20,1.045780167020458548e-02,0.000000000000000000e+00,0.000000000000000000e+00,0.000000000000000000e+00,8.186463308051278656e-03,3.118185909206836436e-04,3.118185909206836436e-04,3.118185909206838604e-04,0.000000000000000000e+00,3.118185909206836436e-04,3.118185909206836436e-04,0.000000000000000000e+00,0.000000000000000000e+00,0.000000000000000000e+00,0.000000000000000000e+00,4.268042081116478167e-06,3.082090367546611858e-20,6.164180735093223716e-20,6.164180735093223716e-20,0.000000000000000000e+00,0.000000000000000000e+00,0.000000000000000000e+00,0.000000000000000000e+00,0.000000000000000000e+00,0.000000000000000000e+00,0.000000000000000000e+00,3.118185909206836436e-04,3.118185909206836436e-04,3.118185909206836436e-04,9.655807649583781434e-05,9.655807649583781434e-05,5.366694553496113504e-04,0.000000000000000000e+00,0.000000000000000000e+00,0.000000000000000000e+00,2.151900672630356615e-02,3.082090367546611858e-20,0.000000000000000000e+00,0.000000000000000000e+00,0.000000000000000000e+00,0.000000000000000000e+00,0.000000000000000000e+00,0.000000000000000000e+00,0.000000000000000000e+00,0.000000000000000000e+00,0.000000000000000000e+00,0.000000000000000000e+00,0.000000000000000000e+00,0.000000000000000000e+00,0.000000000000000000e+00,0.000000000000000000e+00,0.000000000000000000e+00,1.503884615767107739e-02,0.000000000000000000e+00,0.000000000000000000e+00,0.000000000000000000e+00,0.000000000000000000e+00,0.000000000000000000e+00,0.000000000000000000e+00,0.000000000000000000e+00,0.000000000000000000e+00,0.000000000000000000e+00,0.000000000000000000e+00,0.000000000000000000e+00,0.000000000000000000e+00,0.000000000000000000e+00,0.000000000000000000e+00,0.000000000000000000e+00,0.000000000000000000e+00,0.000000000000000000e+00,0.000000000000000000e+00,0.000000000000000000e+00,0.000000000000000000e+00,0.000000000000000000e+00,0.000000000000000000e+00,0.000000000000000000e+00,0.000000000000000000e+00,0.000000000000000000e+00,0.000000000000000000e+00,0.000000000000000000e+00,0.000000000000000000e+00,0.000000000000000000e+00,0.000000000000000000e+00,0.000000000000000000e+00,0.000000000000000000e+00,0.000000000000000000e+00,0.000000000000000000e+00,0.000000000000000000e+00,0.000000000000000000e+00,0.000000000000000000e+00,0.000000000000000000e+00,0.000000000000000000e+00,0.000000000000000000e+00,0.000000000000000000e+00,0.000000000000000000e+00,0.000000000000000000e+00,0.000000000000000000e+00,0.000000000000000000e+00,0.000000000000000000e+00,0.000000000000000000e+00,0.000000000000000000e+00,0.000000000000000000e+00
0.000000000000000000e+00,0.000000000000000000e+00,0.000000000000000000e+00,0.000000000000000000e+00,0.000000000000000000e+00,0.000000000000000000e+00,0.000000000000000000e+00,0.000000000000000000e+00,0.000000000000000000e+00,0.000000000000000000e+00,0.000000000000000000e+00,0.000000000000000000e+00,0.000000000000000000e+00,0.000000000000000000e+00,0.000000000000000000e+00,0.000000000000000000e+00,0.000000000000000000e+00,0.000000000000000000e+00,0.000000000000000000e+00,0.000000000000000000e+00,0.000000000000000000e+00,0.000000000000000000e+00,0.000000000000000000e+00,0.000000000000000000e+00,0.000000000000000000e+00,0.000000000000000000e+00,0.000000000000000000e+00,0.000000000000000000e+00,1.215620186615741884e-20,0.000000000000000000e+00,0.000000000000000000e+00,0.000000000000000000e+00,0.000000000000000000e+00,0.000000000000000000e+00,0.000000000000000000e+00,0.000000000000000000e+00,0.000000000000000000e+00,0.000000000000000000e+00,0.000000000000000000e+00,0.000000000000000000e+00,0.000000000000000000e+00,0.000000000000000000e+00,0.000000000000000000e+00,0.000000000000000000e+00,0.000000000000000000e+00,6.809545059046932455e-04,0.000000000000000000e+00,0.000000000000000000e+00,0.000000000000000000e+00,0.000000000000000000e+00,0.000000000000000000e+00,0.000000000000000000e+00,0.000000000000000000e+00,3.279618081516460452e-03,2.556207137615531394e-03,0.000000000000000000e+00,0.000000000000000000e+00,0.000000000000000000e+00,0.000000000000000000e+00,0.000000000000000000e+00,0.000000000000000000e+00,0.000000000000000000e+00,1.831250663735982040e-02,0.000000000000000000e+00,0.000000000000000000e+00,0.000000000000000000e+00,0.000000000000000000e+00,0.000000000000000000e+00,0.000000000000000000e+00,0.000000000000000000e+00,0.000000000000000000e+00,0.000000000000000000e+00,0.000000000000000000e+00,0.000000000000000000e+00,2.556207137615531394e-03,0.000000000000000000e+00,0.000000000000000000e+00,0.000000000000000000e+00,0.000000000000000000e+00,0.000000000000000000e+00,0.000000000000000000e+00,0.000000000000000000e+00,0.000000000000000000e+00,0.000000000000000000e+00,2.022621803702468696e-20,2.022621803702469298e-20,2.022621803702469298e-20,0.000000000000000000e+00,4.518949323575161195e-20,0.000000000000000000e+00,2.022621803702468696e-20,1.464326935413615659e-02,3.279618081516460452e-03,3.279618081516460452e-03,3.279618081516460452e-03,1.439201759295016987e-02,1.439201759295016987e-02,0.000000000000000000e+00,0.000000000000000000e+00,0.000000000000000000e+00,0.000000000000000000e+00,0.000000000000000000e+00,0.000000000000000000e+00,0.000000000000000000e+00,0.000000000000000000e+00,0.000000000000000000e+00,2.022621803702468696e-20,0.000000000000000000e+00,0.000000000000000000e+00,0.000000000000000000e+00,0.000000000000000000e+00,0.000000000000000000e+00,3.279618081516460452e-03,3.279618081516460452e-03,0.000000000000000000e+00,0.000000000000000000e+00,0.000000000000000000e+00,0.000000000000000000e+00,2.022621803702468696e-20,0.000000000000000000e+00,0.000000000000000000e+00,0.000000000000000000e+00,0.000000000000000000e+00,0.000000000000000000e+00,0.000000000000000000e+00,1.220713867594580769e-19,2.022621803702468696e-20,0.000000000000000000e+00,5.398078517568319563e-19,0.000000000000000000e+00,0.000000000000000000e+00,0.000000000000000000e+00,0.000000000000000000e+00,0.000000000000000000e+00,0.000000000000000000e+00,0.000000000000000000e+00,0.000000000000000000e+00,0.000000000000000000e+00,0.000000000000000000e+00,0.000000000000000000e+00,0.000000000000000000e+00,0.000000000000000000e+00,0.000000000000000000e+00,4.420050350136671867e-21,0.000000000000000000e+00,9.119102605086490989e-19,9.119102605086490989e-19,3.795046148196601141e-19,0.000000000000000000e+00,9.264767710086588282e-02,0.000000000000000000e+00,0.000000000000000000e+00,0.000000000000000000e+00,0.000000000000000000e+00,8.927701914824323626e-02,0.000000000000000000e+00,2.022621803702475016e-20,0.000000000000000000e+00,0.000000000000000000e+00,0.000000000000000000e+00,0.000000000000000000e+00,0.000000000000000000e+00,0.000000000000000000e+00,0.000000000000000000e+00,0.000000000000000000e+00,0.000000000000000000e+00,2.022621803702468696e-20,2.022621803702468696e-20,1.113958511219969860e-01,9.264767710086588282e-02,2.211883197375374976e-02,7.918567019179134636e-02,0.000000000000000000e+00,0.000000000000000000e+00,2.022621803702475016e-20,0.000000000000000000e+00,2.022621803702475016e-20,4.518949323575158788e-20,5.909228406895445824e-20,0.000000000000000000e+00,0.000000000000000000e+00,0.000000000000000000e+00,0.000000000000000000e+00,0.000000000000000000e+00,0.000000000000000000e+00,0.000000000000000000e+00,0.000000000000000000e+00,0.000000000000000000e+00,0.000000000000000000e+00,1.113958511219969860e-01,1.874817402113107892e-02,1.874817402113107892e-02,0.000000000000000000e+00,0.000000000000000000e+00,0.000000000000000000e+00,0.000000000000000000e+00,2.093966623632014581e-20,1.146152355431399249e-19,1.146152355431399249e-19,5.909228406895456657e-20,0.000000000000000000e+00,0.000000000000000000e+00,0.000000000000000000e+00,2.810032663208707643e-18,0.000000000000000000e+00,0.000000000000000000e+00,1.136365127261969830e-02,0.000000000000000000e+00,1.307357311545721996e-02,6.742072679008239018e-20,2.487070135172203544e-02,0.000000000000000000e+00,1.215655051095871461e-19,3.218451595909902166e-19,0.000000000000000000e+00,2.022621803702475016e-20,1.298975527235080518e-19,2.022621803702468696e-20,1.406778716138100645e-18,2.022621803702475016e-20,3.267835839222895788e-03,1.208886491732446339e-19,0.000000000000000000e+00,0.000000000000000000e+00,2.625918559057599348e-03,1.136365127261969830e-02,1.136365127261969830e-02,1.366745968573709717e-02,0.000000000000000000e+00,6.742072679008239018e-20,0.000000000000000000e+00,0.000000000000000000e+00,0.000000000000000000e+00,0.000000000000000000e+00,0.000000000000000000e+00,0.000000000000000000e+00,1.298975527235080518e-19,0.000000000000000000e+00,2.022621803702468696e-20,2.022621803702475016e-20,1.700546450136649831e-02,1.700546450136649831e-02,0.000000000000000000e+00,0.000000000000000000e+00,2.485425915882003706e-02,1.136365127261969830e-02,0.000000000000000000e+00,0.000000000000000000e+00,0.000000000000000000e+00,0.000000000000000000e+00,0.000000000000000000e+00,0.000000000000000000e+00,0.000000000000000000e+00,1.041268974615316878e-18,5.357712209218731362e-19,0.000000000000000000e+00,0.000000000000000000e+00,2.022621803702468696e-20,2.022621803702468696e-20,5.213194169004621023e-19,1.059959619915477706e-02,0.000000000000000000e+00,0.000000000000000000e+00,1.700546450136649831e-02,2.485425915882003706e-02,0.000000000000000000e+00,0.000000000000000000e+00,0.000000000000000000e+00,0.000000000000000000e+00,7.996898892973723688e-20,8.185238011667967870e-04,0.000000000000000000e+00,0.000000000000000000e+00,2.705604799762598686e-19,5.357712209218731362e-19,9.371361806754652777e-19,0.000000000000000000e+00,0.000000000000000000e+00,2.022621803702468696e-20,0.000000000000000000e+00,0.000000000000000000e+00,0.000000000000000000e+00,1.782398830253329944e-02,1.782398830253329944e-02,0.000000000000000000e+00,0.000000000000000000e+00,0.000000000000000000e+00,0.000000000000000000e+00,0.000000000000000000e+00,0.000000000000000000e+00,4.611601174618741670e-04,0.000000000000000000e+00,0.000000000000000000e+00,0.000000000000000000e+00,6.074240521897513269e-19,1.833847803155405127e-19,1.833847803155405127e-19,1.618097442961974957e-19,1.874817402113107892e-02,0.000000000000000000e+00,0.000000000000000000e+00,0.000000000000000000e+00,2.148946618363465136e-02,8.185238011667963533e-04,8.185238011667963533e-04,8.185238011667967870e-04,0.000000000000000000e+00,8.185238011667963533e-04,8.185238011667963533e-04,0.000000000000000000e+00,0.000000000000000000e+00,0.000000000000000000e+00,0.000000000000000000e+00,1.120361046293077975e-05,8.090487214809874784e-20,1.618097442961974957e-19,1.618097442961974957e-19,0.000000000000000000e+00,0.000000000000000000e+00,0.000000000000000000e+00,0.000000000000000000e+00,0.000000000000000000e+00,0.000000000000000000e+00,0.000000000000000000e+00,8.185238011667963533e-04,8.185238011667963533e-04,8.185238011667963533e-04,2.534649508015747997e-04,2.534649508015747997e-04,1.408757320292732939e-03,0.000000000000000000e+00,0.000000000000000000e+00,0.000000000000000000e+00,1.618097442961974957e-19,8.090487214809874784e-20,0.000000000000000000e+00,0.000000000000000000e+00,0.000000000000000000e+00,0.000000000000000000e+00,0.000000000000000000e+00,0.000000000000000000e+00,0.000000000000000000e+00,0.000000000000000000e+00,0.000000000000000000e+00,0.000000000000000000e+00,0.000000000000000000e+00,0.000000000000000000e+00,0.000000000000000000e+00,0.000000000000000000e+00,0.000000000000000000e+00,0.000000000000000000e+00,0.000000000000000000e+00,0.000000000000000000e+00,0.000000000000000000e+00,0.000000000000000000e+00,0.000000000000000000e+00,0.000000000000000000e+00,0.000000000000000000e+00,0.000000000000000000e+00,0.000000000000000000e+00,0.000000000000000000e+00,0.000000000000000000e+00,0.000000000000000000e+00,0.000000000000000000e+00,0.000000000000000000e+00,0.000000000000000000e+00,0.000000000000000000e+00,0.000000000000000000e+00,0.000000000000000000e+00,0.000000000000000000e+00,0.000000000000000000e+00,0.000000000000000000e+00,0.000000000000000000e+00,0.000000000000000000e+00,0.000000000000000000e+00,0.000000000000000000e+00,0.000000000000000000e+00,0.000000000000000000e+00,0.000000000000000000e+00,0.000000000000000000e+00,0.000000000000000000e+00,0.000000000000000000e+00,0.000000000000000000e+00,0.000000000000000000e+00,0.000000000000000000e+00,0.000000000000000000e+00,0.000000000000000000e+00,0.000000000000000000e+00,0.000000000000000000e+00,0.000000000000000000e+00,0.000000000000000000e+00,0.000000000000000000e+00,0.000000000000000000e+00,0.000000000000000000e+00,0.000000000000000000e+00,0.000000000000000000e+00,0.000000000000000000e+00,0.000000000000000000e+00,0.000000000000000000e+00,0.000000000000000000e+00
