0.000000000000000000e+00,0.000000000000000000e+00,0.000000000000000000e+00,0.000000000000000000e+00,0.000000000000000000e+00,0.000000000000000000e+00,0.000000000000000000e+00,0.000000000000000000e+00,0.000000000000000000e+00,0.000000000000000000e+00,0.000000000000000000e+00,0.000000000000000000e+00,0.000000000000000000e+00,0.000000000000000000e+00,0.000000000000000000e+00,0.000000000000000000e+00,0.000000000000000000e+00,0.000000000000000000e+00,0.000000000000000000e+00,0.000000000000000000e+00,0.000000000000000000e+00,0.000000000000000000e+00,0.000000000000000000e+00,0.000000000000000000e+00,0.000000000000000000e+00,0.000000000000000000e+00,0.000000000000000000e+00,0.000000000000000000e+00,0.000000000000000000e+00,0.000000000000000000e+00,0.000000000000000000e+00,0.000000000000000000e+00,0.000000000000000000e+00,5.800963026636558537e-03,0.000000000000000000e+00,0.000000000000000000e+00,0.000000000000000000e+00,0.000000000000000000e+00,0.000000000000000000e+00,0.000000000000000000e+00,0.000000000000000000e+00,0.000000000000000000e+00,0.000000000000000000e+00,0.000000000000000000e+00,0.000000000000000000e+00,0.000000000000000000e+00,0.000000000000000000e+00,0.000000000000000000e+00,0.000000000000000000e+00,0.000000000000000000e+00,0.000000000000000000e+00,0.000000000000000000e+00,0.000000000000000000e+00,0.000000000000000000e+00,0.000000000000000000e+00,0.000000000000000000e+00,0.000000000000000000e+00,0.000000000000000000e+00,0.000000000000000000e+00,0.000000000000000000e+00,0.000000000000000000e+00,0.000000000000000000e+00,0.000000000000000000e+00,0.000000000000000000e+00,0.000000000000000000e+00,0.000000000000000000e+00,0.000000000000000000e+00,0.000000000000000000e+00,0.000000000000000000e+00,0.000000000000000000e+00,0.000000000000000000e+00,0.000000000000000000e+00,1.332935571077291728e-02,0.000000000000000000e+00,0.000000000000000000e+00,0.000000000000000000e+00,0.000000000000000000e+00,0.000000000000000000e+00,0.000000000000000000e+00,0.000000000000000000e+00,0.000000000000000000e+00,0.000000000000000000e+00,0.000000000000000000e+00,0.000000000000000000e+00,0.000000000000000000e+00,0.000000000000000000e+00,0.000000000000000000e+00,0.000000000000000000e+00,0.000000000000000000e+00,0.000000000000000000e+00,0.000000000000000000e+00,0.000000000000000000e+00,0.000000000000000000e+00,0.000000000000000000e+00,0.000000000000000000e+00,0.000000000000000000e+00,0.000000000000000000e+00,0.000000000000000000e+00,0.000000000000000000e+00,0.000000000000000000e+00,0.000000000000000000e+00,0.000000000000000000e+00,0.000000000000000000e+00,0.000000000000000000e+00,0.000000000000000000e+00,0.000000000000000000e+00,0.000000000000000000e+00,0.000000000000000000e+00,0.000000000000000000e+00,0.000000000000000000e+00,0.000000000000000000e+00,0.000000000000000000e+00,0.000000000000000000e+00,0.000000000000000000e+00,0.000000000000000000e+00,0.000000000000000000e+00,0.000000000000000000e+00,0.000000000000000000e+00,0.000000000000000000e+00,0.000000000000000000e+00,0.000000000000000000e+00,0.000000000000000000e+00,0.000000000000000000e+00,0.000000000000000000e+00,0.000000000000000000e+00,0.000000000000000000e+00,0.000000000000000000e+00,0.000000000000000000e+00,0.000000000000000000e+00,0.000000000000000000e+00,0.000000000000000000e+00,0.000000000000000000e+00,0.000000000000000000e+00,0.000000000000000000e+00,0.000000000000000000e+00,0.000000000000000000e+00,0.000000000000000000e+00,0.000000000000000000e+00,0.000000000000000000e+00,0.000000000000000000e+00,0.000000000000000000e+00,0.000000000000000000e+00,1.976614540804619985e-02,0.000000000000000000e+00,0.000000000000000000e+00,0.000000000000000000e+00,0.000000000000000000e+00,0.000000000000000000e+00,0.000000000000000000e+00,2.949603407337663546e-02,0.000000000000000000e+00,2.452502523143679919e-02,0.000000000000000000e+00,0.000000000000000000e+00,0.000000000000000000e+00,0.000000000000000000e+00,0.000000000000000000e+00,0.000000000000000000e+00,0.000000000000000000e+00,0.000000000000000000e+00,0.000000000000000000e+00,0.000000000000000000e+00,1.976614540804619985e-02,0.000000000000000000e+00,0.000000000000000000e+00,0.000000000000000000e+00,0.000000000000000000e+00,0.000000000000000000e+00,1.213964671909872339e-01,2.949603407337663546e-02,1.213964671909872339e-01,2.452502523143679919e-02,0.000000000000000000e+00,0.000000000000000000e+00,0.000000000000000000e+00,0.000000000000000000e+00,0.000000000000000000e+00,0.000000000000000000e+00,0.000000000000000000e+00,0.000000000000000000e+00,0.000000000000000000e+00,0.000000000000000000e+00,0.000000000000000000e+00,0.000000000000000000e+00,0.000000000000000000e+00,0.000000000000000000e+00,0.000000000000000000e+00,0.000000000000000000e+00,0.000000000000000000e+00,0.000000000000000000e+00,0.000000000000000000e+00,0.000000000000000000e+00,0.000000000000000000e+00,0.000000000000000000e+00,0.000000000000000000e+00,0.000000000000000000e+00,3.572797359419918606e-02,0.000000000000000000e+00,0.000000000000000000e+00,0.000000000000000000e+00,0.000000000000000000e+00,0.000000000000000000e+00,0.000000000000000000e+00,0.000000000000000000e+00,0.000000000000000000e+00,0.000000000000000000e+00,0.000000000000000000e+00,0.000000000000000000e+00,1.213964671909872339e-01,1.213964671909872339e-01,1.213964671909872339e-01,0.000000000000000000e+00,2.884220535348202865e-19,0.000000000000000000e+00,0.000000000000000000e+00,3.607921253423462876e-18,0.000000000000000000e+00,1.213964671909872339e-01,0.000000000000000000e+00,0.000000000000000000e+00,0.000000000000000000e+00,0.000000000000000000e+00,0.000000000000000000e+00,0.000000000000000000e+00,0.000000000000000000e+00,0.000000000000000000e+00,0.000000000000000000e+00,0.000000000000000000e+00,6.284511842487719435e-02,1.213964671909872339e-01,0.000000000000000000e+00,0.000000000000000000e+00,0.000000000000000000e+00,0.000000000000000000e+00,0.000000000000000000e+00,0.000000000000000000e+00,0.000000000000000000e+00,0.000000000000000000e+00,0.000000000000000000e+00,0.000000000000000000e+00,0.000000000000000000e+00,0.000000000000000000e+00,0.000000000000000000e+00,0.000000000000000000e+00,0.000000000000000000e+00,0.000000000000000000e+00,0.000000000000000000e+00,0.000000000000000000e+00,0.000000000000000000e+00,0.000000000000000000e+00,1.486993323956669819e-02,0.000000000000000000e+00,0.000000000000000000e+00,0.000000000000000000e+00,0.000000000000000000e+00,0.000000000000000000e+00,0.000000000000000000e+00,0.000000000000000000e+00,0.000000000000000000e+00,0.000000000000000000e+00,0.000000000000000000e+00,0.000000000000000000e+00,0.000000000000000000e+00,0.000000000000000000e+00,0.000000000000000000e+00,0.000000000000000000e+00,0.000000000000000000e+00,0.000000000000000000e+00,0.000000000000000000e+00,0.000000000000000000e+00,0.000000000000000000e+00,0.000000000000000000e+00,0.000000000000000000e+00,0.000000000000000000e+00,0.000000000000000000e+00,2.707843384858371303e-21,0.000000000000000000e+00,0.000000000000000000e+00,0.000000000000000000e+00,0.000000000000000000e+00,0.000000000000000000e+00,0.000000000000000000e+00,0.000000000000000000e+00,0.000000000000000000e+00,0.000000000000000000e+00,0.000000000000000000e+00,0.000000000000000000e+00,0.000000000000000000e+00,0.000000000000000000e+00,0.000000000000000000e+00,0.000000000000000000e+00,0.000000000000000000e+00,0.000000000000000000e+00,0.000000000000000000e+00,0.000000000000000000e+00,0.000000000000000000e+00,0.000000000000000000e+00,0.000000000000000000e+00,0.000000000000000000e+00,0.000000000000000000e+00,0.000000000000000000e+00,0.000000000000000000e+00,0.000000000000000000e+00,0.000000000000000000e+00,0.000000000000000000e+00,0.000000000000000000e+00,0.000000000000000000e+00,0.000000000000000000e+00,0.000000000000000000e+00,0.000000000000000000e+00,0.000000000000000000e+00,0.000000000000000000e+00,0.000000000000000000e+00,0.000000000000000000e+00,0.000000000000000000e+00,0.000000000000000000e+00,0.000000000000000000e+00,0.000000000000000000e+00,0.000000000000000000e+00,0.000000000000000000e+00,0.000000000000000000e+00,0.000000000000000000e+00,0.000000000000000000e+00,0.000000000000000000e+00,0.000000000000000000e+00,0.000000000000000000e+00,0.000000000000000000e+00,0.000000000000000000e+00,0.000000000000000000e+00,0.000000000000000000e+00,0.000000000000000000e+00,0.000000000000000000e+00,0.000000000000000000e+00,0.000000000000000000e+00,0.000000000000000000e+00,0.000000000000000000e+00,0.000000000000000000e+00,0.000000000000000000e+00,0.000000000000000000e+00,0.000000000000000000e+00,0.000000000000000000e+00,0.000000000000000000e+00,0.000000000000000000e+00,0.000000000000000000e+00,0.000000000000000000e+00,0.000000000000000000e+00,0.000000000000000000e+00,0.000000000000000000e+00,0.000000000000000000e+00,0.000000000000000000e+00,0.000000000000000000e+00,0.000000000000000000e+00,0.000000000000000000e+00,0.000000000000000000e+00,3.607921253423462876e-18,0.000000000000000000e+00,0.000000000000000000e+00,0.000000000000000000e+00,0.000000000000000000e+00,0.000000000000000000e+00,0.000000000000000000e+00,0.000000000000000000e+00,0.000000000000000000e+00,0.000000000000000000e+00,0.000000000000000000e+00,0.000000000000000000e+00,0.000000000000000000e+00,0.000000000000000000e+00,0.000000000000000000e+00,0.000000000000000000e+00,0.000000000000000000e+00,0.000000000000000000e+00,0.000000000000000000e+00,0.000000000000000000e+00,0.000000000000000000e+00,0.000000000000000000e+00,0.000000000000000000e+00,0.000000000000000000e+00,0.000000000000000000e+00,0.000000000000000000e+00,0.000000000000000000e+00,0.000000000000000000e+00,0.000000000000000000e+00,0.000000000000000000e+00,0.000000000000000000e+00,0.000000000000000000e+00,0.000000000000000000e+00,0.000000000000000000e+00,0.000000000000000000e+00,0.000000000000000000e+00,0.000000000000000000e+00,0.000000000000000000e+00,0.000000000000000000e+00,0.000000000000000000e+00,0.000000000000000000e+00,0.000000000000000000e+00,0.000000000000000000e+00,0.000000000000000000e+00,0.000000000000000000e+00,0.000000000000000000e+00
0.000000000000000000e+00,0.000000000000000000e+00,0.000000000000000000e+00,0.000000000000000000e+00,0.000000000000000000e+00,3.928013049293058711e-06,3.928013049292448847e-06,3.928013049293058711e-06,0.000000000000000000e+00,0.000000000000000000e+00,0.000000000000000000e+00,0.000000000000000000e+00,0.000000000000000000e+00,2.572131895542816731e-04,1.993581603501780796e-04,0.000000000000000000e+00,0.000000000000000000e+00,0.000000000000000000e+00,0.000000000000000000e+00,0.000000000000000000e+00,0.000000000000000000e+00,0.000000000000000000e+00,0.000000000000000000e+00,0.000000000000000000e+00,3.928013049292448847e-06,3.928013049292448847e-06,3.928013049292448847e-06,3.928013049292448847e-06,0.000000000000000000e+00,0.000000000000000000e+00,0.000000000000000000e+00,0.000000000000000000e+00,0.000000000000000000e+00,3.572049204774859280e-03,1.974296593768501548e-04,0.000000000000000000e+00,0.000000000000000000e+00,0.000000000000000000e+00,0.000000000000000000e+00,0.000000000000000000e+00,0.000000000000000000e+00,0.000000000000000000e+00,0.000000000000000000e+00,3.928013049292448847e-06,1.313686233106745385e-02,3.928013049292448847e-06,3.928013049293058711e-06,3.136646246769883923e-06,3.136646246769883923e-06,0.000000000000000000e+00,0.000000000000000000e+00,0.000000000000000000e+00,2.871049546379212791e-04,2.273214244635082609e-04,1.983939098623227417e-04,1.685021447804172087e-04,0.000000000000000000e+00,0.000000000000000000e+00,0.000000000000000000e+00,0.000000000000000000e+00,0.000000000000000000e+00,0.000000000000000000e+00,0.000000000000000000e+00,2.201707438230801161e-04,1.313686233106745385e-02,3.928013049292531857e-06,3.928013049293058711e-06,3.928013049292448847e-06,0.000000000000000000e+00,0.000000000000000000e+00,0.000000000000000000e+00,0.000000000000000000e+00,7.904843896994317304e-03,2.282856749487703499e-04,1.983939098623227417e-04,1.675378942929870135e-04,0.000000000000000000e+00,0.000000000000000000e+00,0.000000000000000000e+00,0.000000000000000000e+00,0.000000000000000000e+00,0.000000000000000000e+00,3.928013049292538633e-06,3.928013049292538633e-06,2.976377928667128542e-03,3.928013049292448847e-06,3.928013049292448847e-06,3.928013049295140718e-06,0.000000000000000000e+00,0.000000000000000000e+00,0.000000000000000000e+00,3.169967197229225887e-04,2.581774400371085899e-04,2.581774400371085899e-04,1.983939098624164980e-04,1.386103796890494639e-04,1.386103796890494639e-04,0.000000000000000000e+00,0.000000000000000000e+00,0.000000000000000000e+00,0.000000000000000000e+00,0.000000000000000000e+00,3.928013049292448847e-06,3.928013049293058711e-06,3.928013049293058711e-06,1.313686233106745385e-02,3.928013049293003654e-06,3.928013049293058711e-06,3.928013049292582679e-06,0.000000000000000000e+00,0.000000000000000000e+00,3.756607934269236282e-02,2.880692051239809614e-04,2.273214244634667359e-04,1.974296593767082598e-04,1.685021447803187902e-04,1.077543641158179398e-04,0.000000000000000000e+00,0.000000000000000000e+00,0.000000000000000000e+00,0.000000000000000000e+00,0.000000000000000000e+00,3.928013049292448847e-06,3.928013049292453082e-06,3.928013049293058711e-06,3.928013049292448847e-06,3.928013049293058711e-06,3.928013049293058711e-06,1.377811539919802817e-06,0.000000000000000000e+00,1.291309311926274253e-02,3.756607934269236282e-02,2.871049546383367453e-04,2.282856749487070596e-04,1.974296593767082598e-04,1.675378942928552287e-04,1.077543641158582315e-04,0.000000000000000000e+00,0.000000000000000000e+00,0.000000000000000000e+00,0.000000000000000000e+00,0.000000000000000000e+00,1.129886824621855086e-02,3.928013049292538633e-06,3.928013049292453082e-06,3.928013049292448847e-06,3.928013049292448847e-06,3.928013049292531857e-06,3.939880295405449873e-03,1.897651819181412139e-02,0.000000000000000000e+00,5.237563709478990082e-02,2.572131895542604770e-04,2.572131895542604770e-04,1.983939098622217211e-04,1.376461292017390188e-04,1.067901136291667168e-04,0.000000000000000000e+00,0.000000000000000000e+00,0.000000000000000000e+00,0.000000000000000000e+00,3.928013049292741921e-06,1.129886824621855086e-02,3.928013049292538633e-06,3.928013049292448847e-06,3.928013049292453082e-06,3.928013049292448847e-06,3.928013049292538633e-06,7.330929011882672541e-02,1.897651819181412139e-02,6.974715432380648727e-02,5.158037947495607012e-02,4.406451693185114982e-02,2.263571739780732416e-04,1.964654088881137399e-04,1.376461292017520292e-04,1.067901136291667168e-04,7.882684951603514782e-05,0.000000000000000000e+00,0.000000000000000000e+00,0.000000000000000000e+00,0.000000000000000000e+00,3.928013049292448847e-06,3.928013049293058711e-06,3.928013049293058711e-06,3.928013049292448847e-06,3.928013049292453082e-06,7.902218466679822740e-04,7.902218466679822740e-04,3.939880295405449873e-03,1.291309311918245259e-02,1.291309311918245259e-02,4.406258843088380062e-02,2.282856749485971215e-04,1.665736438047788490e-04,1.665736438047788490e-04,2.052470352557330194e-02,0.000000000000000000e+00,0.000000000000000000e+00,0.000000000000000000e+00,0.000000000000000000e+00,3.928013049293058711e-06,3.928013049292448847e-06,3.928013049292538633e-06,3.928013049292538633e-06,3.928013049292538633e-06,3.928013049293058711e-06,3.928013049292453082e-06,7.330929011882672541e-02,6.936940982342128248e-02,6.974715432380726443e-02,3.756607934268410554e-02,4.406451693185101798e-02,2.263571739782599412e-04,1.964654088881963561e-04,1.376461292016434735e-04,1.067901136291408314e-04,6.944823667293729963e-02,0.000000000000000000e+00,0.000000000000000000e+00,0.000000000000000000e+00,0.000000000000000000e+00,3.928013049292448847e-06,3.928013049292448847e-06,3.928013049292448847e-06,3.928013049292531857e-06,3.928013049292531857e-06,3.928013049292538633e-06,3.985137653819241510e-02,6.936940982342128248e-02,0.000000000000000000e+00,3.836133696263412107e-02,2.572131895539908901e-04,2.572131895539908901e-04,1.983939098630658267e-04,1.376461292017158711e-04,1.067901136291408314e-04,0.000000000000000000e+00,0.000000000000000000e+00,0.000000000000000000e+00,0.000000000000000000e+00,0.000000000000000000e+00,3.928013049292448847e-06,3.928013049292448847e-06,3.928013049292448847e-06,3.928013049293058711e-06,3.928013049292531857e-06,3.928013049292538633e-06,3.941258106945354049e-03,0.000000000000000000e+00,2.141019782745406941e-02,3.756607934271118804e-02,2.871049546383274754e-04,2.282856749486020546e-04,1.974296593766209002e-04,1.675378942924194879e-04,1.077543641158482839e-04,0.000000000000000000e+00,0.000000000000000000e+00,0.000000000000000000e+00,0.000000000000000000e+00,0.000000000000000000e+00,3.928013049292448847e-06,3.928013049292538633e-06,3.928013049292448847e-06,3.928013049293058711e-06,3.928013049292448847e-06,3.928013049292538633e-06,3.943808308454740952e-03,0.000000000000000000e+00,0.000000000000000000e+00,3.756607934271118804e-02,2.880692051238940084e-04,2.273214244631649754e-04,1.974296593766209002e-04,1.685021447802481545e-04,1.077543641158684094e-04,0.000000000000000000e+00,0.000000000000000000e+00,0.000000000000000000e+00,0.000000000000000000e+00,0.000000000000000000e+00,3.928013049292448847e-06,3.928013049292448847e-06,3.928013049292448847e-06,3.928013049292448847e-06,3.928013049292448847e-06,3.928013049292448847e-06,3.939880295405449873e-03,0.000000000000000000e+00,0.000000000000000000e+00,3.169967197229644931e-04,2.581774400372380436e-04,2.581774400372380436e-04,1.983939098623144746e-04,1.386103796891409977e-04,1.386103796891409977e-04,0.000000000000000000e+00,0.000000000000000000e+00,0.000000000000000000e+00,0.000000000000000000e+00,0.000000000000000000e+00,0.000000000000000000e+00,3.928013049292448847e-06,3.928013049292448847e-06,3.928013049292448847e-06,3.928013049292448847e-06,3.928013049292448847e-06,0.000000000000000000e+00,0.000000000000000000e+00,0.000000000000000000e+00,0.000000000000000000e+00,2.880692051237314865e-04,2.282856749489658857e-04,1.983939098620213606e-04,1.675378942924793629e-04,0.000000000000000000e+00,0.000000000000000000e+00,0.000000000000000000e+00,0.000000000000000000e+00,0.000000000000000000e+00,0.000000000000000000e+00,0.000000000000000000e+00,3.928013049293058711e-06,3.928013049292448847e-06,3.928013049292448847e-06,3.928013049293058711e-06,3.429785364896107945e-06,3.429785364896107945e-06,0.000000000000000000e+00,0.000000000000000000e+00,0.000000000000000000e+00,2.871049546387123672e-04,2.273214244632014859e-04,1.983939098620213606e-04,1.685021447805403741e-04,0.000000000000000000e+00,0.000000000000000000e+00,0.000000000000000000e+00,0.000000000000000000e+00,0.000000000000000000e+00,0.000000000000000000e+00,0.000000000000000000e+00,0.000000000000000000e+00,3.928013049292448847e-06,3.928013049292957067e-06,3.928013049292448847e-06,3.928013049293058711e-06,0.000000000000000000e+00,0.000000000000000000e+00,0.000000000000000000e+00,0.000000000000000000e+00,0.000000000000000000e+00,2.572131895541799208e-04,1.974296593766453490e-04,0.000000000000000000e+00,0.000000000000000000e+00,0.000000000000000000e+00,0.000000000000000000e+00,0.000000000000000000e+00,0.000000000000000000e+00,0.000000000000000000e+00,0.000000000000000000e+00,0.000000000000000000e+00,0.000000000000000000e+00,3.928013049293058711e-06,3.928013049292448847e-06,3.928013049292448847e-06,0.000000000000000000e+00,0.000000000000000000e+00,0.000000000000000000e+00,0.000000000000000000e+00,0.000000000000000000e+00,2.572131895543576757e-04,1.993581603496415893e-04,0.000000000000000000e+00,0.000000000000000000e+00,0.000000000000000000e+00,0.000000000000000000e+00,0.000000000000000000e+00,0.000000000000000000e+00,0.000000000000000000e+00,0.000000000000000000e+00,0.000000000000000000e+00,0.000000000000000000e+00,0.000000000000000000e+00,3.928013049292448847e-06,3.928013049293058711e-06,3.928013049293058711e-06,0.000000000000000000e+00,0.000000000000000000e+00,0.000000000000000000e+00,0.000000000000000000e+00,2.282856749489469122e-04,0.000000000000000000e+00,0.000000000000000000e+00,0.000000000000000000e+00,0.000000000000000000e+00,0.000000000000000000e+00,0.000000000000000000e+00
0.000000000000000000e+00,0.000000000000000000e+00,0.000000000000000000e+00,0.000000000000000000e+00,0.000000000000000000e+00,7.856026098586117422e-06,7.856026098584897695e-06,7.856026098586117422e-06,0.000000000000000000e+00,0.000000000000000000e+00,0.000000000000000000e+00,0.000000000000000000e+00,0.000000000000000000e+00,5.144263791085633463e-04,3.987163207003561593e-04,0.000000000000000000e+00,0.000000000000000000e+00,0.000000000000000000e+00,0.000000000000000000e+00,0.000000000000000000e+00,0.000000000000000000e+00,0.000000000000000000e+00,0.000000000000000000e+00,0.000000000000000000e+00,7.856026098584897695e-06,7.856026098584897695e-06,7.856026098584897695e-06,7.856026098584897695e-06,0.000000000000000000e+00,0.000000000000000000e+00,0.000000000000000000e+00,0.000000000000000000e+00,0.000000000000000000e+00,1.343135382913160022e-03,3.948593187537003096e-04,0.000000000000000000e+00,0.000000000000000000e+00,0.000000000000000000e+00,0.000000000000000000e+00,0.000000000000000000e+00,0.000000000000000000e+00,0.000000000000000000e+00,0.000000000000000000e+00,7.856026098584897695e-06,2.627372466213490770e-02,7.856026098584897695e-06,7.856026098586117422e-06,6.273292493539767846e-06,6.273292493539767846e-06,0.000000000000000000e+00,0.000000000000000000e+00,0.000000000000000000e+00,5.742099092758425581e-04,4.546428489270165217e-04,3.967878197246454833e-04,3.370042895608344174e-04,0.000000000000000000e+00,0.000000000000000000e+00,0.000000000000000000e+00,0.000000000000000000e+00,0.000000000000000000e+00,0.000000000000000000e+00,0.000000000000000000e+00,4.403414876461602323e-04,2.627372466213490770e-02,7.856026098585063713e-06,7.856026098586117422e-06,7.856026098584897695e-06,0.000000000000000000e+00,0.000000000000000000e+00,0.000000000000000000e+00,0.000000000000000000e+00,2.480332083215719061e-03,4.565713498975406998e-04,3.967878197246454833e-04,3.350757885859740270e-04,0.000000000000000000e+00,0.000000000000000000e+00,0.000000000000000000e+00,0.000000000000000000e+00,0.000000000000000000e+00,0.000000000000000000e+00,7.856026098585077266e-06,7.856026098585077266e-06,5.952755857334257085e-03,7.856026098584897695e-06,7.856026098584897695e-06,7.856026098590281436e-06,0.000000000000000000e+00,0.000000000000000000e+00,0.000000000000000000e+00,6.339934394458451774e-04,5.163548800742171797e-04,5.163548800742171797e-04,3.967878197248329961e-04,2.772207593780989278e-04,2.772207593780989278e-04,0.000000000000000000e+00,0.000000000000000000e+00,0.000000000000000000e+00,0.000000000000000000e+00,0.000000000000000000e+00,7.856026098584897695e-06,7.856026098586117422e-06,7.856026098586117422e-06,2.627372466213490770e-02,7.856026098586007308e-06,7.856026098586117422e-06,7.856026098585165357e-06,0.000000000000000000e+00,0.000000000000000000e+00,7.513215868538472564e-02,5.761384102479619228e-04,4.546428489269334718e-04,3.948593187534165196e-04,3.370042895606375805e-04,2.155087282316358796e-04,0.000000000000000000e+00,0.000000000000000000e+00,0.000000000000000000e+00,0.000000000000000000e+00,0.000000000000000000e+00,7.856026098584897695e-06,7.856026098584906165e-06,7.856026098586117422e-06,7.856026098584897695e-06,7.856026098586117422e-06,7.856026098586117422e-06,2.755623079839605633e-06,0.000000000000000000e+00,2.582618623852548506e-02,7.513215868538472564e-02,5.742099092766734907e-04,4.565713498974141192e-04,3.948593187534165196e-04,3.350757885857104574e-04,2.155087282317164630e-04,0.000000000000000000e+00,0.000000000000000000e+00,0.000000000000000000e+00,0.000000000000000000e+00,0.000000000000000000e+00,2.831591084390901875e-03,7.856026098585077266e-06,7.856026098584906165e-06,7.856026098584897695e-06,7.856026098584897695e-06,7.856026098585063713e-06,7.879760590810899745e-03,8.457002310251607313e-03,0.000000000000000000e+00,8.022624895814300938e-02,5.144263791085209540e-04,5.144263791085209540e-04,3.967878197244434422e-04,2.752922584034780376e-04,2.135802272583334335e-04,0.000000000000000000e+00,0.000000000000000000e+00,0.000000000000000000e+00,0.000000000000000000e+00,7.856026098585483841e-06,2.831591084390901875e-03,7.856026098585077266e-06,7.856026098584897695e-06,7.856026098584906165e-06,7.856026098584897695e-06,7.856026098585077266e-06,2.522211304666623077e-02,8.457002310251607313e-03,1.809784145662574062e-02,7.863573371847534799e-02,8.812903386370229963e-02,4.527143479561464832e-04,3.929308177762274798e-04,2.752922584035040585e-04,2.135802272583334335e-04,1.576536990320702956e-04,0.000000000000000000e+00,0.000000000000000000e+00,0.000000000000000000e+00,0.000000000000000000e+00,7.856026098584897695e-06,7.856026098586117422e-06,7.856026098586117422e-06,7.856026098584897695e-06,7.856026098584906165e-06,1.580443693335964548e-03,1.580443693335964548e-03,7.879760590810899745e-03,2.582618623836490518e-02,2.582618623836490518e-02,8.812517686176760123e-02,4.565713498971942430e-04,3.331472876095576980e-04,3.331472876095576980e-04,5.321433456947417817e-03,0.000000000000000000e+00,0.000000000000000000e+00,0.000000000000000000e+00,0.000000000000000000e+00,7.856026098586117422e-06,7.856026098584897695e-06,7.856026098585077266e-06,7.856026098585077266e-06,7.856026098585077266e-06,7.856026098586117422e-06,7.856026098584906165e-06,2.522211304666623077e-02,1.734235245585533103e-02,1.809784145662730881e-02,7.513215868536821107e-02,8.812903386370203596e-02,4.527143479565198824e-04,3.929308177763927122e-04,2.752922584032833691e-04,2.135802272582816629e-04,1.750000615488736533e-02,0.000000000000000000e+00,0.000000000000000000e+00,0.000000000000000000e+00,0.000000000000000000e+00,7.856026098584897695e-06,7.856026098584897695e-06,7.856026098584897695e-06,7.856026098585063713e-06,7.856026098585063713e-06,7.856026098585077266e-06,1.685763465150764279e-02,1.734235245585533103e-02,0.000000000000000000e+00,7.672267392526824215e-02,5.144263791079817802e-04,5.144263791079817802e-04,3.967878197261316534e-04,2.752922584034317422e-04,2.135802272582816629e-04,0.000000000000000000e+00,0.000000000000000000e+00,0.000000000000000000e+00,0.000000000000000000e+00,0.000000000000000000e+00,7.856026098584897695e-06,7.856026098584897695e-06,7.856026098584897695e-06,7.856026098586117422e-06,7.856026098585063713e-06,7.856026098585077266e-06,7.882516213890708098e-03,0.000000000000000000e+00,2.795046241534143716e-02,7.513215868542237608e-02,5.742099092766549508e-04,4.565713498972041092e-04,3.948593187532418005e-04,3.350757885848389757e-04,2.155087282316965678e-04,0.000000000000000000e+00,0.000000000000000000e+00,0.000000000000000000e+00,0.000000000000000000e+00,0.000000000000000000e+00,7.856026098584897695e-06,7.856026098585077266e-06,7.856026098584897695e-06,7.856026098586117422e-06,7.856026098584897695e-06,7.856026098585077266e-06,7.887616616909481904e-03,0.000000000000000000e+00,0.000000000000000000e+00,7.513215868542237608e-02,5.761384102477880168e-04,4.546428489263299507e-04,3.948593187532418005e-04,3.370042895604963089e-04,2.155087282317368189e-04,0.000000000000000000e+00,0.000000000000000000e+00,0.000000000000000000e+00,0.000000000000000000e+00,0.000000000000000000e+00,7.856026098584897695e-06,7.856026098584897695e-06,7.856026098584897695e-06,7.856026098584897695e-06,7.856026098584897695e-06,7.856026098584897695e-06,7.879760590810899745e-03,0.000000000000000000e+00,0.000000000000000000e+00,6.339934394459289862e-04,5.163548800744760872e-04,5.163548800744760872e-04,3.967878197246289492e-04,2.772207593782819953e-04,2.772207593782819953e-04,0.000000000000000000e+00,0.000000000000000000e+00,0.000000000000000000e+00,0.000000000000000000e+00,0.000000000000000000e+00,0.000000000000000000e+00,7.856026098584897695e-06,7.856026098584897695e-06,7.856026098584897695e-06,7.856026098584897695e-06,7.856026098584897695e-06,0.000000000000000000e+00,0.000000000000000000e+00,0.000000000000000000e+00,0.000000000000000000e+00,5.761384102474629730e-04,4.565713498979317715e-04,3.967878197240427211e-04,3.350757885849587258e-04,0.000000000000000000e+00,0.000000000000000000e+00,0.000000000000000000e+00,0.000000000000000000e+00,0.000000000000000000e+00,0.000000000000000000e+00,0.000000000000000000e+00,7.856026098586117422e-06,7.856026098584897695e-06,7.856026098584897695e-06,7.856026098586117422e-06,6.859570729792215891e-06,6.859570729792215891e-06,0.000000000000000000e+00,0.000000000000000000e+00,0.000000000000000000e+00,5.742099092774247343e-04,4.546428489264029717e-04,3.967878197240427211e-04,3.370042895610807481e-04,0.000000000000000000e+00,0.000000000000000000e+00,0.000000000000000000e+00,0.000000000000000000e+00,0.000000000000000000e+00,0.000000000000000000e+00,0.000000000000000000e+00,0.000000000000000000e+00,7.856026098584897695e-06,7.856026098585914134e-06,7.856026098584897695e-06,7.856026098586117422e-06,0.000000000000000000e+00,0.000000000000000000e+00,0.000000000000000000e+00,0.000000000000000000e+00,0.000000000000000000e+00,5.144263791083598415e-04,3.948593187532871201e-04,0.000000000000000000e+00,0.000000000000000000e+00,0.000000000000000000e+00,0.000000000000000000e+00,0.000000000000000000e+00,0.000000000000000000e+00,0.000000000000000000e+00,0.000000000000000000e+00,0.000000000000000000e+00,0.000000000000000000e+00,7.856026098586117422e-06,7.856026098584897695e-06,7.856026098584897695e-06,0.000000000000000000e+00,0.000000000000000000e+00,0.000000000000000000e+00,0.000000000000000000e+00,0.000000000000000000e+00,5.144263791087153514e-04,3.987163206992831786e-04,0.000000000000000000e+00,0.000000000000000000e+00,0.000000000000000000e+00,0.000000000000000000e+00,0.000000000000000000e+00,0.000000000000000000e+00,0.000000000000000000e+00,0.000000000000000000e+00,0.000000000000000000e+00,0.000000000000000000e+00,0.000000000000000000e+00,7.856026098584897695e-06,7.856026098586117422e-06,7.856026098586117422e-06,0.000000000000000000e+00,0.000000000000000000e+00,0.000000000000000000e+00,0.000000000000000000e+00,4.565713498978938244e-04,0.000000000000000000e+00,0.000000000000000000e+00,0.000000000000000000e+00,0.000000000000000000e+00,0.000000000000000000e+00,0.000000000000000000e+00
0.000000000000000000e+00,0.000000000000000000e+00,0.000000000000000000e+00,0.000000000000000000e+00,0.000000000000000000e+00,6.546688415488432597e-06,6.546688415487416157e-06,6.546688415488432597e-06,1.662620816924449598e-03,0.000000000000000000e+00,3.904095947889919122e-04,0.000000000000000000e+00,0.000000000000000000e+00,4.286886492571362122e-04,3.322636005836302050e-04,0.000000000000000000e+00,0.000000000000000000e+00,0.000000000000000000e+00,0.000000000000000000e+00,0.000000000000000000e+00,0.000000000000000000e+00,0.000000000000000000e+00,0.000000000000000000e+00,0.000000000000000000e+00,6.546688415487416157e-06,6.546688415487416157e-06,6.546688415487416157e-06,6.546688415487416157e-06,0.000000000000000000e+00,0.000000000000000000e+00,1.560488395313376284e-03,0.000000000000000000e+00,0.000000000000000000e+00,4.286886492566147110e-04,3.290494322947503303e-04,0.000000000000000000e+00,0.000000000000000000e+00,0.000000000000000000e+00,0.000000000000000000e+00,0.000000000000000000e+00,0.000000000000000000e+00,0.000000000000000000e+00,0.000000000000000000e+00,6.546688415487416157e-06,2.428425657315086417e-02,6.546688415487416157e-06,6.546688415488432597e-06,5.227743744616474193e-06,5.227743744616474193e-06,0.000000000000000000e+00,1.560488395313376284e-03,1.560488395313376284e-03,4.785082577298688526e-04,3.788690407725138314e-04,3.306565164372046056e-04,2.808369079673620145e-04,0.000000000000000000e+00,0.000000000000000000e+00,0.000000000000000000e+00,0.000000000000000000e+00,0.000000000000000000e+00,0.000000000000000000e+00,0.000000000000000000e+00,3.669512397051335811e-04,2.428425657315086417e-02,6.546688415487553377e-06,6.546688415488432597e-06,6.546688415487416157e-06,0.000000000000000000e+00,0.000000000000000000e+00,1.598368814347804479e-02,0.000000000000000000e+00,4.801153418734657686e-04,3.804761249146173131e-04,3.306565164372046056e-04,2.792298238216451038e-04,0.000000000000000000e+00,0.000000000000000000e+00,0.000000000000000000e+00,0.000000000000000000e+00,0.000000000000000000e+00,0.000000000000000000e+00,6.546688415487565235e-06,6.546688415487565235e-06,4.960629881111881627e-03,6.546688415487416157e-06,6.546688415487416157e-06,6.546688415491902044e-06,0.000000000000000000e+00,0.000000000000000000e+00,0.000000000000000000e+00,5.283278662048710534e-04,4.302957333951809831e-04,4.302957333951809831e-04,3.306565164373608933e-04,2.310172994817491336e-04,2.310172994817491336e-04,0.000000000000000000e+00,0.000000000000000000e+00,0.000000000000000000e+00,0.000000000000000000e+00,0.000000000000000000e+00,6.546688415487416157e-06,6.546688415488432597e-06,6.546688415488432597e-06,2.189477055177909207e-02,6.546688415488339423e-06,6.546688415488432597e-06,6.546688415487638080e-06,0.000000000000000000e+00,0.000000000000000000e+00,6.261013223782062320e-02,4.801153418733017288e-04,3.788690407724446050e-04,3.290494322945138115e-04,2.808369079671980289e-04,1.795906068596966160e-04,0.000000000000000000e+00,0.000000000000000000e+00,0.000000000000000000e+00,0.000000000000000000e+00,0.000000000000000000e+00,6.546688415487419545e-06,6.546688415487422934e-06,6.546688415488432597e-06,6.546688415487416157e-06,6.546688415488432597e-06,6.546688415488432597e-06,2.296352566533005047e-06,0.000000000000000000e+00,2.152182186543790884e-02,6.261013223782062320e-02,4.785082577305613868e-04,3.804761249145118202e-04,3.290494322945138115e-04,2.792298238214254444e-04,1.795906068597638637e-04,0.000000000000000000e+00,0.000000000000000000e+00,0.000000000000000000e+00,0.000000000000000000e+00,0.000000000000000000e+00,6.546688415487412769e-06,6.546688415487565235e-06,6.546688415487422934e-06,6.546688415487416157e-06,6.546688415487416157e-06,6.546688415487553377e-06,6.566467159009083121e-03,2.074665605712780123e-02,2.032376222289570752e-02,6.393556160423384538e-02,4.286886492571008673e-04,4.286886492571008673e-04,3.306565164370363916e-04,2.294102153362317432e-04,4.509597577074469328e-04,0.000000000000000000e+00,0.000000000000000000e+00,0.000000000000000000e+00,0.000000000000000000e+00,2.795229234076569095e-04,6.546688415487412769e-06,6.546688415487565235e-06,6.546688415487416157e-06,6.546688415487422934e-06,6.546688415487416157e-06,6.546688415487565235e-06,6.566467159009083121e-03,2.074665605712780123e-02,1.230240936441141623e-02,6.261013223784411830e-02,7.344086155308526820e-02,3.772619566301221145e-04,3.274423481468562332e-04,3.206248401601779043e-04,4.509597577074469328e-04,4.043543175188943134e-04,0.000000000000000000e+00,0.000000000000000000e+00,0.000000000000000000e+00,0.000000000000000000e+00,6.546688415487416157e-06,6.546688415488432597e-06,6.546688415488432597e-06,6.546688415487416157e-06,6.546688415487422934e-06,1.317036411113303935e-03,1.317036411113303935e-03,3.573701904398680906e-02,2.152182186530409227e-02,2.152182186530409227e-02,7.343764738480634824e-02,3.804761249143285900e-04,2.776227396746314873e-04,2.776227396746314873e-04,4.541739259960649727e-04,0.000000000000000000e+00,0.000000000000000000e+00,0.000000000000000000e+00,0.000000000000000000e+00,2.415091018022451764e-04,6.546688415487416157e-06,6.546688415487565235e-06,6.546688415487565235e-06,6.546688415487565235e-06,6.546688415488432597e-06,6.546688415487422934e-06,2.311725216010544065e-02,1.364454445890786634e-02,6.295741673099813397e-04,6.261013223780684256e-02,7.344086155308504615e-02,3.772619566304332805e-04,3.274423481469939268e-04,5.023864503282384148e-04,4.509597577074037815e-04,4.043543175188657988e-04,0.000000000000000000e+00,0.000000000000000000e+00,0.000000000000000000e+00,0.000000000000000000e+00,6.546688415487416157e-06,6.546688415487416157e-06,6.546688415487416157e-06,6.546688415487553377e-06,6.546688415487553377e-06,6.546688415487565235e-06,1.012765083971737742e-02,1.364454445890786634e-02,0.000000000000000000e+00,6.393556160439022029e-02,4.286886492566515739e-04,4.286886492566515739e-04,3.306565164384430897e-04,2.294102153361931727e-04,4.509597577074037815e-04,0.000000000000000000e+00,0.000000000000000000e+00,0.000000000000000000e+00,0.000000000000000000e+00,0.000000000000000000e+00,6.546688415487416157e-06,6.546688415487416157e-06,6.546688415487416157e-06,6.546688415488432597e-06,6.546688415487553377e-06,6.546688415487565235e-06,6.568763511575590949e-03,7.727292304056822443e-03,2.152182186521706814e-02,6.261013223785200088e-02,4.785082577305458827e-04,3.804761249143368300e-04,3.290494322943682032e-04,2.792298238206991916e-04,1.795906068597471670e-04,0.000000000000000000e+00,0.000000000000000000e+00,0.000000000000000000e+00,0.000000000000000000e+00,0.000000000000000000e+00,6.546688415487416157e-06,6.546688415487565235e-06,6.546688415487416157e-06,6.546688415488432597e-06,6.546688415487416157e-06,6.546688415487565235e-06,1.252763699698383748e-02,0.000000000000000000e+00,0.000000000000000000e+00,6.261013223785200088e-02,4.801153418731567710e-04,3.788690407719416979e-04,3.290494322943682032e-04,2.808369079670803388e-04,1.795906068597807230e-04,0.000000000000000000e+00,0.000000000000000000e+00,0.000000000000000000e+00,0.000000000000000000e+00,0.000000000000000000e+00,6.546688415487416157e-06,6.546688415487416157e-06,6.546688415487416157e-06,6.546688415487416157e-06,6.546688415487416157e-06,6.546688415487416157e-06,1.845656726339282155e-02,0.000000000000000000e+00,0.000000000000000000e+00,5.283278662049409845e-04,4.302957333953967393e-04,4.302957333953967393e-04,3.306565164371908362e-04,2.310172994819017079e-04,2.310172994819017079e-04,0.000000000000000000e+00,0.000000000000000000e+00,0.000000000000000000e+00,0.000000000000000000e+00,0.000000000000000000e+00,0.000000000000000000e+00,6.546688415487416157e-06,6.546688415487416157e-06,6.546688415487416157e-06,6.546688415487416157e-06,6.546688415487416157e-06,1.131034569336360034e-02,0.000000000000000000e+00,0.000000000000000000e+00,0.000000000000000000e+00,4.801153418728858289e-04,3.804761249149432242e-04,3.306565164367023489e-04,2.792298238207989924e-04,0.000000000000000000e+00,0.000000000000000000e+00,0.000000000000000000e+00,0.000000000000000000e+00,0.000000000000000000e+00,0.000000000000000000e+00,0.000000000000000000e+00,6.546688415488432597e-06,6.546688415487416157e-06,6.546688415487416157e-06,6.546688415488432597e-06,5.716308941493514372e-06,5.716308941493514372e-06,0.000000000000000000e+00,0.000000000000000000e+00,0.000000000000000000e+00,4.785082577311874051e-04,3.788690407720025758e-04,3.306565164367023489e-04,2.808369079675673624e-04,0.000000000000000000e+00,0.000000000000000000e+00,0.000000000000000000e+00,0.000000000000000000e+00,0.000000000000000000e+00,0.000000000000000000e+00,0.000000000000000000e+00,0.000000000000000000e+00,6.546688415487416157e-06,6.546688415488263190e-06,6.546688415487416157e-06,6.546688415488432597e-06,0.000000000000000000e+00,2.598310142457870529e-03,0.000000000000000000e+00,0.000000000000000000e+00,0.000000000000000000e+00,4.286886492569665346e-04,3.290494322944055540e-04,0.000000000000000000e+00,0.000000000000000000e+00,0.000000000000000000e+00,0.000000000000000000e+00,0.000000000000000000e+00,0.000000000000000000e+00,0.000000000000000000e+00,0.000000000000000000e+00,0.000000000000000000e+00,0.000000000000000000e+00,6.546688415488432597e-06,6.546688415487416157e-06,6.971147371178341989e-04,0.000000000000000000e+00,2.598310142457870529e-03,0.000000000000000000e+00,5.817719634914714473e-20,0.000000000000000000e+00,4.286886492572629555e-04,3.322636005827360635e-04,0.000000000000000000e+00,0.000000000000000000e+00,0.000000000000000000e+00,0.000000000000000000e+00,0.000000000000000000e+00,0.000000000000000000e+00,0.000000000000000000e+00,0.000000000000000000e+00,0.000000000000000000e+00,0.000000000000000000e+00,0.000000000000000000e+00,6.546688415487416157e-06,6.546688415488432597e-06,6.546688415488432597e-06,0.000000000000000000e+00,0.000000000000000000e+00,0.000000000000000000e+00,0.000000000000000000e+00,3.804761249149116197e-04,0.000000000000000000e+00,0.000000000000000000e+00,0.000000000000000000e+00,0.000000000000000000e+00,0.000000000000000000e+00,0.000000000000000000e+00
0.000000000000000000e+00,0.000000000000000000e+00,0.000000000000000000e+00,0.000000000000000000e+00,0.000000000000000000e+00,2.618675366195373039e-06,2.618675366194966463e-06,2.618675366195373039e-06,4.156552042311125079e-03,0.000000000000000000e+00,9.760239869724798888e-04,0.000000000000000000e+00,0.000000000000000000e+00,1.714754597028544849e-04,1.329054402334521254e-04,0.000000000000000000e+00,0.000000000000000000e+00,0.000000000000000000e+00,0.000000000000000000e+00,0.000000000000000000e+00,0.000000000000000000e+00,0.000000000000000000e+00,0.000000000000000000e+00,0.000000000000000000e+00,2.618675366194966463e-06,2.618675366194966463e-06,2.618675366194966463e-06,2.618675366194966463e-06,0.000000000000000000e+00,0.000000000000000000e+00,3.901220988283441143e-03,0.000000000000000000e+00,0.000000000000000000e+00,1.714754597026458844e-04,1.316197729179001755e-04,0.000000000000000000e+00,0.000000000000000000e+00,0.000000000000000000e+00,0.000000000000000000e+00,0.000000000000000000e+00,0.000000000000000000e+00,0.000000000000000000e+00,0.000000000000000000e+00,2.618675366194966463e-06,1.473162327414107020e-02,2.618675366194966463e-06,2.618675366195373039e-06,2.091097497846590694e-06,2.091097497846590694e-06,0.000000000000000000e+00,3.901220988283441143e-03,3.901220988283441143e-03,1.914033030919475736e-04,1.515476163090055976e-04,1.322626065748818639e-04,1.123347631869448058e-04,0.000000000000000000e+00,0.000000000000000000e+00,0.000000000000000000e+00,0.000000000000000000e+00,0.000000000000000000e+00,0.000000000000000000e+00,0.000000000000000000e+00,1.467804958820535192e-04,1.473162327414107020e-02,2.618675366195021520e-06,2.618675366195373039e-06,2.618675366194966463e-06,0.000000000000000000e+00,0.000000000000000000e+00,3.995922035869511196e-02,0.000000000000000000e+00,1.920461367493863074e-04,1.521904499658469903e-04,1.322626065748818639e-04,1.116919295286580632e-04,0.000000000000000000e+00,0.000000000000000000e+00,0.000000000000000000e+00,0.000000000000000000e+00,0.000000000000000000e+00,0.000000000000000000e+00,2.618675366195027449e-06,2.618675366195027449e-06,1.984251952444752651e-03,2.618675366194966463e-06,2.618675366194966463e-06,2.618675366196762173e-06,0.000000000000000000e+00,0.000000000000000000e+00,0.000000000000000000e+00,2.113311464819484647e-04,1.721182933580724475e-04,1.721182933580724475e-04,1.322626065749444224e-04,9.240691979269966970e-05,9.240691979269966970e-05,0.000000000000000000e+00,0.000000000000000000e+00,0.000000000000000000e+00,0.000000000000000000e+00,0.000000000000000000e+00,2.618675366194966463e-06,2.618675366195373039e-06,2.618675366195373039e-06,8.757908220711638214e-03,2.618675366195336616e-06,2.618675366195373039e-06,2.618675366195055401e-06,0.000000000000000000e+00,0.000000000000000000e+00,2.504405289512826038e-02,1.920461367493207674e-04,1.515476163089778420e-04,1.316197729178055246e-04,1.123347631868792116e-04,7.183624274387866268e-05,0.000000000000000000e+00,0.000000000000000000e+00,0.000000000000000000e+00,0.000000000000000000e+00,0.000000000000000000e+00,2.618675366194978321e-06,2.618675366194969851e-06,2.618675366195373039e-06,2.618675366194966463e-06,2.618675366195373039e-06,2.618675366195373039e-06,9.185410266132020189e-07,0.000000000000000000e+00,8.608728746175166313e-03,2.504405289512826038e-02,1.914033030922245872e-04,1.521904499658048148e-04,1.316197729178055246e-04,1.116919295285702428e-04,7.183624274390584905e-05,0.000000000000000000e+00,0.000000000000000000e+00,0.000000000000000000e+00,0.000000000000000000e+00,0.000000000000000000e+00,2.618675366194966463e-06,2.618675366195027449e-06,2.618675366194969851e-06,2.618675366194966463e-06,2.618675366194966463e-06,2.618675366195021520e-06,2.626586863603634116e-03,4.444089461822335607e-02,5.080940555723927055e-02,2.557422464169353815e-02,1.714754597028403903e-04,1.714754597028403903e-04,1.322626065748148060e-04,9.176408613449269728e-05,7.536339965665338030e-04,0.000000000000000000e+00,0.000000000000000000e+00,0.000000000000000000e+00,0.000000000000000000e+00,6.850592628466178587e-04,2.618675366194966463e-06,2.618675366195027449e-06,2.618675366194966463e-06,2.618675366194969851e-06,2.618675366194966463e-06,2.618675366195027449e-06,2.626586863603634116e-03,4.444089461822335607e-02,2.943391765968031079e-02,2.504405289513765565e-02,2.937634462123411838e-02,1.509047826520488458e-04,1.309769392587425475e-04,3.198006481943125906e-04,7.536339965665338030e-04,7.349918204911129287e-04,0.000000000000000000e+00,0.000000000000000000e+00,0.000000000000000000e+00,0.000000000000000000e+00,2.618675366194966463e-06,2.618675366195373039e-06,2.618675366195373039e-06,2.618675366194966463e-06,2.618675366194969851e-06,5.268145644453216606e-04,5.268145644453216606e-04,7.555296657604795851e-02,8.608728746121639686e-03,8.608728746121639686e-03,2.937505895392254762e-02,1.521904499657315227e-04,1.110490958698526383e-04,1.110490958698526383e-04,7.549196638819810189e-04,0.000000000000000000e+00,0.000000000000000000e+00,0.000000000000000000e+00,0.000000000000000000e+00,5.900247088330873605e-04,2.618675366194966463e-06,2.618675366195027449e-06,2.618675366195027449e-06,2.618675366195027449e-06,2.618675366195373039e-06,2.618675366194969851e-06,4.400354936634452707e-02,3.411136114726966845e-02,2.518296669239926660e-04,2.504405289512273702e-02,2.937634462123403511e-02,1.509047826521733122e-04,1.309769392587976249e-04,7.742046736148508728e-04,7.536339965665165641e-04,7.349918204911025203e-04,0.000000000000000000e+00,0.000000000000000000e+00,0.000000000000000000e+00,0.000000000000000000e+00,2.618675366194966463e-06,2.618675366194966463e-06,2.618675366194966463e-06,2.618675366195021520e-06,2.618675366195021520e-06,2.618675366195027449e-06,1.152954606537436727e-02,3.411136114726966845e-02,0.000000000000000000e+00,2.557422464175609922e-02,1.714754597026606295e-04,1.714754597026606295e-04,1.322626065753772359e-04,9.176408613447730161e-05,7.536339965665165641e-04,0.000000000000000000e+00,0.000000000000000000e+00,0.000000000000000000e+00,0.000000000000000000e+00,0.000000000000000000e+00,2.618675366194966463e-06,2.618675366194966463e-06,2.618675366194966463e-06,2.618675366195373039e-06,2.618675366195021520e-06,2.618675366195027449e-06,2.627505404630237767e-03,1.931823076014205914e-02,8.608728746086830724e-03,2.504405289514080590e-02,1.914033030922183531e-04,1.521904499657347754e-04,1.316197729177473030e-04,1.116919295282796766e-04,7.183624274389891016e-05,0.000000000000000000e+00,0.000000000000000000e+00,0.000000000000000000e+00,0.000000000000000000e+00,0.000000000000000000e+00,2.618675366194966463e-06,2.618675366195027449e-06,2.618675366194966463e-06,2.618675366195373039e-06,2.618675366194966463e-06,2.618675366195027449e-06,1.751576341286800037e-02,0.000000000000000000e+00,0.000000000000000000e+00,2.504405289514080590e-02,1.920461367492627084e-04,1.515476163087767225e-04,1.316197729177473030e-04,1.123347631868322656e-04,7.183624274391235427e-05,0.000000000000000000e+00,0.000000000000000000e+00,0.000000000000000000e+00,0.000000000000000000e+00,0.000000000000000000e+00,2.618675366194966463e-06,2.618675366194966463e-06,2.618675366194966463e-06,2.618675366194966463e-06,2.618675366194966463e-06,2.618675366194968157e-06,3.235183712456298627e-02,0.000000000000000000e+00,0.000000000000000000e+00,2.113311464819764372e-04,1.721182933581587499e-04,1.721182933581587499e-04,1.322626065748763345e-04,9.240691979276068318e-05,9.240691979276068318e-05,0.000000000000000000e+00,0.000000000000000000e+00,0.000000000000000000e+00,0.000000000000000000e+00,0.000000000000000000e+00,0.000000000000000000e+00,2.618675366194966463e-06,2.618675366194966463e-06,2.618675366194966463e-06,2.618675366194966463e-06,2.618675366194966463e-06,2.827586423340900171e-02,0.000000000000000000e+00,0.000000000000000000e+00,0.000000000000000000e+00,1.920461367491543424e-04,1.521904499659773114e-04,1.322626065746809612e-04,1.116919295283196295e-04,0.000000000000000000e+00,0.000000000000000000e+00,0.000000000000000000e+00,0.000000000000000000e+00,0.000000000000000000e+00,0.000000000000000000e+00,0.000000000000000000e+00,2.618675366195373039e-06,2.618675366194966463e-06,2.618675366194966463e-06,2.618675366195373039e-06,2.286523576597406426e-06,2.286523576597406426e-06,0.000000000000000000e+00,0.000000000000000000e+00,0.000000000000000000e+00,1.914033030924750379e-04,1.515476163088010629e-04,1.322626065746809612e-04,1.123347631870269883e-04,0.000000000000000000e+00,0.000000000000000000e+00,0.000000000000000000e+00,0.000000000000000000e+00,0.000000000000000000e+00,0.000000000000000000e+00,0.000000000000000000e+00,0.000000000000000000e+00,2.618675366194966463e-06,2.618675366195305276e-06,2.618675366194966463e-06,2.618675366195373039e-06,0.000000000000000000e+00,6.495775356144677624e-03,0.000000000000000000e+00,0.000000000000000000e+00,0.000000000000000000e+00,1.714754597027866681e-04,1.316197729177622650e-04,0.000000000000000000e+00,0.000000000000000000e+00,0.000000000000000000e+00,0.000000000000000000e+00,0.000000000000000000e+00,0.000000000000000000e+00,0.000000000000000000e+00,0.000000000000000000e+00,0.000000000000000000e+00,0.000000000000000000e+00,2.618675366195373039e-06,2.618675366194966463e-06,1.729038797122062166e-03,0.000000000000000000e+00,6.495775356144677624e-03,0.000000000000000000e+00,1.454429908728678799e-19,0.000000000000000000e+00,1.714754597029053882e-04,1.329054402330944471e-04,0.000000000000000000e+00,0.000000000000000000e+00,0.000000000000000000e+00,0.000000000000000000e+00,0.000000000000000000e+00,0.000000000000000000e+00,0.000000000000000000e+00,0.000000000000000000e+00,0.000000000000000000e+00,0.000000000000000000e+00,0.000000000000000000e+00,2.618675366194966463e-06,2.618675366195373039e-06,2.618675366195373039e-06,0.000000000000000000e+00,0.000000000000000000e+00,0.000000000000000000e+00,0.000000000000000000e+00,1.521904499659646804e-04,0.000000000000000000e+00,0.000000000000000000e+00,0.000000000000000000e+00,0.000000000000000000e+00,0.000000000000000000e+00,0.000000000000000000e+00
0.000000000000000000e+00,0.000000000000000000e+00,0.000000000000000000e+00,0.000000000000000000e+00,0.000000000000000000e+00,0.000000000000000000e+00,0.000000000000000000e+00,1.168134095668538962e-04,4.987862450773351830e-03,0.000000000000000000e+00,1.171228784366976170e-03,0.000000000000000000e+00,1.666472749625094833e-19,0.000000000000000000e+00,0.000000000000000000e+00,0.000000000000000000e+00,0.000000000000000000e+00,0.000000000000000000e+00,0.000000000000000000e+00,0.000000000000000000e+00,0.000000000000000000e+00,0.000000000000000000e+00,0.000000000000000000e+00,0.000000000000000000e+00,0.000000000000000000e+00,0.000000000000000000e+00,0.000000000000000000e+00,0.000000000000000000e+00,0.000000000000000000e+00,0.000000000000000000e+00,4.681465185940130586e-03,0.000000000000000000e+00,1.666472749625094833e-19,0.000000000000000000e+00,0.000000000000000000e+00,0.000000000000000000e+00,0.000000000000000000e+00,0.000000000000000000e+00,0.000000000000000000e+00,0.000000000000000000e+00,0.000000000000000000e+00,0.000000000000000000e+00,0.000000000000000000e+00,0.000000000000000000e+00,7.168458064115316303e-03,0.000000000000000000e+00,0.000000000000000000e+00,0.000000000000000000e+00,0.000000000000000000e+00,0.000000000000000000e+00,4.681465185940130586e-03,4.681465185940130586e-03,0.000000000000000000e+00,0.000000000000000000e+00,0.000000000000000000e+00,0.000000000000000000e+00,0.000000000000000000e+00,0.000000000000000000e+00,0.000000000000000000e+00,0.000000000000000000e+00,0.000000000000000000e+00,0.000000000000000000e+00,0.000000000000000000e+00,0.000000000000000000e+00,7.168458064115316303e-03,0.000000000000000000e+00,0.000000000000000000e+00,0.000000000000000000e+00,0.000000000000000000e+00,6.186459661623923238e-03,4.992428495481365802e-02,0.000000000000000000e+00,0.000000000000000000e+00,0.000000000000000000e+00,0.000000000000000000e+00,0.000000000000000000e+00,0.000000000000000000e+00,0.000000000000000000e+00,0.000000000000000000e+00,0.000000000000000000e+00,0.000000000000000000e+00,0.000000000000000000e+00,0.000000000000000000e+00,0.000000000000000000e+00,0.000000000000000000e+00,0.000000000000000000e+00,0.000000000000000000e+00,0.000000000000000000e+00,0.000000000000000000e+00,6.186459661623923238e-03,0.000000000000000000e+00,0.000000000000000000e+00,0.000000000000000000e+00,0.000000000000000000e+00,0.000000000000000000e+00,0.000000000000000000e+00,0.000000000000000000e+00,0.000000000000000000e+00,0.000000000000000000e+00,0.000000000000000000e+00,0.000000000000000000e+00,0.000000000000000000e+00,1.707358653942034929e-04,0.000000000000000000e+00,0.000000000000000000e+00,0.000000000000000000e+00,0.000000000000000000e+00,0.000000000000000000e+00,0.000000000000000000e+00,0.000000000000000000e+00,3.790739193675366978e-05,0.000000000000000000e+00,8.342323342711131202e-20,0.000000000000000000e+00,8.511008033420482989e-04,0.000000000000000000e+00,4.866672764613355759e-05,0.000000000000000000e+00,0.000000000000000000e+00,0.000000000000000000e+00,0.000000000000000000e+00,0.000000000000000000e+00,1.253208388488866460e-20,0.000000000000000000e+00,0.000000000000000000e+00,0.000000000000000000e+00,0.000000000000000000e+00,0.000000000000000000e+00,0.000000000000000000e+00,1.548426197220438387e-02,0.000000000000000000e+00,0.000000000000000000e+00,1.789611346397406299e-20,0.000000000000000000e+00,8.511008033420482989e-04,3.661930666124243715e-20,3.570060913560268223e-19,0.000000000000000000e+00,0.000000000000000000e+00,0.000000000000000000e+00,0.000000000000000000e+00,0.000000000000000000e+00,0.000000000000000000e+00,0.000000000000000000e+00,0.000000000000000000e+00,0.000000000000000000e+00,0.000000000000000000e+00,0.000000000000000000e+00,0.000000000000000000e+00,6.744812961014001740e-02,6.097128666868714686e-02,0.000000000000000000e+00,0.000000000000000000e+00,0.000000000000000000e+00,3.080662660441633881e-19,0.000000000000000000e+00,8.189287049765073094e-04,0.000000000000000000e+00,0.000000000000000000e+00,0.000000000000000000e+00,0.000000000000000000e+00,8.189287049765073094e-04,0.000000000000000000e+00,0.000000000000000000e+00,0.000000000000000000e+00,0.000000000000000000e+00,0.000000000000000000e+00,0.000000000000000000e+00,8.624291904916439599e-03,6.744812961014001740e-02,3.601435440466492499e-02,0.000000000000000000e+00,6.651401897829957361e-21,0.000000000000000000e+00,0.000000000000000000e+00,2.736438744717735396e-04,8.189287049765073094e-04,8.189287049765073094e-04,0.000000000000000000e+00,0.000000000000000000e+00,0.000000000000000000e+00,0.000000000000000000e+00,0.000000000000000000e+00,0.000000000000000000e+00,0.000000000000000000e+00,0.000000000000000000e+00,0.000000000000000000e+00,0.000000000000000000e+00,0.000000000000000000e+00,1.037701652067404279e-01,0.000000000000000000e+00,0.000000000000000000e+00,0.000000000000000000e+00,0.000000000000000000e+00,0.000000000000000000e+00,0.000000000000000000e+00,8.189287049765073094e-04,0.000000000000000000e+00,0.000000000000000000e+00,0.000000000000000000e+00,0.000000000000000000e+00,7.048872401602705381e-04,0.000000000000000000e+00,0.000000000000000000e+00,0.000000000000000000e+00,0.000000000000000000e+00,0.000000000000000000e+00,1.628864108724836313e-04,5.320630205945718616e-02,5.610064816841291158e-02,9.958488133567121921e-04,0.000000000000000000e+00,0.000000000000000000e+00,0.000000000000000000e+00,0.000000000000000000e+00,8.189287049765081768e-04,8.189287049765073094e-04,8.189287049765089357e-04,0.000000000000000000e+00,0.000000000000000000e+00,0.000000000000000000e+00,0.000000000000000000e+00,0.000000000000000000e+00,0.000000000000000000e+00,0.000000000000000000e+00,0.000000000000000000e+00,0.000000000000000000e+00,6.197613342196046059e-04,1.377629318476048317e-02,5.610064816841291158e-02,9.418209088374973441e-04,0.000000000000000000e+00,0.000000000000000000e+00,0.000000000000000000e+00,1.303883871765094936e-20,0.000000000000000000e+00,8.189287049765073094e-04,0.000000000000000000e+00,0.000000000000000000e+00,0.000000000000000000e+00,0.000000000000000000e+00,0.000000000000000000e+00,0.000000000000000000e+00,5.964654024943094024e-06,0.000000000000000000e+00,0.000000000000000000e+00,0.000000000000000000e+00,0.000000000000000000e+00,0.000000000000000000e+00,2.469616239835244198e-02,0.000000000000000000e+00,0.000000000000000000e+00,0.000000000000000000e+00,0.000000000000000000e+00,0.000000000000000000e+00,0.000000000000000000e+00,0.000000000000000000e+00,0.000000000000000000e+00,0.000000000000000000e+00,0.000000000000000000e+00,0.000000000000000000e+00,0.000000000000000000e+00,1.566727963111978086e-05,8.098809783502251453e-06,0.000000000000000000e+00,0.000000000000000000e+00,0.000000000000000000e+00,0.000000000000000000e+00,1.786386944867781115e-02,1.618632028509269872e-03,0.000000000000000000e+00,0.000000000000000000e+00,0.000000000000000000e+00,0.000000000000000000e+00,0.000000000000000000e+00,1.237190774713325085e-19,3.661930666124243715e-20,0.000000000000000000e+00,0.000000000000000000e+00,0.000000000000000000e+00,0.000000000000000000e+00,0.000000000000000000e+00,0.000000000000000000e+00,0.000000000000000000e+00,1.566727963111978086e-05,0.000000000000000000e+00,0.000000000000000000e+00,8.405409554643068868e-22,3.567030031315122918e-02,0.000000000000000000e+00,2.967715918962412976e-05,0.000000000000000000e+00,0.000000000000000000e+00,0.000000000000000000e+00,0.000000000000000000e+00,0.000000000000000000e+00,0.000000000000000000e+00,0.000000000000000000e+00,0.000000000000000000e+00,0.000000000000000000e+00,0.000000000000000000e+00,0.000000000000000000e+00,0.000000000000000000e+00,5.964654024946087438e-06,1.458420167609403908e-05,0.000000000000000000e+00,0.000000000000000000e+00,6.458006017987454701e-05,3.450213168666427938e-02,0.000000000000000000e+00,0.000000000000000000e+00,0.000000000000000000e+00,0.000000000000000000e+00,0.000000000000000000e+00,0.000000000000000000e+00,0.000000000000000000e+00,0.000000000000000000e+00,0.000000000000000000e+00,0.000000000000000000e+00,0.000000000000000000e+00,0.000000000000000000e+00,0.000000000000000000e+00,0.000000000000000000e+00,8.098809783426148931e-06,1.458420167609403908e-05,0.000000000000000000e+00,0.000000000000000000e+00,0.000000000000000000e+00,0.000000000000000000e+00,1.769632862718333380e-02,0.000000000000000000e+00,0.000000000000000000e+00,0.000000000000000000e+00,1.891842088083300728e-05,0.000000000000000000e+00,1.405948424326406203e-05,0.000000000000000000e+00,0.000000000000000000e+00,0.000000000000000000e+00,0.000000000000000000e+00,0.000000000000000000e+00,0.000000000000000000e+00,0.000000000000000000e+00,0.000000000000000000e+00,0.000000000000000000e+00,5.360469800585468880e-04,0.000000000000000000e+00,0.000000000000000000e+00,0.000000000000000000e+00,1.977533623204364571e-02,0.000000000000000000e+00,0.000000000000000000e+00,7.950915584436899972e-20,0.000000000000000000e+00,0.000000000000000000e+00,0.000000000000000000e+00,0.000000000000000000e+00,0.000000000000000000e+00,0.000000000000000000e+00,0.000000000000000000e+00,0.000000000000000000e+00,0.000000000000000000e+00,0.000000000000000000e+00,0.000000000000000000e+00,0.000000000000000000e+00,5.360469800585468880e-04,0.000000000000000000e+00,2.607751126165588126e-03,0.000000000000000000e+00,1.977533623204364571e-02,1.902679581761797375e-03,1.745315890474414944e-19,7.950915584436899972e-20,1.694010859732735006e-19,0.000000000000000000e+00,0.000000000000000000e+00,0.000000000000000000e+00,0.000000000000000000e+00,0.000000000000000000e+00,0.000000000000000000e+00,0.000000000000000000e+00,0.000000000000000000e+00,0.000000000000000000e+00,0.000000000000000000e+00,0.000000000000000000e+00,0.000000000000000000e+00,5.360469800585472133e-04,0.000000000000000000e+00,0.000000000000000000e+00,0.000000000000000000e+00,1.891842088083292258e-05,1.891842088083292258e-05,0.000000000000000000e+00,0.000000000000000000e+00,0.000000000000000000e+00,0.000000000000000000e+00,0.000000000000000000e+00,0.000000000000000000e+00,0.000000000000000000e+00,0.000000000000000000e+00
0.000000000000000000e+00,0.000000000000000000e+00,0.000000000000000000e+00,0.000000000000000000e+00,0.000000000000000000e+00,0.000000000000000000e+00,0.000000000000000000e+00,4.672536382674159099e-04,2.493931225386675481e-03,0.000000000000000000e+00,5.856143921834881935e-04,0.000000000000000000e+00,6.665890998500383185e-19,0.000000000000000000e+00,0.000000000000000000e+00,0.000000000000000000e+00,0.000000000000000000e+00,0.000000000000000000e+00,0.000000000000000000e+00,0.000000000000000000e+00,0.000000000000000000e+00,0.000000000000000000e+00,0.000000000000000000e+00,0.000000000000000000e+00,0.000000000000000000e+00,0.000000000000000000e+00,0.000000000000000000e+00,0.000000000000000000e+00,0.000000000000000000e+00,0.000000000000000000e+00,2.340732592970064859e-03,0.000000000000000000e+00,6.665890998500383185e-19,0.000000000000000000e+00,0.000000000000000000e+00,0.000000000000000000e+00,0.000000000000000000e+00,0.000000000000000000e+00,0.000000000000000000e+00,0.000000000000000000e+00,0.000000000000000000e+00,0.000000000000000000e+00,0.000000000000000000e+00,0.000000000000000000e+00,3.584229032057658151e-03,0.000000000000000000e+00,0.000000000000000000e+00,0.000000000000000000e+00,0.000000000000000000e+00,0.000000000000000000e+00,2.340732592970064859e-03,2.340732592970064859e-03,0.000000000000000000e+00,0.000000000000000000e+00,0.000000000000000000e+00,0.000000000000000000e+00,0.000000000000000000e+00,0.000000000000000000e+00,0.000000000000000000e+00,0.000000000000000000e+00,0.000000000000000000e+00,0.000000000000000000e+00,0.000000000000000000e+00,0.000000000000000000e+00,3.584229032057658151e-03,0.000000000000000000e+00,0.000000000000000000e+00,0.000000000000000000e+00,0.000000000000000000e+00,2.474583864649571030e-02,3.186841431273509245e-02,0.000000000000000000e+00,0.000000000000000000e+00,0.000000000000000000e+00,0.000000000000000000e+00,0.000000000000000000e+00,0.000000000000000000e+00,0.000000000000000000e+00,0.000000000000000000e+00,0.000000000000000000e+00,0.000000000000000000e+00,0.000000000000000000e+00,0.000000000000000000e+00,0.000000000000000000e+00,0.000000000000000000e+00,0.000000000000000000e+00,0.000000000000000000e+00,0.000000000000000000e+00,0.000000000000000000e+00,2.474583864649571030e-02,0.000000000000000000e+00,0.000000000000000000e+00,0.000000000000000000e+00,0.000000000000000000e+00,0.000000000000000000e+00,0.000000000000000000e+00,0.000000000000000000e+00,0.000000000000000000e+00,0.000000000000000000e+00,0.000000000000000000e+00,0.000000000000000000e+00,0.000000000000000000e+00,6.829434615768145136e-04,0.000000000000000000e+00,0.000000000000000000e+00,0.000000000000000000e+00,0.000000000000000000e+00,0.000000000000000000e+00,0.000000000000000000e+00,0.000000000000000000e+00,1.516295677470147875e-04,0.000000000000000000e+00,3.336929337084454888e-19,0.000000000000000000e+00,3.404403213368195364e-03,0.000000000000000000e+00,1.946669105845343659e-04,0.000000000000000000e+00,0.000000000000000000e+00,0.000000000000000000e+00,0.000000000000000000e+00,0.000000000000000000e+00,6.266041942444333050e-21,0.000000000000000000e+00,0.000000000000000000e+00,0.000000000000000000e+00,0.000000000000000000e+00,0.000000000000000000e+00,0.000000000000000000e+00,6.193704788881757711e-02,0.000000000000000000e+00,0.000000000000000000e+00,7.158445385589630010e-20,0.000000000000000000e+00,3.404403213368195364e-03,1.830965333062121858e-20,1.785030456780134352e-19,0.000000000000000000e+00,0.000000000000000000e+00,0.000000000000000000e+00,0.000000000000000000e+00,0.000000000000000000e+00,0.000000000000000000e+00,0.000000000000000000e+00,0.000000000000000000e+00,0.000000000000000000e+00,0.000000000000000000e+00,0.000000000000000000e+00,0.000000000000000000e+00,8.908135746369885699e-02,3.048564333434357343e-02,0.000000000000000000e+00,0.000000000000000000e+00,0.000000000000000000e+00,1.540331330220816700e-19,0.000000000000000000e+00,4.094643524882536547e-04,0.000000000000000000e+00,0.000000000000000000e+00,0.000000000000000000e+00,0.000000000000000000e+00,4.094643524882536547e-04,0.000000000000000000e+00,0.000000000000000000e+00,0.000000000000000000e+00,0.000000000000000000e+00,0.000000000000000000e+00,0.000000000000000000e+00,3.449716761966577921e-02,8.908135746369885699e-02,2.149264804908095766e-02,0.000000000000000000e+00,2.660560759131984750e-20,0.000000000000000000e+00,0.000000000000000000e+00,1.368219372358867698e-04,4.094643524882536547e-04,4.094643524882536547e-04,0.000000000000000000e+00,0.000000000000000000e+00,0.000000000000000000e+00,0.000000000000000000e+00,0.000000000000000000e+00,0.000000000000000000e+00,0.000000000000000000e+00,0.000000000000000000e+00,0.000000000000000000e+00,0.000000000000000000e+00,0.000000000000000000e+00,1.087898660346955648e-01,0.000000000000000000e+00,0.000000000000000000e+00,0.000000000000000000e+00,0.000000000000000000e+00,0.000000000000000000e+00,0.000000000000000000e+00,4.094643524882536547e-04,0.000000000000000000e+00,0.000000000000000000e+00,0.000000000000000000e+00,0.000000000000000000e+00,3.524436200801352691e-04,0.000000000000000000e+00,0.000000000000000000e+00,0.000000000000000000e+00,0.000000000000000000e+00,0.000000000000000000e+00,6.515456434899349588e-04,3.904196572631693507e-02,8.113487585511902633e-02,3.983395253426851371e-03,0.000000000000000000e+00,0.000000000000000000e+00,0.000000000000000000e+00,0.000000000000000000e+00,4.094643524882539800e-04,4.094643524882536547e-04,4.094643524882545221e-04,0.000000000000000000e+00,0.000000000000000000e+00,0.000000000000000000e+00,0.000000000000000000e+00,0.000000000000000000e+00,0.000000000000000000e+00,0.000000000000000000e+00,0.000000000000000000e+00,0.000000000000000000e+00,2.479045336878419725e-03,1.771274409160484772e-02,8.113487585511902633e-02,3.767283635349991978e-03,0.000000000000000000e+00,0.000000000000000000e+00,0.000000000000000000e+00,6.519419358825473927e-21,0.000000000000000000e+00,4.094643524882536547e-04,0.000000000000000000e+00,0.000000000000000000e+00,0.000000000000000000e+00,0.000000000000000000e+00,0.000000000000000000e+00,0.000000000000000000e+00,2.385861609977238965e-05,0.000000000000000000e+00,0.000000000000000000e+00,0.000000000000000000e+00,0.000000000000000000e+00,0.000000000000000000e+00,1.764808040081310841e-02,0.000000000000000000e+00,0.000000000000000000e+00,0.000000000000000000e+00,0.000000000000000000e+00,0.000000000000000000e+00,0.000000000000000000e+00,0.000000000000000000e+00,0.000000000000000000e+00,0.000000000000000000e+00,0.000000000000000000e+00,0.000000000000000000e+00,0.000000000000000000e+00,6.266911852447916409e-05,3.239523913400902614e-05,0.000000000000000000e+00,0.000000000000000000e+00,0.000000000000000000e+00,0.000000000000000000e+00,8.931934724338907311e-03,6.474528114037083823e-03,0.000000000000000000e+00,0.000000000000000000e+00,0.000000000000000000e+00,0.000000000000000000e+00,0.000000000000000000e+00,6.185953873566626631e-20,1.830965333062121858e-20,0.000000000000000000e+00,0.000000000000000000e+00,0.000000000000000000e+00,0.000000000000000000e+00,0.000000000000000000e+00,0.000000000000000000e+00,0.000000000000000000e+00,6.266911852447916409e-05,0.000000000000000000e+00,0.000000000000000000e+00,4.202704777321533964e-22,1.783515015657561806e-02,0.000000000000000000e+00,1.187086367584965868e-04,0.000000000000000000e+00,0.000000000000000000e+00,0.000000000000000000e+00,0.000000000000000000e+00,0.000000000000000000e+00,0.000000000000000000e+00,0.000000000000000000e+00,0.000000000000000000e+00,0.000000000000000000e+00,0.000000000000000000e+00,0.000000000000000000e+00,0.000000000000000000e+00,2.385861609978436669e-05,5.833680670437619697e-05,0.000000000000000000e+00,0.000000000000000000e+00,2.583202407194984049e-04,1.924989696633928882e-02,0.000000000000000000e+00,0.000000000000000000e+00,0.000000000000000000e+00,0.000000000000000000e+00,0.000000000000000000e+00,0.000000000000000000e+00,0.000000000000000000e+00,0.000000000000000000e+00,0.000000000000000000e+00,0.000000000000000000e+00,0.000000000000000000e+00,0.000000000000000000e+00,0.000000000000000000e+00,0.000000000000000000e+00,3.239523913370461605e-05,5.833680670437619697e-05,0.000000000000000000e+00,0.000000000000000000e+00,0.000000000000000000e+00,0.000000000000000000e+00,7.078531450873339070e-02,0.000000000000000000e+00,0.000000000000000000e+00,0.000000000000000000e+00,7.567368352333208334e-05,0.000000000000000000e+00,5.623793697305628201e-05,0.000000000000000000e+00,0.000000000000000000e+00,0.000000000000000000e+00,0.000000000000000000e+00,0.000000000000000000e+00,0.000000000000000000e+00,0.000000000000000000e+00,0.000000000000000000e+00,0.000000000000000000e+00,2.144187920234188853e-03,0.000000000000000000e+00,0.000000000000000000e+00,0.000000000000000000e+00,5.181908843236696094e-02,0.000000000000000000e+00,0.000000000000000000e+00,3.180366233774762396e-19,0.000000000000000000e+00,0.000000000000000000e+00,0.000000000000000000e+00,0.000000000000000000e+00,0.000000000000000000e+00,0.000000000000000000e+00,0.000000000000000000e+00,0.000000000000000000e+00,0.000000000000000000e+00,0.000000000000000000e+00,0.000000000000000000e+00,0.000000000000000000e+00,2.144187920234188853e-03,0.000000000000000000e+00,3.180039993287709851e-03,0.000000000000000000e+00,5.181908843236696094e-02,7.610718327047194705e-03,8.726579452372074718e-20,3.180366233774762396e-19,8.470054298663675028e-20,0.000000000000000000e+00,0.000000000000000000e+00,0.000000000000000000e+00,0.000000000000000000e+00,0.000000000000000000e+00,0.000000000000000000e+00,0.000000000000000000e+00,0.000000000000000000e+00,0.000000000000000000e+00,0.000000000000000000e+00,0.000000000000000000e+00,0.000000000000000000e+00,2.144187920234190154e-03,0.000000000000000000e+00,0.000000000000000000e+00,0.000000000000000000e+00,7.567368352333173097e-05,7.567368352333173097e-05,0.000000000000000000e+00,0.000000000000000000e+00,0.000000000000000000e+00,0.000000000000000000e+00,0.000000000000000000e+00,0.000000000000000000e+00,0.000000000000000000e+00,0.000000000000000000e+00
0.000000000000000000e+00,0.000000000000000000e+00,0.000000000000000000e+00,0.000000000000000000e+00,0.000000000000000000e+00,0.000000000000000000e+00,0.000000000000000000e+00,8.176938669679778560e-04,0.000000000000000000e+00,0.000000000000000000e+00,0.000000000000000000e+00,0.000000000000000000e+00,1.166530924737567082e-18,0.000000000000000000e+00,0.000000000000000000e+00,0.000000000000000000e+00,0.000000000000000000e+00,0.000000000000000000e+00,0.000000000000000000e+00,0.000000000000000000e+00,0.000000000000000000e+00,0.000000000000000000e+00,0.000000000000000000e+00,0.000000000000000000e+00,0.000000000000000000e+00,0.000000000000000000e+00,0.000000000000000000e+00,0.000000000000000000e+00,0.000000000000000000e+00,0.000000000000000000e+00,0.000000000000000000e+00,0.000000000000000000e+00,1.166530924737567082e-18,0.000000000000000000e+00,0.000000000000000000e+00,0.000000000000000000e+00,0.000000000000000000e+00,0.000000000000000000e+00,0.000000000000000000e+00,0.000000000000000000e+00,0.000000000000000000e+00,0.000000000000000000e+00,0.000000000000000000e+00,0.000000000000000000e+00,0.000000000000000000e+00,0.000000000000000000e+00,0.000000000000000000e+00,0.000000000000000000e+00,0.000000000000000000e+00,0.000000000000000000e+00,0.000000000000000000e+00,0.000000000000000000e+00,0.000000000000000000e+00,0.000000000000000000e+00,0.000000000000000000e+00,0.000000000000000000e+00,0.000000000000000000e+00,0.000000000000000000e+00,0.000000000000000000e+00,0.000000000000000000e+00,0.000000000000000000e+00,0.000000000000000000e+00,0.000000000000000000e+00,0.000000000000000000e+00,0.000000000000000000e+00,0.000000000000000000e+00,0.000000000000000000e+00,0.000000000000000000e+00,0.000000000000000000e+00,4.330521763136749303e-02,1.381254367065653556e-02,0.000000000000000000e+00,0.000000000000000000e+00,0.000000000000000000e+00,0.000000000000000000e+00,0.000000000000000000e+00,0.000000000000000000e+00,0.000000000000000000e+00,0.000000000000000000e+00,0.000000000000000000e+00,0.000000000000000000e+00,0.000000000000000000e+00,0.000000000000000000e+00,0.000000000000000000e+00,0.000000000000000000e+00,0.000000000000000000e+00,0.000000000000000000e+00,0.000000000000000000e+00,0.000000000000000000e+00,4.330521763136749303e-02,0.000000000000000000e+00,0.000000000000000000e+00,0.000000000000000000e+00,0.000000000000000000e+00,0.000000000000000000e+00,0.000000000000000000e+00,0.000000000000000000e+00,0.000000000000000000e+00,0.000000000000000000e+00,0.000000000000000000e+00,0.000000000000000000e+00,0.000000000000000000e+00,1.195151057759425480e-03,0.000000000000000000e+00,0.000000000000000000e+00,0.000000000000000000e+00,0.000000000000000000e+00,0.000000000000000000e+00,0.000000000000000000e+00,0.000000000000000000e+00,2.653517435572759053e-04,0.000000000000000000e+00,5.839626339897796054e-19,0.000000000000000000e+00,5.957705623394341996e-03,0.000000000000000000e+00,3.406670935229351741e-04,0.000000000000000000e+00,0.000000000000000000e+00,0.000000000000000000e+00,0.000000000000000000e+00,0.000000000000000000e+00,0.000000000000000000e+00,0.000000000000000000e+00,0.000000000000000000e+00,0.000000000000000000e+00,0.000000000000000000e+00,0.000000000000000000e+00,0.000000000000000000e+00,1.083898338054307686e-01,0.000000000000000000e+00,0.000000000000000000e+00,1.252727942478185342e-19,0.000000000000000000e+00,5.957705623394341996e-03,0.000000000000000000e+00,0.000000000000000000e+00,0.000000000000000000e+00,0.000000000000000000e+00,0.000000000000000000e+00,0.000000000000000000e+00,0.000000000000000000e+00,0.000000000000000000e+00,0.000000000000000000e+00,0.000000000000000000e+00,0.000000000000000000e+00,0.000000000000000000e+00,0.000000000000000000e+00,0.000000000000000000e+00,1.107145853172576966e-01,0.000000000000000000e+00,0.000000000000000000e+00,0.000000000000000000e+00,0.000000000000000000e+00,0.000000000000000000e+00,0.000000000000000000e+00,0.000000000000000000e+00,0.000000000000000000e+00,0.000000000000000000e+00,0.000000000000000000e+00,0.000000000000000000e+00,0.000000000000000000e+00,0.000000000000000000e+00,0.000000000000000000e+00,0.000000000000000000e+00,0.000000000000000000e+00,0.000000000000000000e+00,0.000000000000000000e+00,6.037004333441511883e-02,1.107145853172576966e-01,6.970941693496990332e-03,0.000000000000000000e+00,4.655981328480974064e-20,0.000000000000000000e+00,0.000000000000000000e+00,0.000000000000000000e+00,0.000000000000000000e+00,0.000000000000000000e+00,0.000000000000000000e+00,0.000000000000000000e+00,0.000000000000000000e+00,0.000000000000000000e+00,0.000000000000000000e+00,0.000000000000000000e+00,0.000000000000000000e+00,0.000000000000000000e+00,0.000000000000000000e+00,0.000000000000000000e+00,0.000000000000000000e+00,1.138095668626506879e-01,0.000000000000000000e+00,0.000000000000000000e+00,0.000000000000000000e+00,0.000000000000000000e+00,0.000000000000000000e+00,0.000000000000000000e+00,0.000000000000000000e+00,0.000000000000000000e+00,0.000000000000000000e+00,0.000000000000000000e+00,0.000000000000000000e+00,0.000000000000000000e+00,0.000000000000000000e+00,0.000000000000000000e+00,0.000000000000000000e+00,0.000000000000000000e+00,0.000000000000000000e+00,1.140204876107386422e-03,2.487762939317668398e-02,1.061691035418251411e-01,6.970941693496990332e-03,0.000000000000000000e+00,0.000000000000000000e+00,0.000000000000000000e+00,0.000000000000000000e+00,0.000000000000000000e+00,0.000000000000000000e+00,0.000000000000000000e+00,0.000000000000000000e+00,0.000000000000000000e+00,0.000000000000000000e+00,0.000000000000000000e+00,0.000000000000000000e+00,0.000000000000000000e+00,0.000000000000000000e+00,0.000000000000000000e+00,0.000000000000000000e+00,4.338329339537235277e-03,2.164919499844921574e-02,1.061691035418251411e-01,6.592746361862486179e-03,0.000000000000000000e+00,0.000000000000000000e+00,0.000000000000000000e+00,0.000000000000000000e+00,0.000000000000000000e+00,0.000000000000000000e+00,0.000000000000000000e+00,0.000000000000000000e+00,0.000000000000000000e+00,0.000000000000000000e+00,0.000000000000000000e+00,0.000000000000000000e+00,4.175257817460169035e-05,0.000000000000000000e+00,0.000000000000000000e+00,0.000000000000000000e+00,0.000000000000000000e+00,0.000000000000000000e+00,1.059999840327377832e-02,0.000000000000000000e+00,0.000000000000000000e+00,0.000000000000000000e+00,0.000000000000000000e+00,0.000000000000000000e+00,0.000000000000000000e+00,0.000000000000000000e+00,0.000000000000000000e+00,0.000000000000000000e+00,0.000000000000000000e+00,0.000000000000000000e+00,0.000000000000000000e+00,1.096709574178385575e-04,5.669166848451580591e-05,0.000000000000000000e+00,0.000000000000000000e+00,0.000000000000000000e+00,0.000000000000000000e+00,0.000000000000000000e+00,1.133042419956489799e-02,0.000000000000000000e+00,0.000000000000000000e+00,0.000000000000000000e+00,0.000000000000000000e+00,0.000000000000000000e+00,0.000000000000000000e+00,0.000000000000000000e+00,0.000000000000000000e+00,0.000000000000000000e+00,0.000000000000000000e+00,0.000000000000000000e+00,0.000000000000000000e+00,0.000000000000000000e+00,0.000000000000000000e+00,1.096709574178385575e-04,0.000000000000000000e+00,0.000000000000000000e+00,0.000000000000000000e+00,0.000000000000000000e+00,0.000000000000000000e+00,2.077401143273690642e-04,0.000000000000000000e+00,0.000000000000000000e+00,0.000000000000000000e+00,0.000000000000000000e+00,0.000000000000000000e+00,0.000000000000000000e+00,0.000000000000000000e+00,0.000000000000000000e+00,0.000000000000000000e+00,0.000000000000000000e+00,0.000000000000000000e+00,0.000000000000000000e+00,4.175257817462264256e-05,1.020894117326583616e-04,0.000000000000000000e+00,0.000000000000000000e+00,4.520604212591222085e-04,3.997662246014299994e-03,0.000000000000000000e+00,0.000000000000000000e+00,0.000000000000000000e+00,0.000000000000000000e+00,0.000000000000000000e+00,0.000000000000000000e+00,0.000000000000000000e+00,0.000000000000000000e+00,0.000000000000000000e+00,0.000000000000000000e+00,0.000000000000000000e+00,0.000000000000000000e+00,0.000000000000000000e+00,0.000000000000000000e+00,5.669166848398308318e-05,1.020894117326583616e-04,0.000000000000000000e+00,0.000000000000000000e+00,0.000000000000000000e+00,0.000000000000000000e+00,1.238743003902834372e-01,0.000000000000000000e+00,0.000000000000000000e+00,0.000000000000000000e+00,1.324289461658311492e-04,0.000000000000000000e+00,9.841638970284851047e-05,0.000000000000000000e+00,0.000000000000000000e+00,0.000000000000000000e+00,0.000000000000000000e+00,0.000000000000000000e+00,0.000000000000000000e+00,0.000000000000000000e+00,0.000000000000000000e+00,0.000000000000000000e+00,3.752328860409831143e-03,0.000000000000000000e+00,0.000000000000000000e+00,0.000000000000000000e+00,8.386284063269028310e-02,0.000000000000000000e+00,0.000000000000000000e+00,5.565640909105835156e-19,0.000000000000000000e+00,0.000000000000000000e+00,0.000000000000000000e+00,0.000000000000000000e+00,0.000000000000000000e+00,0.000000000000000000e+00,0.000000000000000000e+00,0.000000000000000000e+00,0.000000000000000000e+00,0.000000000000000000e+00,0.000000000000000000e+00,0.000000000000000000e+00,3.752328860409831143e-03,0.000000000000000000e+00,3.752328860409831143e-03,0.000000000000000000e+00,8.386284063269028310e-02,1.331875707233259182e-02,0.000000000000000000e+00,5.565640909105835156e-19,0.000000000000000000e+00,0.000000000000000000e+00,0.000000000000000000e+00,0.000000000000000000e+00,0.000000000000000000e+00,0.000000000000000000e+00,0.000000000000000000e+00,0.000000000000000000e+00,0.000000000000000000e+00,0.000000000000000000e+00,0.000000000000000000e+00,0.000000000000000000e+00,0.000000000000000000e+00,3.752328860409832878e-03,0.000000000000000000e+00,0.000000000000000000e+00,0.000000000000000000e+00,1.324289461658305529e-04,1.324289461658305529e-04,0.000000000000000000e+00,0.000000000000000000e+00,0.000000000000000000e+00,0.000000000000000000e+00,0.000000000000000000e+00,0.000000000000000000e+00,0.000000000000000000e+00,0.000000000000000000e+00
0.000000000000000000e+00,0.000000000000000000e+00,0.000000000000000000e+00,0.000000000000000000e+00,0.000000000000000000e+00,9.171526322971858731e-23,1.513373027171179625e-22,4.672536382674160184e-04,0.000000000000000000e+00,9.171526322971858731e-23,9.171526322971858731e-23,6.336826058605804411e-22,6.666808151132681599e-19,0.000000000000000000e+00,0.000000000000000000e+00,0.000000000000000000e+00,0.000000000000000000e+00,0.000000000000000000e+00,0.000000000000000000e+00,0.000000000000000000e+00,0.000000000000000000e+00,0.000000000000000000e+00,0.000000000000000000e+00,0.000000000000000000e+00,0.000000000000000000e+00,9.171526322971858731e-23,1.513373027171179625e-22,1.863188819927860097e-21,9.171526322971858731e-23,9.171526322971858731e-23,0.000000000000000000e+00,9.171526322971858731e-23,6.666808151132681599e-19,0.000000000000000000e+00,0.000000000000000000e+00,0.000000000000000000e+00,0.000000000000000000e+00,0.000000000000000000e+00,0.000000000000000000e+00,0.000000000000000000e+00,0.000000000000000000e+00,0.000000000000000000e+00,0.000000000000000000e+00,6.520505832881576289e-22,0.000000000000000000e+00,0.000000000000000000e+00,2.132926076927450559e-20,1.407626059707893333e-02,1.407626059707893333e-02,6.461003614059233468e-04,9.171526322971858731e-23,9.171526322971858731e-23,3.432485547488774648e-20,0.000000000000000000e+00,0.000000000000000000e+00,0.000000000000000000e+00,0.000000000000000000e+00,0.000000000000000000e+00,0.000000000000000000e+00,0.000000000000000000e+00,0.000000000000000000e+00,0.000000000000000000e+00,0.000000000000000000e+00,0.000000000000000000e+00,0.000000000000000000e+00,0.000000000000000000e+00,9.171526322971858731e-23,1.288568338456067695e-20,9.171526322971858731e-23,4.471229669016683894e-02,9.448849736653115727e-03,9.171526322971858731e-23,0.000000000000000000e+00,0.000000000000000000e+00,0.000000000000000000e+00,0.000000000000000000e+00,0.000000000000000000e+00,0.000000000000000000e+00,0.000000000000000000e+00,0.000000000000000000e+00,0.000000000000000000e+00,0.000000000000000000e+00,0.000000000000000000e+00,0.000000000000000000e+00,0.000000000000000000e+00,0.000000000000000000e+00,0.000000000000000000e+00,9.171526322971858731e-23,5.133410911121748287e-04,4.471229669016683894e-02,0.000000000000000000e+00,3.246735297861862614e-21,0.000000000000000000e+00,0.000000000000000000e+00,0.000000000000000000e+00,0.000000000000000000e+00,0.000000000000000000e+00,0.000000000000000000e+00,0.000000000000000000e+00,0.000000000000000000e+00,0.000000000000000000e+00,0.000000000000000000e+00,6.829434615768147305e-04,0.000000000000000000e+00,0.000000000000000000e+00,9.171526322971858731e-23,9.171526322971858731e-23,7.087459231301673533e-20,9.171526322971858731e-23,1.996645804367112517e-02,1.516295677470148417e-04,0.000000000000000000e+00,3.336929337084455370e-19,0.000000000000000000e+00,3.404403213368196231e-03,0.000000000000000000e+00,9.961029919536941099e-04,0.000000000000000000e+00,0.000000000000000000e+00,0.000000000000000000e+00,0.000000000000000000e+00,0.000000000000000000e+00,2.792362615147618528e-06,0.000000000000000000e+00,0.000000000000000000e+00,0.000000000000000000e+00,9.171526322971858731e-23,7.087459231301673533e-20,1.111398363965152346e-19,6.193704788881759099e-02,1.519597507679480032e-05,0.000000000000000000e+00,7.158445385589631214e-20,0.000000000000000000e+00,3.404403213368196231e-03,0.000000000000000000e+00,0.000000000000000000e+00,0.000000000000000000e+00,0.000000000000000000e+00,0.000000000000000000e+00,0.000000000000000000e+00,0.000000000000000000e+00,2.155155297039998665e-06,0.000000000000000000e+00,9.171526322971858731e-23,9.171526322971858731e-23,9.171526322971858731e-23,0.000000000000000000e+00,1.414682014327258396e-02,1.010574383401058179e-01,1.944379617397856350e-02,1.005202715346051625e-21,0.000000000000000000e+00,0.000000000000000000e+00,0.000000000000000000e+00,0.000000000000000000e+00,0.000000000000000000e+00,0.000000000000000000e+00,0.000000000000000000e+00,0.000000000000000000e+00,0.000000000000000000e+00,4.559269600742466267e-06,2.155155297039998665e-06,0.000000000000000000e+00,0.000000000000000000e+00,9.171526322971858731e-23,9.171526322971858731e-23,0.000000000000000000e+00,4.921952857815065085e-02,1.010574383401058179e-01,2.885838010003388687e-02,0.000000000000000000e+00,2.660560759131985653e-20,0.000000000000000000e+00,0.000000000000000000e+00,0.000000000000000000e+00,0.000000000000000000e+00,2.154599160135652666e-03,0.000000000000000000e+00,0.000000000000000000e+00,0.000000000000000000e+00,0.000000000000000000e+00,0.000000000000000000e+00,0.000000000000000000e+00,0.000000000000000000e+00,0.000000000000000000e+00,0.000000000000000000e+00,1.356810758952439375e-04,1.356810758952439375e-04,8.522619620884647196e-02,1.519597507624334968e-05,1.519597507624334968e-05,0.000000000000000000e+00,0.000000000000000000e+00,0.000000000000000000e+00,0.000000000000000000e+00,0.000000000000000000e+00,0.000000000000000000e+00,0.000000000000000000e+00,0.000000000000000000e+00,0.000000000000000000e+00,4.559269600758558199e-06,0.000000000000000000e+00,0.000000000000000000e+00,0.000000000000000000e+00,9.171526322971858731e-23,9.171526322971858731e-23,7.663845982829188119e-04,1.771505491107817909e-02,9.450311528727520227e-02,2.555729313123653382e-02,0.000000000000000000e+00,0.000000000000000000e+00,0.000000000000000000e+00,0.000000000000000000e+00,0.000000000000000000e+00,0.000000000000000000e+00,0.000000000000000000e+00,0.000000000000000000e+00,0.000000000000000000e+00,0.000000000000000000e+00,0.000000000000000000e+00,0.000000000000000000e+00,0.000000000000000000e+00,0.000000000000000000e+00,0.000000000000000000e+00,0.000000000000000000e+00,2.479045336878420592e-03,2.658105388875415392e-02,9.450311528727520227e-02,3.890722127063353866e-03,0.000000000000000000e+00,0.000000000000000000e+00,0.000000000000000000e+00,0.000000000000000000e+00,0.000000000000000000e+00,0.000000000000000000e+00,0.000000000000000000e+00,0.000000000000000000e+00,0.000000000000000000e+00,0.000000000000000000e+00,0.000000000000000000e+00,9.849055784014249578e-04,1.147148948638985848e-04,0.000000000000000000e+00,9.171526322971858731e-23,0.000000000000000000e+00,0.000000000000000000e+00,1.356810758952439375e-04,3.046361605621077107e-02,1.519597507562065680e-05,0.000000000000000000e+00,0.000000000000000000e+00,0.000000000000000000e+00,0.000000000000000000e+00,0.000000000000000000e+00,0.000000000000000000e+00,0.000000000000000000e+00,0.000000000000000000e+00,0.000000000000000000e+00,0.000000000000000000e+00,0.000000000000000000e+00,6.266911852447919120e-05,3.239523913400903969e-05,0.000000000000000000e+00,0.000000000000000000e+00,9.171526322971858731e-23,0.000000000000000000e+00,1.356810758952439375e-04,3.088100222551998578e-02,4.421423157813837672e-22,0.000000000000000000e+00,0.000000000000000000e+00,0.000000000000000000e+00,0.000000000000000000e+00,0.000000000000000000e+00,0.000000000000000000e+00,0.000000000000000000e+00,0.000000000000000000e+00,0.000000000000000000e+00,0.000000000000000000e+00,0.000000000000000000e+00,0.000000000000000000e+00,0.000000000000000000e+00,6.266911852447919120e-05,0.000000000000000000e+00,0.000000000000000000e+00,1.721422292060797906e-21,8.739934822867178243e-04,2.440647411148290022e-02,3.074723362145073170e-03,0.000000000000000000e+00,0.000000000000000000e+00,0.000000000000000000e+00,0.000000000000000000e+00,0.000000000000000000e+00,0.000000000000000000e+00,0.000000000000000000e+00,0.000000000000000000e+00,0.000000000000000000e+00,0.000000000000000000e+00,0.000000000000000000e+00,0.000000000000000000e+00,2.385861609978437008e-05,5.833680670437621729e-05,9.171526322971858731e-23,9.171526322971858731e-23,2.583202407194984591e-04,2.284378426293886145e-03,2.440647411148290022e-02,9.171526322971858731e-23,7.634832645873162712e-04,0.000000000000000000e+00,0.000000000000000000e+00,0.000000000000000000e+00,0.000000000000000000e+00,0.000000000000000000e+00,0.000000000000000000e+00,0.000000000000000000e+00,0.000000000000000000e+00,0.000000000000000000e+00,0.000000000000000000e+00,0.000000000000000000e+00,3.239523913370462283e-05,5.833680670437621729e-05,1.872517088734624864e-19,0.000000000000000000e+00,9.994294498212267369e-03,9.994294498212267369e-03,7.078531450873340458e-02,9.171526322971858731e-23,9.171526322971858731e-23,0.000000000000000000e+00,7.567368352333209689e-05,0.000000000000000000e+00,5.623793697305630234e-05,0.000000000000000000e+00,0.000000000000000000e+00,0.000000000000000000e+00,0.000000000000000000e+00,0.000000000000000000e+00,0.000000000000000000e+00,0.000000000000000000e+00,0.000000000000000000e+00,0.000000000000000000e+00,2.144187920234189720e-03,1.081772731374623047e-22,9.171526322971858731e-23,9.171526322971858731e-23,4.792162321868016772e-02,1.863188819927860097e-21,3.545356683754087362e-04,1.658021688278855108e-03,3.190379553046122051e-04,0.000000000000000000e+00,0.000000000000000000e+00,0.000000000000000000e+00,0.000000000000000000e+00,0.000000000000000000e+00,0.000000000000000000e+00,0.000000000000000000e+00,0.000000000000000000e+00,0.000000000000000000e+00,0.000000000000000000e+00,0.000000000000000000e+00,2.149275662253609560e-03,1.081772731374623047e-22,2.144187920234189720e-03,9.171526322971858731e-23,4.792162321868016772e-02,7.610718327047196440e-03,0.000000000000000000e+00,1.658021688278855108e-03,0.000000000000000000e+00,0.000000000000000000e+00,0.000000000000000000e+00,0.000000000000000000e+00,0.000000000000000000e+00,0.000000000000000000e+00,0.000000000000000000e+00,0.000000000000000000e+00,0.000000000000000000e+00,0.000000000000000000e+00,0.000000000000000000e+00,0.000000000000000000e+00,0.000000000000000000e+00,2.144187920234190588e-03,0.000000000000000000e+00,0.000000000000000000e+00,3.297108991658341741e-21,7.567368352333175808e-05,7.567368352333175808e-05,1.658021688278853590e-03,0.000000000000000000e+00,0.000000000000000000e+00,0.000000000000000000e+00,0.000000000000000000e+00,0.000000000000000000e+00,0.000000000000000000e+00,0.000000000000000000e+00
0.000000000000000000e+00,0.000000000000000000e+00,0.000000000000000000e+00,0.000000000000000000e+00,0.000000000000000000e+00,1.834305264594371746e-22,3.026746054342359249e-22,1.168134095668541808e-04,0.000000000000000000e+00,1.834305264594371746e-22,1.834305264594371746e-22,1.267365211721160882e-21,1.668307054889692382e-19,0.000000000000000000e+00,0.000000000000000000e+00,0.000000000000000000e+00,0.000000000000000000e+00,0.000000000000000000e+00,0.000000000000000000e+00,0.000000000000000000e+00,0.000000000000000000e+00,0.000000000000000000e+00,0.000000000000000000e+00,0.000000000000000000e+00,0.000000000000000000e+00,1.834305264594371746e-22,3.026746054342359249e-22,3.726377639855720193e-21,1.834305264594371746e-22,1.834305264594371746e-22,0.000000000000000000e+00,1.834305264594371746e-22,1.668307054889692382e-19,0.000000000000000000e+00,0.000000000000000000e+00,0.000000000000000000e+00,0.000000000000000000e+00,0.000000000000000000e+00,0.000000000000000000e+00,0.000000000000000000e+00,0.000000000000000000e+00,0.000000000000000000e+00,0.000000000000000000e+00,1.304101166576315258e-21,0.000000000000000000e+00,0.000000000000000000e+00,4.265852153854901117e-20,2.815252119415786666e-02,2.815252119415786666e-02,1.292200722811846694e-03,1.834305264594371746e-22,1.834305264594371746e-22,6.864971094977549296e-20,0.000000000000000000e+00,0.000000000000000000e+00,0.000000000000000000e+00,0.000000000000000000e+00,0.000000000000000000e+00,0.000000000000000000e+00,0.000000000000000000e+00,0.000000000000000000e+00,0.000000000000000000e+00,0.000000000000000000e+00,0.000000000000000000e+00,0.000000000000000000e+00,0.000000000000000000e+00,1.834305264594371746e-22,2.577136676912135390e-20,1.834305264594371746e-22,4.611937574896618486e-02,5.085155802649697632e-03,1.834305264594371746e-22,0.000000000000000000e+00,0.000000000000000000e+00,0.000000000000000000e+00,0.000000000000000000e+00,0.000000000000000000e+00,0.000000000000000000e+00,0.000000000000000000e+00,0.000000000000000000e+00,0.000000000000000000e+00,0.000000000000000000e+00,0.000000000000000000e+00,0.000000000000000000e+00,0.000000000000000000e+00,0.000000000000000000e+00,0.000000000000000000e+00,1.834305264594371746e-22,1.026682182224349657e-03,4.611937574896618486e-02,0.000000000000000000e+00,6.493470595723725228e-21,0.000000000000000000e+00,0.000000000000000000e+00,0.000000000000000000e+00,0.000000000000000000e+00,0.000000000000000000e+00,0.000000000000000000e+00,0.000000000000000000e+00,0.000000000000000000e+00,0.000000000000000000e+00,0.000000000000000000e+00,1.707358653942039808e-04,0.000000000000000000e+00,0.000000000000000000e+00,1.834305264594371746e-22,1.834305264594371746e-22,1.417491846260334707e-19,1.834305264594371746e-22,3.993291608734225034e-02,3.790739193675375109e-05,0.000000000000000000e+00,8.342323342711146850e-20,0.000000000000000000e+00,8.511008033420504673e-04,0.000000000000000000e+00,1.651538890384452937e-03,0.000000000000000000e+00,0.000000000000000000e+00,0.000000000000000000e+00,0.000000000000000000e+00,0.000000000000000000e+00,5.584725230295237055e-06,0.000000000000000000e+00,0.000000000000000000e+00,0.000000000000000000e+00,1.834305264594371746e-22,1.417491846260334707e-19,2.222796727930304692e-19,1.548426197220441336e-02,3.039195015358960063e-05,0.000000000000000000e+00,1.789611346397410211e-20,0.000000000000000000e+00,8.511008033420504673e-04,0.000000000000000000e+00,0.000000000000000000e+00,0.000000000000000000e+00,0.000000000000000000e+00,0.000000000000000000e+00,0.000000000000000000e+00,0.000000000000000000e+00,4.310310594079997331e-06,0.000000000000000000e+00,1.834305264594371746e-22,1.834305264594371746e-22,1.834305264594371746e-22,0.000000000000000000e+00,2.829364028654516791e-02,9.140029136295395318e-02,3.888759234795712699e-02,2.010405430692103251e-21,0.000000000000000000e+00,0.000000000000000000e+00,0.000000000000000000e+00,0.000000000000000000e+00,0.000000000000000000e+00,0.000000000000000000e+00,0.000000000000000000e+00,0.000000000000000000e+00,0.000000000000000000e+00,9.118539201484932534e-06,4.310310594079997331e-06,0.000000000000000000e+00,0.000000000000000000e+00,1.834305264594371746e-22,1.834305264594371746e-22,0.000000000000000000e+00,3.806901382188617594e-02,9.140029136295395318e-02,5.074581850657078341e-02,0.000000000000000000e+00,6.651401897829972407e-21,0.000000000000000000e+00,0.000000000000000000e+00,0.000000000000000000e+00,0.000000000000000000e+00,4.309198320271305331e-03,0.000000000000000000e+00,0.000000000000000000e+00,0.000000000000000000e+00,0.000000000000000000e+00,0.000000000000000000e+00,0.000000000000000000e+00,0.000000000000000000e+00,0.000000000000000000e+00,0.000000000000000000e+00,2.713621517904878750e-04,2.713621517904878750e-04,5.664282555504224909e-02,3.039195015248669936e-05,3.039195015248669936e-05,0.000000000000000000e+00,0.000000000000000000e+00,0.000000000000000000e+00,0.000000000000000000e+00,0.000000000000000000e+00,0.000000000000000000e+00,0.000000000000000000e+00,0.000000000000000000e+00,0.000000000000000000e+00,9.118539201517116398e-06,0.000000000000000000e+00,0.000000000000000000e+00,0.000000000000000000e+00,1.834305264594371746e-22,1.834305264594371746e-22,3.925643204584510935e-04,1.055248042897967246e-02,8.283712703272526345e-02,4.414364456897607730e-02,0.000000000000000000e+00,0.000000000000000000e+00,0.000000000000000000e+00,0.000000000000000000e+00,0.000000000000000000e+00,0.000000000000000000e+00,0.000000000000000000e+00,0.000000000000000000e+00,0.000000000000000000e+00,0.000000000000000000e+00,0.000000000000000000e+00,0.000000000000000000e+00,0.000000000000000000e+00,0.000000000000000000e+00,0.000000000000000000e+00,0.000000000000000000e+00,6.197613342196059069e-04,3.151291277905909211e-02,8.283712703272526345e-02,1.188697892264221553e-03,0.000000000000000000e+00,0.000000000000000000e+00,0.000000000000000000e+00,0.000000000000000000e+00,0.000000000000000000e+00,0.000000000000000000e+00,0.000000000000000000e+00,0.000000000000000000e+00,0.000000000000000000e+00,0.000000000000000000e+00,0.000000000000000000e+00,1.969811156802849916e-03,1.876772115531954793e-04,0.000000000000000000e+00,1.834305264594371746e-22,0.000000000000000000e+00,0.000000000000000000e+00,2.713621517904878750e-04,5.032723370914776728e-02,3.039195015124131360e-05,0.000000000000000000e+00,0.000000000000000000e+00,0.000000000000000000e+00,0.000000000000000000e+00,0.000000000000000000e+00,0.000000000000000000e+00,0.000000000000000000e+00,0.000000000000000000e+00,0.000000000000000000e+00,0.000000000000000000e+00,0.000000000000000000e+00,1.566727963111981135e-05,8.098809783502273476e-06,0.000000000000000000e+00,0.000000000000000000e+00,1.834305264594371746e-22,0.000000000000000000e+00,2.713621517904878750e-04,5.043158025147507356e-02,8.842846315627675345e-22,0.000000000000000000e+00,0.000000000000000000e+00,0.000000000000000000e+00,0.000000000000000000e+00,0.000000000000000000e+00,0.000000000000000000e+00,0.000000000000000000e+00,0.000000000000000000e+00,0.000000000000000000e+00,0.000000000000000000e+00,0.000000000000000000e+00,0.000000000000000000e+00,0.000000000000000000e+00,1.566727963111981135e-05,0.000000000000000000e+00,0.000000000000000000e+00,3.442844584121595812e-21,1.747986964573435649e-03,4.881294822296580044e-02,5.941706609962777927e-03,0.000000000000000000e+00,0.000000000000000000e+00,0.000000000000000000e+00,0.000000000000000000e+00,0.000000000000000000e+00,0.000000000000000000e+00,0.000000000000000000e+00,0.000000000000000000e+00,0.000000000000000000e+00,0.000000000000000000e+00,0.000000000000000000e+00,0.000000000000000000e+00,5.964654024946097603e-06,1.458420167609407296e-05,1.834305264594371746e-22,1.834305264594371746e-22,6.458006017987470964e-05,5.710946065734722951e-04,4.881294822296580044e-02,1.834305264594371746e-22,1.526966529174632542e-03,0.000000000000000000e+00,0.000000000000000000e+00,0.000000000000000000e+00,0.000000000000000000e+00,0.000000000000000000e+00,0.000000000000000000e+00,0.000000000000000000e+00,0.000000000000000000e+00,0.000000000000000000e+00,0.000000000000000000e+00,0.000000000000000000e+00,8.098809783426169260e-06,1.458420167609407296e-05,3.745034177469249728e-19,0.000000000000000000e+00,1.998858899642453474e-02,1.998858899642453474e-02,1.769632862718337196e-02,1.834305264594371746e-22,1.834305264594371746e-22,0.000000000000000000e+00,1.891842088083304455e-05,0.000000000000000000e+00,1.405948424326409422e-05,0.000000000000000000e+00,0.000000000000000000e+00,0.000000000000000000e+00,0.000000000000000000e+00,0.000000000000000000e+00,0.000000000000000000e+00,0.000000000000000000e+00,0.000000000000000000e+00,0.000000000000000000e+00,5.360469800585482975e-04,2.163545462749246095e-22,1.834305264594371746e-22,1.834305264594371746e-22,1.198040580467005234e-02,3.726377639855720193e-21,7.090713367508174724e-04,3.316043376557709348e-03,6.380759106092244101e-04,0.000000000000000000e+00,0.000000000000000000e+00,0.000000000000000000e+00,0.000000000000000000e+00,0.000000000000000000e+00,0.000000000000000000e+00,0.000000000000000000e+00,0.000000000000000000e+00,0.000000000000000000e+00,0.000000000000000000e+00,0.000000000000000000e+00,5.462224640973879775e-04,2.163545462749246095e-22,5.360469800585482975e-04,1.834305264594371746e-22,1.198040580467005234e-02,1.902679581761801061e-03,0.000000000000000000e+00,3.316043376557709348e-03,0.000000000000000000e+00,0.000000000000000000e+00,0.000000000000000000e+00,0.000000000000000000e+00,0.000000000000000000e+00,0.000000000000000000e+00,0.000000000000000000e+00,0.000000000000000000e+00,0.000000000000000000e+00,0.000000000000000000e+00,0.000000000000000000e+00,0.000000000000000000e+00,0.000000000000000000e+00,5.360469800585482975e-04,0.000000000000000000e+00,0.000000000000000000e+00,6.594217983316683483e-21,1.891842088083296324e-05,1.891842088083296324e-05,3.316043376557707180e-03,0.000000000000000000e+00,0.000000000000000000e+00,0.000000000000000000e+00,0.000000000000000000e+00,0.000000000000000000e+00,0.000000000000000000e+00,0.000000000000000000e+00
0.000000000000000000e+00,0.000000000000000000e+00,0.000000000000000000e+00,0.000000000000000000e+00,0.000000000000000000e+00,1.854122500013102211e-05,1.854122500013102211e-05,1.854122500013102211e-05,1.854122500013102211e-05,1.528587720495310690e-22,1.528587720495310690e-22,1.056137676434301456e-21,1.528587720495310690e-22,3.500753570522194269e-04,2.644995912797981435e-04,0.000000000000000000e+00,0.000000000000000000e+00,0.000000000000000000e+00,0.000000000000000000e+00,0.000000000000000000e+00,0.000000000000000000e+00,0.000000000000000000e+00,0.000000000000000000e+00,0.000000000000000000e+00,1.854122500013102211e-05,1.854122500013102211e-05,1.854122500013102211e-05,1.854122500013106277e-05,1.854122500013102211e-05,1.528587720495310690e-22,0.000000000000000000e+00,1.528587720495310690e-22,1.528587720495310690e-22,3.500753570521930266e-04,2.616470657546238025e-04,0.000000000000000000e+00,0.000000000000000000e+00,0.000000000000000000e+00,0.000000000000000000e+00,0.000000000000000000e+00,0.000000000000000000e+00,0.000000000000000000e+00,0.000000000000000000e+00,1.854122500013102211e-05,1.854122500013102211e-05,1.854122500013105938e-05,1.854122500013109665e-05,2.347897555346503684e-02,2.347897555346503684e-02,1.076833935676539634e-03,1.528587720495310690e-22,1.528587720495310690e-22,3.942895027009443807e-04,3.058612114028223762e-04,2.630733285176110707e-04,2.188591828700864913e-04,0.000000000000000000e+00,0.000000000000000000e+00,0.000000000000000000e+00,0.000000000000000000e+00,0.000000000000000000e+00,0.000000000000000000e+00,0.000000000000000000e+00,1.854122500013102211e-05,1.854122500013102211e-05,1.854122500013105938e-05,1.854122500013105938e-05,1.854122500013104583e-05,1.854122500013102211e-05,3.327743007278523291e-02,2.593279398558493050e-03,1.528587720495310690e-22,3.957157654626754922e-04,3.072874741667488887e-04,2.630733285176110707e-04,2.174329201069929714e-04,0.000000000000000000e+00,0.000000000000000000e+00,0.000000000000000000e+00,0.000000000000000000e+00,0.000000000000000000e+00,0.000000000000000000e+00,1.854122500013105938e-05,1.854122500013105938e-05,1.854122500013105938e-05,1.854122500013105938e-05,1.854122500013105938e-05,1.854122500013105938e-05,1.819192392933919634e-03,3.327743007278523291e-02,0.000000000000000000e+00,4.385036483473787948e-04,3.515016198137968528e-04,3.515016198137968528e-04,2.630733285176762313e-04,1.746450372211507415e-04,1.746450372211507415e-04,0.000000000000000000e+00,0.000000000000000000e+00,0.000000000000000000e+00,0.000000000000000000e+00,0.000000000000000000e+00,1.854122500013105938e-05,1.854122500013105938e-05,1.854122500013102211e-05,1.854122500013102211e-05,1.854122500013102211e-05,1.854122500013118135e-05,1.854122500013093741e-05,3.327743007278523291e-02,0.000000000000000000e+00,2.962422839559884433e-02,3.957157654628544940e-04,3.058612114031123460e-04,2.616470657547734766e-04,2.188591828700797964e-04,1.464731431091698078e-03,0.000000000000000000e+00,0.000000000000000000e+00,0.000000000000000000e+00,0.000000000000000000e+00,0.000000000000000000e+00,2.319516269204376031e-05,1.854122500013105938e-05,1.854122500013102211e-05,1.854122500013102211e-05,1.854122500013105938e-05,1.854122500013118135e-05,1.857152029522672436e-03,0.000000000000000000e+00,2.969376916637105762e-02,2.962422839559884433e-02,1.441602276051414961e-03,3.072874741665653875e-04,2.616470657547734766e-04,2.174329201070409473e-04,1.290046288097817780e-04,0.000000000000000000e+00,0.000000000000000000e+00,0.000000000000000000e+00,0.000000000000000000e+00,0.000000000000000000e+00,2.213315049519773116e-05,1.854122500013107632e-05,1.854122500013105938e-05,1.854122500013102211e-05,1.854122500013102211e-05,1.854122500013120846e-05,2.543518560164366102e-02,6.482521249778684658e-02,3.240632695663096113e-02,2.962280213283205454e-02,1.142711097736806916e-02,1.142711097736806916e-02,2.630733285175497591e-04,1.732187744579492350e-04,1.275783660471455474e-04,0.000000000000000000e+00,0.000000000000000000e+00,0.000000000000000000e+00,0.000000000000000000e+00,2.614000766803517971e-05,2.213315049519773116e-05,1.854122500013105938e-05,1.854122500013102211e-05,1.854122500013105938e-05,1.854122500013102211e-05,1.854122500013120846e-05,2.639442029366412257e-02,6.482521249778684658e-02,4.145830807767841852e-02,2.962422839559893800e-02,2.958001424994773781e-02,3.044349486404541874e-04,2.602208029922254730e-04,1.732187744580488732e-04,1.275783660471455474e-04,3.677215346150272679e-03,0.000000000000000000e+00,0.000000000000000000e+00,0.000000000000000000e+00,0.000000000000000000e+00,1.854122500013102211e-05,1.854122500013096112e-05,1.854122500013096112e-05,1.854122500013105938e-05,1.194948237462200441e-03,2.083287156014745466e-03,2.083287156014745466e-03,3.365359666936251076e-02,2.532662512707226641e-05,2.532662512707226641e-05,2.957716172442301922e-02,3.072874741664886802e-04,2.160066573442134363e-04,2.160066573442134363e-04,1.304308915731162348e-04,0.000000000000000000e+00,0.000000000000000000e+00,0.000000000000000000e+00,0.000000000000000000e+00,2.614000766806195950e-05,1.854122500013102211e-05,1.854122500013102211e-05,1.854122500013105938e-05,1.854122500013105938e-05,8.636505756810542236e-03,2.099394829884370295e-04,7.689263173532317856e-03,5.639176020086331814e-02,3.595649646301616459e-02,4.399299111140175475e-04,1.565004060136886491e-02,3.044349486407043129e-04,2.602208029921194380e-04,1.732187744580108177e-04,1.275783660471063263e-04,8.621674592418918570e-05,0.000000000000000000e+00,0.000000000000000000e+00,0.000000000000000000e+00,0.000000000000000000e+00,1.854122500013102211e-05,1.854122500013102211e-05,1.854122500013102211e-05,5.399774884013467009e-03,5.399774884013467009e-03,1.854122500013107632e-05,2.554062755987559358e-02,5.639176020086331814e-02,2.057308195222687830e-04,0.000000000000000000e+00,3.500753570520702407e-04,3.500753570520702407e-04,2.630733285177748937e-04,0.000000000000000000e+00,1.275783660471063263e-04,0.000000000000000000e+00,0.000000000000000000e+00,0.000000000000000000e+00,0.000000000000000000e+00,0.000000000000000000e+00,1.660050522335840533e-03,1.699683562736747835e-04,1.854122500013102211e-05,1.854122500013102211e-05,4.915726997139472157e-03,1.854122500013105938e-05,2.446763514922044693e-04,4.067745685247152465e-02,2.532662512603444437e-05,0.000000000000000000e+00,3.942895027013704722e-04,3.072874741664375058e-04,2.616470657547230612e-04,2.174329201072261290e-04,1.290046288097597687e-04,0.000000000000000000e+00,0.000000000000000000e+00,0.000000000000000000e+00,0.000000000000000000e+00,0.000000000000000000e+00,1.854122500013102211e-05,1.854122500013102211e-05,1.854122500013102211e-05,1.854122500013102211e-05,1.854122500013102211e-05,1.854122500013105938e-05,2.446763514922044693e-04,4.067745685247152465e-02,7.369038596356402077e-22,0.000000000000000000e+00,0.000000000000000000e+00,3.058612114032665738e-04,2.616470657547230612e-04,2.188591828701053565e-04,1.290046288097618286e-04,0.000000000000000000e+00,0.000000000000000000e+00,0.000000000000000000e+00,0.000000000000000000e+00,0.000000000000000000e+00,1.854122500013102211e-05,1.854122500013102211e-05,1.854122500013102211e-05,1.854122500013102211e-05,1.854122500013102211e-05,1.854122500013106277e-05,1.475197028811328463e-03,4.067745685247152465e-02,4.926691208977631610e-03,0.000000000000000000e+00,3.515016198136882699e-04,3.515016198136882699e-04,2.630733285174661129e-04,1.746450372212550689e-04,1.746450372212550689e-04,0.000000000000000000e+00,0.000000000000000000e+00,0.000000000000000000e+00,0.000000000000000000e+00,0.000000000000000000e+00,0.000000000000000000e+00,1.854122500013105938e-05,1.854122500013107632e-05,1.854122500013102211e-05,1.854122500013102211e-05,1.854122500013102211e-05,1.854122500013105599e-05,4.067745685247152465e-02,1.528587720495310690e-22,1.272472107645528094e-03,0.000000000000000000e+00,3.072874741664944807e-04,2.630733285176795923e-04,2.174329201069638876e-04,0.000000000000000000e+00,0.000000000000000000e+00,0.000000000000000000e+00,0.000000000000000000e+00,0.000000000000000000e+00,0.000000000000000000e+00,0.000000000000000000e+00,1.854122500013102211e-05,1.854122500013107632e-05,1.854122500013133382e-05,1.854122500013102211e-05,1.667569872202058837e-02,1.667569872202058837e-02,1.528587720495310690e-22,1.528587720495310690e-22,1.528587720495310690e-22,0.000000000000000000e+00,3.058612114031427037e-04,2.630733285176795923e-04,2.188591828699155127e-04,0.000000000000000000e+00,0.000000000000000000e+00,0.000000000000000000e+00,0.000000000000000000e+00,0.000000000000000000e+00,0.000000000000000000e+00,0.000000000000000000e+00,0.000000000000000000e+00,1.854122500013102211e-05,1.854122500013106277e-05,1.854122500013107632e-05,1.854122500013102211e-05,1.854122500013102211e-05,8.661997082806761829e-22,3.105314699879769461e-21,5.908927806256815884e-04,2.763369480464759886e-03,5.317299255076872976e-04,2.616470657551315886e-04,0.000000000000000000e+00,0.000000000000000000e+00,0.000000000000000000e+00,0.000000000000000000e+00,0.000000000000000000e+00,0.000000000000000000e+00,0.000000000000000000e+00,0.000000000000000000e+00,0.000000000000000000e+00,0.000000000000000000e+00,2.702079503249744583e-05,1.854122500013107632e-05,1.854122500013105938e-05,1.854122500013102211e-05,8.661997082806761829e-22,1.528587720495322445e-22,0.000000000000000000e+00,2.763369480464759886e-03,0.000000000000000000e+00,2.644995912799762237e-04,0.000000000000000000e+00,0.000000000000000000e+00,0.000000000000000000e+00,0.000000000000000000e+00,0.000000000000000000e+00,0.000000000000000000e+00,0.000000000000000000e+00,0.000000000000000000e+00,0.000000000000000000e+00,0.000000000000000000e+00,0.000000000000000000e+00,1.854122500013101533e-05,1.854122500013102211e-05,1.854122500013102211e-05,5.495181652763906538e-21,1.528587720495310690e-22,1.528587720495310690e-22,2.763369480464758152e-03,0.000000000000000000e+00,0.000000000000000000e+00,0.000000000000000000e+00,0.000000000000000000e+00,0.000000000000000000e+00,0.000000000000000000e+00,0.000000000000000000e+00
0.000000000000000000e+00,0.000000000000000000e+00,0.000000000000000000e+00,0.000000000000000000e+00,0.000000000000000000e+00,4.635306250032758069e-05,4.635306250032758069e-05,4.635306250032758069e-05,4.635306250032758069e-05,6.114350881981249342e-23,6.114350881981249342e-23,4.224550705737211091e-22,6.114350881981249342e-23,8.751883926305490009e-04,6.612489781994957110e-04,0.000000000000000000e+00,0.000000000000000000e+00,0.000000000000000000e+00,0.000000000000000000e+00,0.000000000000000000e+00,0.000000000000000000e+00,0.000000000000000000e+00,0.000000000000000000e+00,0.000000000000000000e+00,4.635306250032758069e-05,4.635306250032758069e-05,4.635306250032758069e-05,4.635306250032768233e-05,4.635306250032758069e-05,6.114350881981249342e-23,0.000000000000000000e+00,6.114350881981249342e-23,6.114350881981249342e-23,8.751883926304829730e-04,6.541176643865599400e-04,0.000000000000000000e+00,0.000000000000000000e+00,0.000000000000000000e+00,0.000000000000000000e+00,0.000000000000000000e+00,0.000000000000000000e+00,0.000000000000000000e+00,0.000000000000000000e+00,4.635306250032758069e-05,4.635306250032758069e-05,4.635306250032767555e-05,4.635306250032768233e-05,9.430526793886298553e-03,9.430526793886298553e-03,4.307335742706162873e-04,6.114350881981249342e-23,6.114350881981249342e-23,9.857237567523612770e-04,7.646530285070564283e-04,6.576833212940281104e-04,5.471479571752165807e-04,0.000000000000000000e+00,0.000000000000000000e+00,0.000000000000000000e+00,0.000000000000000000e+00,0.000000000000000000e+00,0.000000000000000000e+00,0.000000000000000000e+00,4.635306250032758069e-05,4.635306250032758069e-05,4.635306250032767555e-05,4.635306250032767555e-05,4.635306250032759424e-05,4.635306250032758069e-05,1.331097202911410426e-02,1.037311759423398261e-03,6.114350881981249342e-23,9.892894136566893811e-04,7.682186854168725470e-04,6.576833212940281104e-04,5.435823002674827807e-04,0.000000000000000000e+00,0.000000000000000000e+00,0.000000000000000000e+00,0.000000000000000000e+00,0.000000000000000000e+00,0.000000000000000000e+00,4.635306250032767555e-05,4.635306250032767555e-05,4.635306250032767555e-05,4.635306250032767555e-05,4.635306250032767555e-05,4.635306250032767555e-05,2.751287163442187565e-03,1.331097202911410426e-02,0.000000000000000000e+00,1.096259120868447665e-03,8.787540495344925385e-04,8.787540495344925385e-04,6.576833212941909576e-04,4.366125930528770571e-04,4.366125930528770571e-04,0.000000000000000000e+00,0.000000000000000000e+00,0.000000000000000000e+00,0.000000000000000000e+00,0.000000000000000000e+00,4.635306250032767555e-05,4.635306250032767555e-05,4.635306250032758069e-05,4.635306250032758069e-05,4.635306250032758069e-05,4.635306250032772976e-05,4.635306250032736385e-05,1.331097202911410426e-02,0.000000000000000000e+00,7.406057098899715418e-02,9.892894136571367229e-04,7.646530285077812175e-04,6.541176643869340982e-04,5.471479571751997756e-04,8.568022929371856174e-04,0.000000000000000000e+00,0.000000000000000000e+00,0.000000000000000000e+00,0.000000000000000000e+00,0.000000000000000000e+00,4.821463757709276135e-05,4.635306250032767555e-05,4.635306250032758069e-05,4.635306250032758069e-05,4.635306250032767555e-05,4.635306250032772976e-05,4.642880073806683258e-03,0.000000000000000000e+00,7.418123700315890079e-02,7.406057098899715418e-02,3.604005690128539354e-03,7.682186854164138210e-04,6.541176643869340982e-04,5.435823002676025851e-04,3.225115720244546482e-04,0.000000000000000000e+00,0.000000000000000000e+00,0.000000000000000000e+00,0.000000000000000000e+00,0.000000000000000000e+00,4.778983269835434698e-05,4.635306250032771621e-05,4.635306250032767555e-05,4.635306250032758069e-05,4.635306250032758069e-05,4.635306250032804147e-05,1.407409350265508702e-02,2.979116768861210518e-02,1.296253078265240111e-02,7.405700533208017800e-02,2.856777744342018852e-02,2.856777744342018852e-02,6.576833212938748043e-04,4.330469361448732908e-04,3.189459151178640310e-04,0.000000000000000000e+00,0.000000000000000000e+00,0.000000000000000000e+00,0.000000000000000000e+00,4.939257556748933046e-05,4.778983269835434698e-05,4.635306250032767555e-05,4.635306250032758069e-05,4.635306250032767555e-05,4.635306250032758069e-05,4.635306250032804147e-05,1.445778737946327303e-02,2.979116768861210518e-02,1.658332323107138129e-02,7.406057098899737623e-02,7.395003562486937576e-02,7.610873716011358481e-04,6.505520074805641161e-04,4.330469361451223863e-04,3.189459151178640310e-04,1.651941304900892814e-03,0.000000000000000000e+00,0.000000000000000000e+00,0.000000000000000000e+00,0.000000000000000000e+00,4.635306250032758069e-05,4.635306250032743161e-05,4.635306250032743161e-05,4.635306250032767555e-05,2.987370593655502837e-03,4.733334124403512297e-03,4.733334124403512297e-03,1.346143866774501818e-02,1.013065005082892012e-05,1.013065005082892012e-05,7.394290431105758621e-02,7.682186854162220257e-04,5.400166433605339432e-04,5.400166433605339432e-04,3.260772289327907225e-04,0.000000000000000000e+00,0.000000000000000000e+00,0.000000000000000000e+00,0.000000000000000000e+00,4.939257556749995564e-05,4.635306250032758069e-05,4.635306250032758069e-05,4.635306250032767555e-05,4.635306250032767555e-05,2.159126439202636513e-02,1.229123656956501720e-04,6.975724531410543161e-03,2.255670408034535224e-02,1.438259858520647694e-02,1.099824777785044384e-03,3.912510150342218135e-02,7.610873716017612159e-04,6.505520074802989203e-04,4.330469361450272475e-04,3.189459151177660191e-04,2.155418648104730727e-04,0.000000000000000000e+00,0.000000000000000000e+00,0.000000000000000000e+00,0.000000000000000000e+00,4.635306250032758069e-05,4.635306250032758069e-05,4.635306250032758069e-05,1.349943721003367576e-02,1.349943721003367576e-02,4.635306250032771621e-05,1.411627028594786282e-02,2.255670408034535224e-02,8.229232780890759994e-05,0.000000000000000000e+00,8.751883926301760354e-04,8.751883926301760354e-04,6.576833212944375052e-04,0.000000000000000000e+00,3.189459151177660191e-04,0.000000000000000000e+00,0.000000000000000000e+00,0.000000000000000000e+00,0.000000000000000000e+00,0.000000000000000000e+00,7.029567814346121372e-04,1.069239150097451571e-04,4.635306250032758069e-05,4.635306250032758069e-05,1.228931749284868646e-02,4.635306250032767555e-05,1.368071130971571479e-04,1.627098274098862790e-02,1.013065005041378588e-05,0.000000000000000000e+00,9.857237567534268309e-04,7.682186854160940898e-04,6.541176643868080055e-04,5.435823002680655394e-04,3.225115720243996249e-04,0.000000000000000000e+00,0.000000000000000000e+00,0.000000000000000000e+00,0.000000000000000000e+00,0.000000000000000000e+00,4.635306250032758069e-05,4.635306250032758069e-05,4.635306250032758069e-05,4.635306250032758069e-05,4.635306250032758069e-05,4.635306250032767555e-05,1.368071130971571479e-04,1.627098274098862790e-02,2.947615438542564404e-22,0.000000000000000000e+00,0.000000000000000000e+00,7.646530285081668682e-04,6.541176643868080055e-04,5.471479571752637435e-04,3.225115720244047749e-04,0.000000000000000000e+00,0.000000000000000000e+00,0.000000000000000000e+00,0.000000000000000000e+00,0.000000000000000000e+00,4.635306250032758069e-05,4.635306250032758069e-05,4.635306250032758069e-05,4.635306250032758069e-05,4.635306250032758069e-05,4.635306250032768233e-05,6.290153840248073093e-04,1.627098274098862790e-02,1.970676483591055420e-03,0.000000000000000000e+00,8.787540495342211627e-04,8.787540495342211627e-04,6.576833212936655532e-04,4.366125930531379162e-04,4.366125930531379162e-04,0.000000000000000000e+00,0.000000000000000000e+00,0.000000000000000000e+00,0.000000000000000000e+00,0.000000000000000000e+00,0.000000000000000000e+00,4.635306250032767555e-05,4.635306250032771621e-05,4.635306250032758069e-05,4.635306250032758069e-05,4.635306250032758069e-05,4.635306250032758746e-05,1.627098274098862790e-02,6.114350881981249342e-23,5.089888430582119316e-04,0.000000000000000000e+00,7.682186854162365540e-04,6.576833212941994144e-04,5.435823002674100308e-04,0.000000000000000000e+00,0.000000000000000000e+00,0.000000000000000000e+00,0.000000000000000000e+00,0.000000000000000000e+00,0.000000000000000000e+00,0.000000000000000000e+00,4.635306250032758069e-05,4.635306250032771621e-05,4.635306250032770266e-05,4.635306250032758069e-05,6.709216061308521245e-03,6.709216061308521245e-03,6.114350881981249342e-23,6.114350881981249342e-23,6.114350881981249342e-23,0.000000000000000000e+00,7.646530285078571116e-04,6.576833212941994144e-04,5.471479571747890798e-04,0.000000000000000000e+00,0.000000000000000000e+00,0.000000000000000000e+00,0.000000000000000000e+00,0.000000000000000000e+00,0.000000000000000000e+00,0.000000000000000000e+00,0.000000000000000000e+00,4.635306250032758069e-05,4.635306250032768233e-05,4.635306250032771621e-05,4.635306250032758069e-05,4.635306250032758069e-05,3.464798833122708117e-22,1.242125879951909364e-21,2.363571122502728522e-04,1.105347792185904995e-03,2.126919702030750925e-04,6.541176643878293239e-04,0.000000000000000000e+00,0.000000000000000000e+00,0.000000000000000000e+00,0.000000000000000000e+00,0.000000000000000000e+00,0.000000000000000000e+00,0.000000000000000000e+00,0.000000000000000000e+00,0.000000000000000000e+00,0.000000000000000000e+00,4.974489051327415424e-05,4.635306250032771621e-05,4.635306250032767555e-05,4.635306250032758069e-05,3.464798833122708117e-22,6.114350881981296362e-23,0.000000000000000000e+00,1.105347792185904995e-03,0.000000000000000000e+00,6.612489781999408844e-04,0.000000000000000000e+00,0.000000000000000000e+00,0.000000000000000000e+00,0.000000000000000000e+00,0.000000000000000000e+00,0.000000000000000000e+00,0.000000000000000000e+00,0.000000000000000000e+00,0.000000000000000000e+00,0.000000000000000000e+00,0.000000000000000000e+00,4.635306250032756713e-05,4.635306250032758069e-05,4.635306250032758069e-05,2.198072661105564421e-21,6.114350881981249342e-23,6.114350881981249342e-23,1.105347792185904128e-03,0.000000000000000000e+00,0.000000000000000000e+00,0.000000000000000000e+00,0.000000000000000000e+00,0.000000000000000000e+00,0.000000000000000000e+00,0.000000000000000000e+00
0.000000000000000000e+00,0.000000000000000000e+00,0.000000000000000000e+00,0.000000000000000000e+00,0.000000000000000000e+00,5.562367500039316459e-05,5.562367500039316459e-05,5.562367500039319847e-05,5.562367500039316459e-05,3.601059332591766543e-22,0.000000000000000000e+00,0.000000000000000000e+00,0.000000000000000000e+00,1.050226071156660015e-03,2.188696353015155693e-03,0.000000000000000000e+00,0.000000000000000000e+00,0.000000000000000000e+00,0.000000000000000000e+00,0.000000000000000000e+00,0.000000000000000000e+00,0.000000000000000000e+00,0.000000000000000000e+00,0.000000000000000000e+00,5.562367500039321880e-05,1.398157924306926269e-03,5.562367500039316459e-05,1.450821254176153140e-03,5.562367500039315781e-05,3.601059332591766543e-22,0.000000000000000000e+00,0.000000000000000000e+00,0.000000000000000000e+00,2.830571868366512419e-03,2.180138776439632074e-03,0.000000000000000000e+00,0.000000000000000000e+00,0.000000000000000000e+00,0.000000000000000000e+00,0.000000000000000000e+00,0.000000000000000000e+00,0.000000000000000000e+00,0.000000000000000000e+00,5.562367500039315781e-05,5.562367500039323235e-05,5.562367500039347630e-05,5.562367500039328656e-05,5.562367500039332044e-05,5.562367500039332044e-05,2.835816953835607838e-03,0.000000000000000000e+00,0.000000000000000000e+00,1.182868508102834877e-03,9.175836342084686464e-04,7.892199855528345132e-04,6.565775486102606124e-04,0.000000000000000000e+00,0.000000000000000000e+00,0.000000000000000000e+00,0.000000000000000000e+00,0.000000000000000000e+00,0.000000000000000000e+00,0.000000000000000000e+00,5.562367500039316459e-05,5.562367500039323235e-05,5.562367500039340853e-05,5.562367500039327978e-05,1.450821254176152923e-03,5.562367500039315781e-05,1.033383120926350575e-02,0.000000000000000000e+00,0.000000000000000000e+00,1.187147296388028645e-03,9.218624225002481840e-04,7.892199855528345132e-04,6.717183186224810146e-04,0.000000000000000000e+00,0.000000000000000000e+00,0.000000000000000000e+00,0.000000000000000000e+00,0.000000000000000000e+00,0.000000000000000000e+00,5.562367500039328656e-05,5.562367500039328656e-05,5.562367500039328656e-05,5.562367500039327301e-05,5.562367500039327301e-05,1.450821254176153140e-03,2.890871723240887904e-03,1.033383120926350575e-02,1.247027665882252841e-02,5.901960761329196233e-03,3.351647797692695451e-03,3.351647797692695451e-03,7.892199855530301032e-04,5.433546699649540812e-04,5.433546699649540812e-04,0.000000000000000000e+00,0.000000000000000000e+00,0.000000000000000000e+00,0.000000000000000000e+00,0.000000000000000000e+00,5.562367500039327978e-05,5.562367500039332044e-05,5.562367500039321202e-05,5.562367500039315781e-05,5.562367500039316459e-05,5.562367500039327978e-05,5.562367500039297485e-05,1.092819904818182614e-02,3.057778235967771943e-03,9.190638290189943882e-02,3.359118781284555627e-03,9.175836342093385018e-04,7.849411972643217852e-04,6.759971069117416253e-04,7.022800743440014461e-04,0.000000000000000000e+00,0.000000000000000000e+00,0.000000000000000000e+00,0.000000000000000000e+00,0.000000000000000000e+00,5.562367500039327978e-05,5.562367500039327301e-05,5.562367500039321202e-05,5.562367500039316459e-05,5.562367500039327301e-05,5.562367500039327978e-05,5.571456088568025981e-03,1.211655827318764886e-04,9.206310585969711136e-02,9.190638290189943882e-02,4.709955046188423790e-03,9.218624224996976261e-04,7.849411972643217852e-04,6.717183186226248883e-04,4.064334447308469737e-04,0.000000000000000000e+00,0.000000000000000000e+00,0.000000000000000000e+00,0.000000000000000000e+00,0.000000000000000000e+00,5.562367500039351018e-05,5.562367500039332722e-05,5.562367500039328656e-05,5.562367500039316459e-05,5.562367500039316459e-05,5.562367500039372702e-05,6.304435527553803320e-03,5.636997996299508533e-03,1.126462005078937456e-19,1.025527011296003127e-01,3.428133293210426646e-02,3.428133293210426646e-02,7.892199855526506325e-04,5.390758816753497785e-04,8.497491136516453986e-04,0.000000000000000000e+00,0.000000000000000000e+00,0.000000000000000000e+00,0.000000000000000000e+00,5.909259817588681014e-05,5.562367500039351018e-05,5.562367500039327978e-05,5.562367500039316459e-05,5.562367500039327301e-05,5.562367500039316459e-05,5.954949019358040524e-04,5.692621671299902091e-03,5.636997996299508533e-03,0.000000000000000000e+00,8.887268518679694584e-02,8.874004274984335916e-02,9.133048459213639718e-04,7.806624089766777200e-04,5.390758816756490183e-04,8.497491136516453986e-04,1.792656425239276411e-03,0.000000000000000000e+00,0.000000000000000000e+00,0.000000000000000000e+00,0.000000000000000000e+00,5.562367500039316459e-05,5.562367500039300873e-05,5.562367500039300873e-05,5.562367500039328656e-05,3.696000803824594626e-03,6.516093539705511764e-03,6.516093539705511764e-03,4.561359778604955433e-22,0.000000000000000000e+00,0.000000000000000000e+00,8.873148517326920337e-02,9.218624224994675584e-04,6.674395303341425180e-04,6.674395303341425180e-04,1.006243138234051791e-03,0.000000000000000000e+00,0.000000000000000000e+00,0.000000000000000000e+00,0.000000000000000000e+00,7.717820455311015309e-05,5.562367500039315781e-05,5.562367500039316459e-05,5.562367500039332044e-05,1.667797664383805184e-04,2.602067336186965341e-02,8.611348658154002224e-04,5.571456088568025981e-03,0.000000000000000000e+00,0.000000000000000000e+00,1.319789733342054865e-03,4.695012180410666758e-02,9.133048459221144565e-04,7.806624089763596151e-04,5.390758816755343097e-04,1.732701229389222363e-03,1.817065749092714160e-03,0.000000000000000000e+00,0.000000000000000000e+00,0.000000000000000000e+00,0.000000000000000000e+00,5.562367500039315781e-05,5.562367500039316459e-05,5.562367500039315781e-05,1.631048074347841645e-02,1.631048074347841645e-02,5.562367500039332722e-05,5.571456088568025981e-03,0.000000000000000000e+00,0.000000000000000000e+00,0.000000000000000000e+00,1.050226071156212457e-03,1.050226071156212457e-03,7.892199855533259820e-04,1.941955830150100283e-05,1.732701229389222363e-03,0.000000000000000000e+00,0.000000000000000000e+00,0.000000000000000000e+00,0.000000000000000000e+00,0.000000000000000000e+00,5.562367500039315781e-05,5.562367500039315781e-05,4.407718930345653086e-04,1.667797664383804100e-04,1.476462980893402527e-02,5.562367500039328656e-05,5.562367500039328656e-05,0.000000000000000000e+00,0.000000000000000000e+00,0.000000000000000000e+00,1.182868508104113368e-03,9.218624224993140354e-04,7.849411972641704306e-04,6.717183186231809756e-04,2.193256711592600147e-03,0.000000000000000000e+00,0.000000000000000000e+00,0.000000000000000000e+00,0.000000000000000000e+00,0.000000000000000000e+00,1.851120301244904608e-03,5.562367500039315781e-05,4.407718930345653086e-04,5.562367500039320524e-05,5.562367500039316459e-05,5.562367500039328656e-05,5.562367500039328656e-05,0.000000000000000000e+00,0.000000000000000000e+00,0.000000000000000000e+00,0.000000000000000000e+00,9.175836342098012393e-04,7.849411972641704306e-04,6.759971069118181700e-04,5.947353111253933424e-04,0.000000000000000000e+00,0.000000000000000000e+00,0.000000000000000000e+00,0.000000000000000000e+00,0.000000000000000000e+00,5.562367500039316459e-05,5.562367500039316459e-05,5.562367500039316459e-05,5.562367500039315781e-05,5.562367500039315781e-05,5.562367500039327978e-05,5.562367500039328656e-05,0.000000000000000000e+00,0.000000000000000000e+00,0.000000000000000000e+00,1.054504859441066653e-03,1.054504859441066653e-03,7.892199855523996397e-04,5.433546699652673072e-04,5.433546699652673072e-04,0.000000000000000000e+00,0.000000000000000000e+00,0.000000000000000000e+00,0.000000000000000000e+00,0.000000000000000000e+00,0.000000000000000000e+00,5.562367500039327301e-05,5.562367500039332722e-05,5.562367500039315781e-05,5.562367500039316459e-05,5.562367500039316459e-05,1.393516411561313484e-04,0.000000000000000000e+00,0.000000000000000000e+00,0.000000000000000000e+00,0.000000000000000000e+00,9.218624224994850140e-04,7.892199855530400779e-04,6.522987603208926658e-04,0.000000000000000000e+00,0.000000000000000000e+00,0.000000000000000000e+00,0.000000000000000000e+00,0.000000000000000000e+00,0.000000000000000000e+00,0.000000000000000000e+00,5.562367500039315781e-05,5.562367500039332722e-05,5.562367500039317136e-05,5.562367500039316459e-05,1.570210304165621995e-03,1.570210304165621995e-03,0.000000000000000000e+00,0.000000000000000000e+00,0.000000000000000000e+00,0.000000000000000000e+00,9.175836342094295748e-04,7.892199855530400779e-04,6.565775486097476764e-04,0.000000000000000000e+00,0.000000000000000000e+00,0.000000000000000000e+00,0.000000000000000000e+00,0.000000000000000000e+00,0.000000000000000000e+00,0.000000000000000000e+00,0.000000000000000000e+00,5.562367500039316459e-05,5.562367500039329334e-05,5.562367500039333399e-05,5.562367500039317136e-05,1.570210304165621778e-03,0.000000000000000000e+00,1.021450446956964977e-02,0.000000000000000000e+00,0.000000000000000000e+00,0.000000000000000000e+00,7.849411972653960127e-04,0.000000000000000000e+00,0.000000000000000000e+00,0.000000000000000000e+00,0.000000000000000000e+00,0.000000000000000000e+00,0.000000000000000000e+00,0.000000000000000000e+00,0.000000000000000000e+00,0.000000000000000000e+00,0.000000000000000000e+00,5.562367500039316459e-05,5.562367500039333399e-05,5.016059250851586694e-04,1.570210304165621778e-03,0.000000000000000000e+00,0.000000000000000000e+00,0.000000000000000000e+00,0.000000000000000000e+00,0.000000000000000000e+00,7.934987738399299721e-04,0.000000000000000000e+00,0.000000000000000000e+00,0.000000000000000000e+00,0.000000000000000000e+00,0.000000000000000000e+00,0.000000000000000000e+00,0.000000000000000000e+00,0.000000000000000000e+00,0.000000000000000000e+00,0.000000000000000000e+00,0.000000000000000000e+00,3.089321390103154114e-03,5.562367500039316459e-05,5.562367500039316459e-05,0.000000000000000000e+00,0.000000000000000000e+00,0.000000000000000000e+00,0.000000000000000000e+00,3.370415377087533919e-04,0.000000000000000000e+00,0.000000000000000000e+00,0.000000000000000000e+00,0.000000000000000000e+00,0.000000000000000000e+00,0.000000000000000000e+00
0.000000000000000000e+00,0.000000000000000000e+00,0.000000000000000000e+00,0.000000000000000000e+00,0.000000000000000000e+00,2.781183750019660262e-05,2.781183750019661617e-05,2.781183750019672460e-05,2.781183750019661617e-05,1.440423733036710379e-21,0.000000000000000000e+00,0.000000000000000000e+00,0.000000000000000000e+00,5.251130355783298993e-04,5.977539703622752540e-03,0.000000000000000000e+00,0.000000000000000000e+00,0.000000000000000000e+00,0.000000000000000000e+00,0.000000000000000000e+00,0.000000000000000000e+00,0.000000000000000000e+00,0.000000000000000000e+00,0.000000000000000000e+00,2.781183750019683302e-05,5.397948834726344104e-03,2.781183750019661617e-05,5.608602154203250721e-03,2.781183750019658229e-05,1.440423733036710379e-21,0.000000000000000000e+00,0.000000000000000000e+00,0.000000000000000000e+00,7.646496224418035392e-03,5.973260915334989429e-03,0.000000000000000000e+00,0.000000000000000000e+00,0.000000000000000000e+00,0.000000000000000000e+00,0.000000000000000000e+00,0.000000000000000000e+00,0.000000000000000000e+00,0.000000000000000000e+00,2.781183750019658229e-05,2.781183750019687367e-05,2.781183750019744288e-05,2.781183750019667038e-05,2.781183750019682624e-05,2.781183750019682624e-05,1.134326781534246084e-02,0.000000000000000000e+00,0.000000000000000000e+00,5.914342540514175468e-04,4.587918171042343774e-04,3.946099927764172566e-04,3.282887743051303062e-04,0.000000000000000000e+00,0.000000000000000000e+00,0.000000000000000000e+00,0.000000000000000000e+00,0.000000000000000000e+00,0.000000000000000000e+00,0.000000000000000000e+00,2.781183750019659585e-05,2.781183750019687367e-05,2.781183750019715828e-05,2.781183750019664328e-05,5.608602154203250721e-03,2.781183750019658229e-05,4.133532483705413402e-02,0.000000000000000000e+00,0.000000000000000000e+00,5.935736481940142141e-04,4.609312112501240920e-04,3.946099927764172566e-04,4.038276133664942544e-04,0.000000000000000000e+00,0.000000000000000000e+00,0.000000000000000000e+00,0.000000000000000000e+00,0.000000000000000000e+00,0.000000000000000000e+00,2.781183750019668394e-05,2.781183750019668394e-05,2.781183750019667038e-05,2.781183750019664328e-05,2.781183750019664328e-05,5.608602154203250721e-03,1.445435861620444169e-03,4.133532483705413402e-02,4.988110663529024547e-02,1.900355473766935158e-02,9.715824182725932984e-03,9.715824182725932984e-03,3.946099927765151600e-04,3.396457890377307335e-04,3.396457890377307335e-04,0.000000000000000000e+00,0.000000000000000000e+00,0.000000000000000000e+00,0.000000000000000000e+00,0.000000000000000000e+00,2.781183750019665683e-05,2.781183750019681946e-05,2.781183750019679913e-05,2.781183750019658229e-05,2.781183750019661617e-05,2.781183750019665683e-05,2.781183750019673137e-05,4.371279619272742251e-02,1.223111294387112073e-02,5.657113345380941627e-02,9.281459587778269349e-03,4.587918171046692509e-04,3.924705986321608926e-04,4.059670075111245597e-04,1.454571694873479275e-03,0.000000000000000000e+00,0.000000000000000000e+00,0.000000000000000000e+00,0.000000000000000000e+00,0.000000000000000000e+00,2.781183750019666361e-05,2.781183750019664328e-05,2.781183750019679913e-05,2.781183750019658907e-05,2.781183750019664328e-05,2.781183750019665683e-05,2.785728044284012557e-03,4.846623309275072556e-04,5.673377675573578610e-02,5.657113345380941627e-02,3.702996286213817469e-03,4.609312112498489215e-04,3.924705986321608926e-04,4.038276133665662454e-04,2.711851764206771797e-04,0.000000000000000000e+00,0.000000000000000000e+00,0.000000000000000000e+00,0.000000000000000000e+00,0.000000000000000000e+00,2.781183750019757840e-05,2.781183750019669749e-05,2.781183750019667038e-05,2.781183750019659585e-05,2.781183750019659585e-05,2.781183750019688723e-05,5.717645800227132320e-03,3.242578537711322383e-03,5.632310025394687282e-20,9.917138212366430339e-02,1.714066646605213670e-02,1.714066646605213670e-02,3.946099927763257499e-04,3.375063948929293953e-04,2.059423611111555787e-03,0.000000000000000000e+00,0.000000000000000000e+00,0.000000000000000000e+00,0.000000000000000000e+00,4.168753020217081892e-05,2.781183750019757840e-05,2.781183750019665683e-05,2.781183750019661617e-05,2.781183750019664328e-05,2.781183750019658907e-05,2.187296745241843962e-03,3.270390375211518295e-03,3.242578537711322383e-03,0.000000000000000000e+00,4.443634259339847986e-02,4.437002137492168652e-02,4.566524229606819859e-04,3.903312044883388600e-04,3.375063948930800452e-04,2.059423611111555787e-03,6.265349868753209046e-03,0.000000000000000000e+00,0.000000000000000000e+00,0.000000000000000000e+00,0.000000000000000000e+00,2.781183750019658907e-05,2.781183750019662973e-05,2.781183750019662973e-05,2.781183750019669749e-05,2.237046721945253926e-03,6.564277848833965229e-03,6.564277848833965229e-03,1.824543911441987063e-21,0.000000000000000000e+00,0.000000000000000000e+00,4.436574258663460169e-02,4.609312112497337792e-04,4.016882192223252229e-04,4.016882192223252229e-04,2.655448191418491657e-03,0.000000000000000000e+00,0.000000000000000000e+00,0.000000000000000000e+00,0.000000000000000000e+00,1.140299557110648006e-04,2.781183750019658229e-05,2.781183750019658907e-05,2.781183750019680591e-05,4.724362032521468445e-04,1.339938300096778223e-02,3.249856600760232979e-03,2.785728044284012557e-03,0.000000000000000000e+00,0.000000000000000000e+00,6.598948666710274325e-04,2.347506090205333379e-02,4.566524229610572283e-04,3.903312044881798075e-04,3.375063948930209019e-04,5.591232074062285617e-03,6.362987164166884584e-03,0.000000000000000000e+00,0.000000000000000000e+00,0.000000000000000000e+00,0.000000000000000000e+00,2.781183750019658229e-05,2.781183750019658907e-05,2.781183750019658229e-05,8.544286691772165487e-03,8.544286691772165487e-03,2.781183750019667038e-05,2.785728044284012557e-03,0.000000000000000000e+00,0.000000000000000000e+00,0.000000000000000000e+00,5.251130355781061200e-04,5.251130355781061200e-04,3.946099927766629368e-04,7.767823320600422818e-05,5.591232074062285617e-03,0.000000000000000000e+00,0.000000000000000000e+00,0.000000000000000000e+00,0.000000000000000000e+00,0.000000000000000000e+00,2.781183750019658229e-05,2.781183750019658229e-05,1.568404709636889204e-03,4.724362032521467903e-04,7.443385765771562759e-03,2.781183750019667038e-05,2.781183750019668394e-05,0.000000000000000000e+00,0.000000000000000000e+00,0.000000000000000000e+00,5.914342540520565756e-04,4.609312112496570177e-04,3.924705986320852153e-04,4.038276133668459154e-04,7.418478243867939782e-03,0.000000000000000000e+00,0.000000000000000000e+00,0.000000000000000000e+00,0.000000000000000000e+00,0.000000000000000000e+00,7.209798342478261797e-03,2.781183750019658229e-05,1.568404709636889204e-03,2.781183750019675170e-05,2.781183750019658907e-05,2.781183750019667038e-05,2.781183750019667038e-05,0.000000000000000000e+00,0.000000000000000000e+00,0.000000000000000000e+00,0.000000000000000000e+00,4.587918171049006196e-04,3.924705986320852153e-04,4.059670075111629405e-04,1.024392641999074399e-03,0.000000000000000000e+00,0.000000000000000000e+00,0.000000000000000000e+00,0.000000000000000000e+00,0.000000000000000000e+00,2.781183750019661617e-05,2.781183750019661617e-05,2.781183750019660262e-05,2.781183750019658229e-05,2.781183750019658229e-05,2.781183750019664328e-05,2.781183750019667038e-05,0.000000000000000000e+00,0.000000000000000000e+00,0.000000000000000000e+00,5.272524297205332180e-04,5.272524297205332180e-04,3.946099927761997656e-04,3.396457890378879428e-04,3.396457890378879428e-04,0.000000000000000000e+00,0.000000000000000000e+00,0.000000000000000000e+00,0.000000000000000000e+00,0.000000000000000000e+00,0.000000000000000000e+00,2.781183750019664328e-05,2.781183750019667716e-05,2.781183750019658229e-05,2.781183750019658907e-05,2.781183750019661617e-05,3.627237021231502186e-04,0.000000000000000000e+00,0.000000000000000000e+00,0.000000000000000000e+00,0.000000000000000000e+00,4.609312112497424528e-04,3.946099927765200389e-04,3.261493801604463871e-04,0.000000000000000000e+00,0.000000000000000000e+00,0.000000000000000000e+00,0.000000000000000000e+00,0.000000000000000000e+00,0.000000000000000000e+00,0.000000000000000000e+00,2.781183750019658229e-05,2.781183750019667716e-05,2.781183750019662973e-05,2.781183750019661617e-05,6.086158354161127874e-03,6.086158354161127874e-03,0.000000000000000000e+00,0.000000000000000000e+00,0.000000000000000000e+00,0.000000000000000000e+00,4.587918171047147874e-04,3.946099927765200389e-04,3.282887743048737840e-04,0.000000000000000000e+00,0.000000000000000000e+00,0.000000000000000000e+00,0.000000000000000000e+00,0.000000000000000000e+00,0.000000000000000000e+00,0.000000000000000000e+00,0.000000000000000000e+00,2.781183750019658907e-05,2.781183750019671104e-05,2.781183750019671104e-05,2.781183750019662973e-05,6.086158354161127874e-03,0.000000000000000000e+00,4.085801787827870318e-02,0.000000000000000000e+00,0.000000000000000000e+00,0.000000000000000000e+00,3.924705986326980063e-04,0.000000000000000000e+00,0.000000000000000000e+00,0.000000000000000000e+00,0.000000000000000000e+00,0.000000000000000000e+00,0.000000000000000000e+00,0.000000000000000000e+00,0.000000000000000000e+00,0.000000000000000000e+00,0.000000000000000000e+00,2.781183750019661617e-05,2.781183750019671104e-05,1.811740837839263081e-03,6.086158354161127874e-03,0.000000000000000000e+00,0.000000000000000000e+00,0.000000000000000000e+00,0.000000000000000000e+00,0.000000000000000000e+00,3.967493869199649860e-04,0.000000000000000000e+00,0.000000000000000000e+00,0.000000000000000000e+00,0.000000000000000000e+00,0.000000000000000000e+00,0.000000000000000000e+00,0.000000000000000000e+00,0.000000000000000000e+00,0.000000000000000000e+00,0.000000000000000000e+00,0.000000000000000000e+00,1.216260269791127197e-02,2.781183750019661617e-05,2.781183750019661617e-05,0.000000000000000000e+00,0.000000000000000000e+00,0.000000000000000000e+00,0.000000000000000000e+00,1.348166150835017037e-03,0.000000000000000000e+00,0.000000000000000000e+00,0.000000000000000000e+00,0.000000000000000000e+00,0.000000000000000000e+00,0.000000000000000000e+00
0.000000000000000000e+00,0.000000000000000000e+00,0.000000000000000000e+00,0.000000000000000000e+00,0.000000000000000000e+00,3.865170195232218354e-20,5.162570578138194876e-20,2.613489352109980263e-19,5.162570578138194876e-20,2.520741532814244150e-21,0.000000000000000000e+00,0.000000000000000000e+00,0.000000000000000000e+00,0.000000000000000000e+00,9.766383054230349386e-03,0.000000000000000000e+00,0.000000000000000000e+00,0.000000000000000000e+00,0.000000000000000000e+00,0.000000000000000000e+00,0.000000000000000000e+00,0.000000000000000000e+00,0.000000000000000000e+00,0.000000000000000000e+00,4.327918409398661382e-19,9.397739745145761506e-03,5.162570578138194876e-20,9.766383054230347652e-03,2.520741532814244150e-21,2.520741532814244150e-21,0.000000000000000000e+00,0.000000000000000000e+00,0.000000000000000000e+00,1.246242058046955967e-02,9.766383054230347652e-03,0.000000000000000000e+00,0.000000000000000000e+00,0.000000000000000000e+00,0.000000000000000000e+00,0.000000000000000000e+00,0.000000000000000000e+00,0.000000000000000000e+00,0.000000000000000000e+00,2.520741532814244150e-21,5.141458753873122793e-19,1.413322597398895105e-18,6.031131262822112726e-20,3.221951525290262267e-19,3.221951525290262267e-19,1.985071867684931601e-02,0.000000000000000000e+00,0.000000000000000000e+00,0.000000000000000000e+00,0.000000000000000000e+00,0.000000000000000000e+00,0.000000000000000000e+00,0.000000000000000000e+00,0.000000000000000000e+00,0.000000000000000000e+00,0.000000000000000000e+00,0.000000000000000000e+00,0.000000000000000000e+00,0.000000000000000000e+00,2.113669773631539745e-20,5.141458753873122793e-19,9.029195368927576608e-19,1.034014178165244751e-20,9.766383054230347652e-03,2.520741532814252426e-21,7.233681846484475708e-02,0.000000000000000000e+00,0.000000000000000000e+00,0.000000000000000000e+00,0.000000000000000000e+00,0.000000000000000000e+00,1.359369081105074400e-04,0.000000000000000000e+00,0.000000000000000000e+00,0.000000000000000000e+00,0.000000000000000000e+00,0.000000000000000000e+00,0.000000000000000000e+00,7.482296103876507222e-20,7.482296103876507222e-20,5.162570578138194876e-20,5.665887166614827601e-21,5.665887166614827601e-21,9.766383054230347652e-03,2.520741532814244150e-21,7.233681846484475708e-02,8.729193661175796426e-02,3.210514871400950432e-02,1.608000056775917008e-02,1.608000056775917008e-02,2.122787140320763376e-19,1.359369081105074400e-04,1.359369081105074400e-04,0.000000000000000000e+00,0.000000000000000000e+00,0.000000000000000000e+00,0.000000000000000000e+00,0.000000000000000000e+00,2.113669773631539745e-20,3.147116248028395236e-19,3.797439839373061951e-19,2.520741532814244150e-21,5.162570578138194876e-20,3.071784862978189760e-20,4.918436058501013100e-19,7.649739333727301194e-02,2.140444765177447126e-02,2.123588400571939372e-02,1.520380039427198134e-02,0.000000000000000000e+00,0.000000000000000000e+00,1.359369081105075755e-04,2.206863315402957104e-03,0.000000000000000000e+00,0.000000000000000000e+00,0.000000000000000000e+00,0.000000000000000000e+00,0.000000000000000000e+00,3.523260411619611261e-20,2.520741532814244150e-21,3.797439839373061951e-19,1.360724013903466217e-20,2.520741532814244150e-21,3.071784862978189760e-20,2.520741532814244150e-21,8.481590791231379683e-04,2.140444765177446432e-02,2.123588400571939372e-02,2.696037526239212015e-03,1.534232074511107729e-19,0.000000000000000000e+00,1.359369081105074400e-04,1.359369081105074400e-04,0.000000000000000000e+00,0.000000000000000000e+00,0.000000000000000000e+00,0.000000000000000000e+00,0.000000000000000000e+00,1.635215569232434194e-18,5.704366205351465548e-20,5.162570578138194876e-20,2.781510427202976503e-20,2.781510427202976503e-20,5.162570578138194876e-20,5.130856072900461320e-03,8.481590791231351494e-04,0.000000000000000000e+00,9.579006311772829407e-02,0.000000000000000000e+00,0.000000000000000000e+00,9.042193007212193829e-19,1.359369081105089850e-04,3.269098108571466717e-03,0.000000000000000000e+00,0.000000000000000000e+00,0.000000000000000000e+00,0.000000000000000000e+00,2.428246222845482430e-05,1.635215569232434194e-18,2.215498393322759460e-20,5.685796809335761119e-20,2.520741532814252426e-21,1.428420201928070820e-20,3.779098588547883872e-03,8.481590791231351494e-04,8.481590791231351494e-04,0.000000000000000000e+00,0.000000000000000000e+00,0.000000000000000000e+00,0.000000000000000000e+00,0.000000000000000000e+00,1.359369081105110449e-04,3.269098108571466717e-03,1.073804331226714190e-02,0.000000000000000000e+00,0.000000000000000000e+00,0.000000000000000000e+00,0.000000000000000000e+00,1.879747600905485797e-20,2.448360964068070126e-19,2.448360964068070126e-19,9.765237031712062347e-20,7.780926400659124659e-04,6.612462157962419561e-03,6.612462157962419561e-03,3.192951845023478772e-21,0.000000000000000000e+00,0.000000000000000000e+00,0.000000000000000000e+00,0.000000000000000000e+00,1.359369081105079821e-04,1.359369081105079821e-04,4.304653244602931091e-03,0.000000000000000000e+00,0.000000000000000000e+00,0.000000000000000000e+00,0.000000000000000000e+00,1.508817068690194345e-04,2.520741532814246783e-21,1.252876189001834853e-20,2.997967018008928605e-19,7.780926400659132249e-04,7.780926400659124659e-04,5.638578335705065302e-03,2.520741532814244150e-21,0.000000000000000000e+00,0.000000000000000000e+00,0.000000000000000000e+00,0.000000000000000000e+00,0.000000000000000000e+00,0.000000000000000000e+00,1.359369081105074400e-04,9.449762918735348655e-03,1.090890857924105457e-02,0.000000000000000000e+00,0.000000000000000000e+00,0.000000000000000000e+00,0.000000000000000000e+00,2.520741532814246783e-21,7.364519380182790870e-21,2.520741532814245279e-21,7.780926400659132249e-04,7.780926400659132249e-04,1.505410886999312935e-20,2.520741532814244150e-21,0.000000000000000000e+00,0.000000000000000000e+00,0.000000000000000000e+00,0.000000000000000000e+00,0.000000000000000000e+00,0.000000000000000000e+00,1.359369081105074400e-04,9.449762918735348655e-03,0.000000000000000000e+00,0.000000000000000000e+00,0.000000000000000000e+00,0.000000000000000000e+00,0.000000000000000000e+00,5.152748673621809912e-21,2.520741532814255811e-21,2.696037526239212882e-03,7.780926400659132249e-04,1.221417226091019311e-04,5.072627183916856345e-20,7.482296103876507222e-20,0.000000000000000000e+00,0.000000000000000000e+00,0.000000000000000000e+00,0.000000000000000000e+00,0.000000000000000000e+00,4.033186452502790641e-20,1.359369081105108823e-04,1.264369977614327942e-02,0.000000000000000000e+00,0.000000000000000000e+00,0.000000000000000000e+00,0.000000000000000000e+00,0.000000000000000000e+00,1.256847638371162007e-02,2.520741532814246783e-21,2.696037526239212882e-03,2.997967018008928605e-19,1.428420201928070820e-20,5.072627183916856345e-20,5.492956705609318658e-20,0.000000000000000000e+00,0.000000000000000000e+00,0.000000000000000000e+00,0.000000000000000000e+00,4.193224263067866937e-20,4.033186452502790641e-20,1.359369081105076839e-04,1.454049972872755456e-03,0.000000000000000000e+00,0.000000000000000000e+00,0.000000000000000000e+00,0.000000000000000000e+00,0.000000000000000000e+00,5.162570578138194876e-20,5.162570578138194876e-20,3.685779609618579753e-20,2.520741532814244150e-21,2.520741532814244150e-21,1.428420201928070820e-20,6.080166322710255093e-20,0.000000000000000000e+00,0.000000000000000000e+00,0.000000000000000000e+00,0.000000000000000000e+00,0.000000000000000000e+00,4.033186452502790641e-20,1.359369081105086055e-04,1.359369081105086055e-04,0.000000000000000000e+00,0.000000000000000000e+00,0.000000000000000000e+00,0.000000000000000000e+00,0.000000000000000000e+00,0.000000000000000000e+00,4.365313394731847508e-21,2.113669773631543056e-20,2.520741532814244150e-21,8.402471776047479749e-21,5.162570578138194876e-20,5.860957630901691973e-04,0.000000000000000000e+00,0.000000000000000000e+00,0.000000000000000000e+00,0.000000000000000000e+00,0.000000000000000000e+00,0.000000000000000000e+00,0.000000000000000000e+00,0.000000000000000000e+00,0.000000000000000000e+00,0.000000000000000000e+00,0.000000000000000000e+00,0.000000000000000000e+00,0.000000000000000000e+00,0.000000000000000000e+00,2.520741532814244150e-21,2.113669773631543056e-20,7.482296103876507222e-20,4.761400673093569199e-20,1.060210640415663354e-02,1.060210640415663354e-02,0.000000000000000000e+00,0.000000000000000000e+00,0.000000000000000000e+00,0.000000000000000000e+00,0.000000000000000000e+00,0.000000000000000000e+00,0.000000000000000000e+00,0.000000000000000000e+00,0.000000000000000000e+00,0.000000000000000000e+00,0.000000000000000000e+00,0.000000000000000000e+00,0.000000000000000000e+00,0.000000000000000000e+00,0.000000000000000000e+00,1.428420201928070820e-20,1.197746205057872191e-19,7.482296103876508426e-20,7.482296103876513241e-20,1.060210640415663354e-02,0.000000000000000000e+00,7.150153128698776006e-02,0.000000000000000000e+00,0.000000000000000000e+00,0.000000000000000000e+00,0.000000000000000000e+00,0.000000000000000000e+00,0.000000000000000000e+00,0.000000000000000000e+00,0.000000000000000000e+00,0.000000000000000000e+00,0.000000000000000000e+00,0.000000000000000000e+00,0.000000000000000000e+00,0.000000000000000000e+00,0.000000000000000000e+00,5.162570578138194876e-20,7.482296103876508426e-20,3.121875750593367492e-03,1.060210640415663354e-02,0.000000000000000000e+00,0.000000000000000000e+00,0.000000000000000000e+00,0.000000000000000000e+00,0.000000000000000000e+00,0.000000000000000000e+00,0.000000000000000000e+00,0.000000000000000000e+00,0.000000000000000000e+00,0.000000000000000000e+00,0.000000000000000000e+00,0.000000000000000000e+00,0.000000000000000000e+00,0.000000000000000000e+00,0.000000000000000000e+00,0.000000000000000000e+00,0.000000000000000000e+00,2.123588400571939372e-02,5.162570578138194876e-20,5.162570578138194876e-20,0.000000000000000000e+00,0.000000000000000000e+00,0.000000000000000000e+00,0.000000000000000000e+00,2.359290763961280953e-03,0.000000000000000000e+00,0.000000000000000000e+00,0.000000000000000000e+00,0.000000000000000000e+00,0.000000000000000000e+00,0.000000000000000000e+00
0.000000000000000000e+00,0.000000000000000000e+00,0.000000000000000000e+00,0.000000000000000000e+00,0.000000000000000000e+00,2.208668682989840650e-20,2.950040330364685194e-20,1.968042991153730416e-18,2.950040330364685194e-20,1.440423733036712072e-21,0.000000000000000000e+00,0.000000000000000000e+00,0.000000000000000000e+00,0.000000000000000000e+00,5.580790316703060881e-03,0.000000000000000000e+00,0.000000000000000000e+00,0.000000000000000000e+00,0.000000000000000000e+00,0.000000000000000000e+00,0.000000000000000000e+00,0.000000000000000000e+00,0.000000000000000000e+00,0.000000000000000000e+00,2.930494025459415639e-19,5.370136997226153397e-03,2.950040330364685194e-20,5.580790316703060014e-03,1.440423733036712072e-21,1.440423733036712072e-21,0.000000000000000000e+00,0.000000000000000000e+00,0.000000000000000000e+00,7.121383188839753957e-03,5.580790316703060014e-03,0.000000000000000000e+00,0.000000000000000000e+00,0.000000000000000000e+00,0.000000000000000000e+00,0.000000000000000000e+00,0.000000000000000000e+00,0.000000000000000000e+00,0.000000000000000000e+00,2.975252096836131817e-18,2.937976430784644003e-19,8.076129127993692230e-19,3.446360721612638595e-20,1.841115157308722774e-19,1.841115157308722774e-19,1.134326781534247472e-02,0.000000000000000000e+00,0.000000000000000000e+00,0.000000000000000000e+00,0.000000000000000000e+00,0.000000000000000000e+00,0.000000000000000000e+00,0.000000000000000000e+00,0.000000000000000000e+00,0.000000000000000000e+00,0.000000000000000000e+00,0.000000000000000000e+00,0.000000000000000000e+00,0.000000000000000000e+00,1.425619771369129201e-20,2.937976430784644003e-19,5.159540210815761364e-19,5.908652446658546269e-21,5.580790316703060881e-03,1.440423733036716774e-21,4.133532483705418259e-02,0.000000000000000000e+00,0.000000000000000000e+00,0.000000000000000000e+00,0.000000000000000000e+00,0.000000000000000000e+00,7.767823320600430949e-05,0.000000000000000000e+00,0.000000000000000000e+00,0.000000000000000000e+00,0.000000000000000000e+00,0.000000000000000000e+00,0.000000000000000000e+00,4.275597773643721852e-20,4.275597773643721852e-20,2.950040330364685194e-20,3.237649809494189726e-21,3.237649809494189726e-21,5.580790316703060014e-03,1.440423733036712072e-21,4.133532483705418259e-02,4.988110663529030098e-02,8.088358173190138278e-02,9.188571753005247977e-03,9.188571753005247977e-03,1.213021223040437143e-19,7.767823320600430949e-05,7.767823320600430949e-05,0.000000000000000000e+00,0.000000000000000000e+00,0.000000000000000000e+00,0.000000000000000000e+00,0.000000000000000000e+00,1.207811299218023571e-20,1.798352141730512905e-19,2.169965622498894194e-19,5.205506156931716497e-19,2.950040330364685194e-20,2.489679215274923476e-18,2.814165031774527979e-19,4.371279619272747108e-02,1.223111294387113634e-02,7.467257332716417673e-02,8.687885939583996769e-03,0.000000000000000000e+00,0.000000000000000000e+00,7.767823320600439081e-05,1.261064751658833591e-03,0.000000000000000000e+00,0.000000000000000000e+00,0.000000000000000000e+00,0.000000000000000000e+00,0.000000000000000000e+00,2.013291663782636640e-20,2.166451973540397378e-21,2.169965622498894194e-19,7.775565793734098256e-21,1.440423733036712072e-21,2.489679215274923476e-18,1.440423733036712072e-21,4.846623309275077977e-04,1.223111294387113114e-02,7.467257332716417673e-02,1.540592872136693726e-03,8.767040425777764643e-20,0.000000000000000000e+00,7.767823320600430949e-05,7.767823320600430949e-05,0.000000000000000000e+00,0.000000000000000000e+00,0.000000000000000000e+00,0.000000000000000000e+00,0.000000000000000000e+00,9.344088967042489360e-19,3.259637831629411120e-20,9.193883198696378302e-20,4.326345553474180495e-19,4.326345553474180495e-19,2.950040330364685194e-20,2.931917755943122799e-03,4.846623309275061714e-04,0.000000000000000000e+00,8.784779033503545276e-02,0.000000000000000000e+00,0.000000000000000000e+00,5.166967432692686590e-19,7.767823320600519040e-05,1.868056062040839580e-03,0.000000000000000000e+00,0.000000000000000000e+00,0.000000000000000000e+00,0.000000000000000000e+00,1.387569270197419597e-05,9.344088967042489360e-19,1.041395491224515407e-19,3.249026748191865560e-20,1.440423733036716774e-21,8.162401153874696849e-21,2.159484907741649785e-03,4.846623309275061714e-04,4.846623309275061714e-04,0.000000000000000000e+00,0.000000000000000000e+00,0.000000000000000000e+00,0.000000000000000000e+00,0.000000000000000000e+00,7.767823320600636947e-05,1.868056062040839580e-03,6.136024749866943184e-03,0.000000000000000000e+00,0.000000000000000000e+00,0.000000000000000000e+00,0.000000000000000000e+00,1.074141486231706922e-20,1.399063408038898281e-19,1.399063408038898281e-19,5.580135446692611011e-20,4.446243657519503368e-04,3.778549804549957009e-03,3.778549804549957009e-03,5.949447890117631424e-18,0.000000000000000000e+00,0.000000000000000000e+00,0.000000000000000000e+00,0.000000000000000000e+00,7.767823320600462120e-05,7.767823320600462120e-05,2.459801854058819501e-03,0.000000000000000000e+00,0.000000000000000000e+00,0.000000000000000000e+00,0.000000000000000000e+00,8.621811821086831993e-05,1.440423733036713576e-21,7.159292508581919892e-21,1.713124010290817756e-19,4.446243657519513667e-04,4.446243657519503368e-04,3.222044763260039670e-03,1.440423733036712072e-21,0.000000000000000000e+00,0.000000000000000000e+00,0.000000000000000000e+00,0.000000000000000000e+00,0.000000000000000000e+00,0.000000000000000000e+00,7.767823320600430949e-05,5.399864524991631644e-03,6.233662045280607446e-03,0.000000000000000000e+00,0.000000000000000000e+00,0.000000000000000000e+00,0.000000000000000000e+00,1.440423733036713576e-21,4.208296788675883292e-21,1.440423733036712636e-21,4.446243657519507704e-04,4.446243657519507704e-04,8.602347925710365865e-21,1.440423733036712072e-21,0.000000000000000000e+00,0.000000000000000000e+00,0.000000000000000000e+00,0.000000000000000000e+00,0.000000000000000000e+00,5.982472701750366352e-19,7.767823320600430949e-05,5.399864524991631644e-03,0.000000000000000000e+00,0.000000000000000000e+00,0.000000000000000000e+00,0.000000000000000000e+00,0.000000000000000000e+00,9.780003548099474611e-19,1.440423733036718654e-21,1.540592872136694160e-03,4.446243657519507704e-04,6.979527006234400709e-05,6.083321819243630441e-02,6.253778246675309460e-02,0.000000000000000000e+00,0.000000000000000000e+00,0.000000000000000000e+00,0.000000000000000000e+00,0.000000000000000000e+00,2.304677972858739314e-20,7.767823320600627461e-05,7.224971300653307976e-03,0.000000000000000000e+00,0.000000000000000000e+00,0.000000000000000000e+00,0.000000000000000000e+00,0.000000000000000000e+00,7.181986504978073692e-03,3.332353296432209287e-19,1.540592872136694160e-03,1.713124010290817756e-19,8.162401153874696849e-21,6.083321819243630441e-02,6.253778246675309460e-02,0.000000000000000000e+00,0.000000000000000000e+00,0.000000000000000000e+00,0.000000000000000000e+00,2.396128150324497327e-20,2.304677972858739314e-20,7.767823320600462120e-05,8.308856987844322932e-04,0.000000000000000000e+00,0.000000000000000000e+00,0.000000000000000000e+00,0.000000000000000000e+00,0.000000000000000000e+00,2.950040330364685194e-20,2.950040330364685194e-20,2.106159776924904264e-20,1.440423733036712072e-21,1.440423733036712072e-21,8.162401153874696849e-21,3.474380755834434405e-20,0.000000000000000000e+00,0.000000000000000000e+00,0.000000000000000000e+00,3.484935554417689109e-19,3.484935554417689109e-19,2.304677972858739314e-20,7.767823320600497356e-05,7.767823320600497356e-05,0.000000000000000000e+00,0.000000000000000000e+00,0.000000000000000000e+00,0.000000000000000000e+00,0.000000000000000000e+00,0.000000000000000000e+00,8.308359949289870620e-20,1.207811299218025527e-20,1.440423733036712072e-21,4.801412443455706153e-21,2.950040330364685194e-20,3.349118646229540903e-04,0.000000000000000000e+00,0.000000000000000000e+00,0.000000000000000000e+00,0.000000000000000000e+00,0.000000000000000000e+00,0.000000000000000000e+00,0.000000000000000000e+00,0.000000000000000000e+00,0.000000000000000000e+00,0.000000000000000000e+00,0.000000000000000000e+00,0.000000000000000000e+00,0.000000000000000000e+00,0.000000000000000000e+00,1.440423733036712072e-21,1.207811299218025527e-20,4.275597773643721852e-20,2.720800384624898749e-20,6.058346516660938035e-03,6.058346516660938035e-03,0.000000000000000000e+00,0.000000000000000000e+00,0.000000000000000000e+00,0.000000000000000000e+00,0.000000000000000000e+00,0.000000000000000000e+00,2.555619406572971917e-19,0.000000000000000000e+00,0.000000000000000000e+00,0.000000000000000000e+00,0.000000000000000000e+00,0.000000000000000000e+00,0.000000000000000000e+00,0.000000000000000000e+00,0.000000000000000000e+00,8.162401153874696849e-21,1.078347922829647607e-18,4.275597773643722454e-20,4.275597773643724861e-20,6.058346516660938035e-03,0.000000000000000000e+00,4.085801787827875176e-02,0.000000000000000000e+00,0.000000000000000000e+00,0.000000000000000000e+00,0.000000000000000000e+00,0.000000000000000000e+00,0.000000000000000000e+00,0.000000000000000000e+00,0.000000000000000000e+00,0.000000000000000000e+00,0.000000000000000000e+00,0.000000000000000000e+00,0.000000000000000000e+00,0.000000000000000000e+00,0.000000000000000000e+00,3.240451626566159166e-20,4.275597773643722454e-20,1.783929000339068470e-03,6.058346516660938035e-03,0.000000000000000000e+00,0.000000000000000000e+00,0.000000000000000000e+00,0.000000000000000000e+00,0.000000000000000000e+00,0.000000000000000000e+00,0.000000000000000000e+00,0.000000000000000000e+00,0.000000000000000000e+00,0.000000000000000000e+00,0.000000000000000000e+00,0.000000000000000000e+00,0.000000000000000000e+00,0.000000000000000000e+00,0.000000000000000000e+00,0.000000000000000000e+00,0.000000000000000000e+00,1.213479086041109080e-02,2.950040330364685194e-20,2.950040330364685194e-20,0.000000000000000000e+00,0.000000000000000000e+00,0.000000000000000000e+00,0.000000000000000000e+00,1.348166150835018772e-03,0.000000000000000000e+00,0.000000000000000000e+00,0.000000000000000000e+00,0.000000000000000000e+00,0.000000000000000000e+00,0.000000000000000000e+00
0.000000000000000000e+00,0.000000000000000000e+00,0.000000000000000000e+00,0.000000000000000000e+00,0.000000000000000000e+00,5.521671707474629461e-21,7.375100825911749096e-21,3.674737047096462661e-18,7.375100825911749096e-21,3.601059332591799927e-22,0.000000000000000000e+00,0.000000000000000000e+00,0.000000000000000000e+00,0.000000000000000000e+00,1.395197579175772376e-03,0.000000000000000000e+00,0.000000000000000000e+00,0.000000000000000000e+00,0.000000000000000000e+00,0.000000000000000000e+00,0.000000000000000000e+00,0.000000000000000000e+00,0.000000000000000000e+00,0.000000000000000000e+00,1.533069641520170378e-19,1.342534249306545288e-03,7.375100825911749096e-21,1.395197579175772376e-03,3.601059332591799927e-22,3.601059332591799927e-22,0.000000000000000000e+00,0.000000000000000000e+00,0.000000000000000000e+00,1.780345797209948247e-03,1.395197579175772376e-03,0.000000000000000000e+00,0.000000000000000000e+00,0.000000000000000000e+00,0.000000000000000000e+00,0.000000000000000000e+00,0.000000000000000000e+00,0.000000000000000000e+00,0.000000000000000000e+00,5.947983452139448941e-18,7.344941076961652138e-20,2.019032281998433409e-19,8.615901804031644635e-21,4.602787893271832815e-20,4.602787893271832815e-20,2.835816953835633425e-03,0.000000000000000000e+00,0.000000000000000000e+00,0.000000000000000000e+00,0.000000000000000000e+00,0.000000000000000000e+00,0.000000000000000000e+00,0.000000000000000000e+00,0.000000000000000000e+00,0.000000000000000000e+00,0.000000000000000000e+00,0.000000000000000000e+00,0.000000000000000000e+00,0.000000000000000000e+00,7.375697691067186565e-21,7.344941076961652138e-20,1.289885052703947082e-19,1.477163111664645031e-21,1.395197579175774111e-03,3.601059332591811212e-22,1.033383120926360116e-02,0.000000000000000000e+00,0.000000000000000000e+00,0.000000000000000000e+00,0.000000000000000000e+00,0.000000000000000000e+00,1.941955830150117902e-05,0.000000000000000000e+00,0.000000000000000000e+00,0.000000000000000000e+00,0.000000000000000000e+00,0.000000000000000000e+00,0.000000000000000000e+00,1.068899443410936481e-20,1.068899443410936481e-20,7.375100825911749096e-21,8.094124523735518514e-22,8.094124523735518514e-22,1.395197579175772376e-03,3.601059332591799927e-22,1.033383120926360116e-02,1.247027665882263769e-02,1.296620147497932751e-01,2.297142938251324137e-03,2.297142938251324137e-03,3.032553057601109108e-20,1.941955830150117902e-05,1.941955830150117902e-05,0.000000000000000000e+00,0.000000000000000000e+00,0.000000000000000000e+00,0.000000000000000000e+00,0.000000000000000000e+00,3.019528248045073975e-21,4.495880354326305734e-20,5.424914056247264374e-20,1.038580489853529183e-18,7.375100825911749096e-21,4.948640581920065229e-18,7.098940050480428584e-20,1.092819904818193022e-02,3.057778235967801433e-03,1.281092626486089736e-01,2.171971484896010468e-03,0.000000000000000000e+00,0.000000000000000000e+00,1.941955830150120612e-05,3.152661879147100783e-04,0.000000000000000000e+00,0.000000000000000000e+00,0.000000000000000000e+00,0.000000000000000000e+00,0.000000000000000000e+00,5.033229159456620187e-21,1.812162414266550605e-21,5.424914056247264374e-20,1.943891448433534344e-21,3.601059332591799927e-22,4.948640581920065229e-18,3.601059332591799927e-22,1.211655827318776271e-04,3.057778235967797964e-03,1.281092626486089736e-01,3.851482180341754373e-04,2.191760106444451994e-20,0.000000000000000000e+00,1.941955830150117902e-05,1.941955830150117902e-05,0.000000000000000000e+00,0.000000000000000000e+00,0.000000000000000000e+00,0.000000000000000000e+00,0.000000000000000000e+00,2.336022241760634859e-19,8.149094579073572939e-21,1.322519581925456233e-19,8.374540064228063941e-19,8.374540064228063941e-19,7.375100825911749096e-21,7.329794389857842776e-04,1.211655827318771934e-04,0.000000000000000000e+00,7.990551755234262532e-02,0.000000000000000000e+00,0.000000000000000000e+00,1.291741858173178388e-19,1.941955830150139586e-05,4.670140155102124428e-04,0.000000000000000000e+00,0.000000000000000000e+00,0.000000000000000000e+00,0.000000000000000000e+00,3.468923175493567626e-06,2.336022241760634859e-19,1.861241143116755048e-19,8.122566870479706030e-21,3.601059332591811212e-22,2.040600288468685497e-21,5.398712269354152653e-04,1.211655827318771934e-04,1.211655827318771934e-04,0.000000000000000000e+00,0.000000000000000000e+00,0.000000000000000000e+00,0.000000000000000000e+00,0.000000000000000000e+00,1.941955830150169401e-05,4.670140155102124428e-04,1.534006187466744470e-03,0.000000000000000000e+00,0.000000000000000000e+00,0.000000000000000000e+00,0.000000000000000000e+00,2.685353715579280471e-21,3.497658520097264360e-20,3.497658520097264360e-20,1.395033861673159674e-20,1.111560914379882076e-04,9.446374511374944563e-04,9.446374511374944563e-04,1.189570282839023944e-17,0.000000000000000000e+00,0.000000000000000000e+00,0.000000000000000000e+00,0.000000000000000000e+00,1.941955830150126033e-05,1.941955830150126033e-05,6.149504635147083446e-04,0.000000000000000000e+00,0.000000000000000000e+00,0.000000000000000000e+00,0.000000000000000000e+00,2.155452955271720534e-05,3.601059332591803689e-22,1.789823127145489753e-21,4.282810025727069065e-20,1.111560914379895086e-04,1.111560914379882076e-04,8.055111908150140373e-04,3.601059332591799927e-22,0.000000000000000000e+00,0.000000000000000000e+00,0.000000000000000000e+00,0.000000000000000000e+00,0.000000000000000000e+00,0.000000000000000000e+00,1.941955830150117902e-05,1.349966131247914633e-03,1.558415511320160318e-03,0.000000000000000000e+00,0.000000000000000000e+00,0.000000000000000000e+00,0.000000000000000000e+00,3.601059332591803689e-22,1.052074197168976465e-21,3.601059332591799927e-22,1.111560914379883160e-04,1.111560914379883160e-04,2.150586981427602375e-21,3.601059332591799927e-22,0.000000000000000000e+00,0.000000000000000000e+00,0.000000000000000000e+00,0.000000000000000000e+00,0.000000000000000000e+00,1.196494540350073270e-18,1.941955830150117902e-05,1.349966131247914633e-03,0.000000000000000000e+00,0.000000000000000000e+00,0.000000000000000000e+00,0.000000000000000000e+00,0.000000000000000000e+00,1.950847960946273117e-18,3.601059332591814973e-22,3.851482180341754373e-04,1.111560914379883160e-04,1.744881751558609664e-05,1.216664363848726088e-01,1.250755649335061892e-01,0.000000000000000000e+00,0.000000000000000000e+00,0.000000000000000000e+00,0.000000000000000000e+00,0.000000000000000000e+00,5.761694932146879883e-21,1.941955830150166691e-05,1.806242825163336535e-03,0.000000000000000000e+00,0.000000000000000000e+00,0.000000000000000000e+00,0.000000000000000000e+00,0.000000000000000000e+00,1.795496626244527313e-03,6.639499177536275489e-19,3.851482180341754373e-04,4.282810025727069065e-20,2.040600288468685497e-21,1.216664363848726088e-01,1.250755649335061892e-01,0.000000000000000000e+00,0.000000000000000000e+00,0.000000000000000000e+00,0.000000000000000000e+00,5.990320375811277172e-21,5.761694932146879883e-21,1.941955830150155849e-05,2.077214246961091304e-04,0.000000000000000000e+00,0.000000000000000000e+00,0.000000000000000000e+00,0.000000000000000000e+00,0.000000000000000000e+00,7.375100825911749096e-21,7.375100825911749096e-21,5.265399442312287743e-21,3.601059332591799927e-22,3.601059332591799927e-22,2.040600288468685497e-21,8.685951889586131152e-21,0.000000000000000000e+00,0.000000000000000000e+00,0.000000000000000000e+00,6.969871108835378219e-19,6.969871108835378219e-19,5.761694932146879883e-21,1.941955830150134165e-05,1.941955830150134165e-05,0.000000000000000000e+00,0.000000000000000000e+00,0.000000000000000000e+00,0.000000000000000000e+00,0.000000000000000000e+00,0.000000000000000000e+00,1.618018855910655506e-19,3.019528248045079994e-21,3.601059332591799927e-22,1.200353110863932557e-21,7.375100825911749096e-21,8.372796615573898336e-05,0.000000000000000000e+00,0.000000000000000000e+00,0.000000000000000000e+00,0.000000000000000000e+00,0.000000000000000000e+00,0.000000000000000000e+00,0.000000000000000000e+00,0.000000000000000000e+00,0.000000000000000000e+00,0.000000000000000000e+00,0.000000000000000000e+00,0.000000000000000000e+00,0.000000000000000000e+00,0.000000000000000000e+00,3.601059332591799927e-22,3.019528248045079994e-21,1.068899443410936481e-20,6.802000961562282983e-21,1.514586629165242532e-03,1.514586629165242532e-03,0.000000000000000000e+00,0.000000000000000000e+00,0.000000000000000000e+00,0.000000000000000000e+00,0.000000000000000000e+00,0.000000000000000000e+00,5.111238813145943834e-19,0.000000000000000000e+00,0.000000000000000000e+00,0.000000000000000000e+00,0.000000000000000000e+00,0.000000000000000000e+00,0.000000000000000000e+00,0.000000000000000000e+00,0.000000000000000000e+00,2.040600288468685497e-21,2.036921225153508018e-18,1.068899443410936481e-20,1.068899443410936481e-20,1.514586629165242532e-03,0.000000000000000000e+00,1.021450446956974345e-02,0.000000000000000000e+00,0.000000000000000000e+00,0.000000000000000000e+00,0.000000000000000000e+00,0.000000000000000000e+00,0.000000000000000000e+00,0.000000000000000000e+00,0.000000000000000000e+00,0.000000000000000000e+00,0.000000000000000000e+00,0.000000000000000000e+00,0.000000000000000000e+00,0.000000000000000000e+00,0.000000000000000000e+00,1.318332674994123456e-20,1.068899443410936481e-20,4.459822500847694486e-04,1.514586629165242532e-03,0.000000000000000000e+00,0.000000000000000000e+00,0.000000000000000000e+00,0.000000000000000000e+00,0.000000000000000000e+00,0.000000000000000000e+00,0.000000000000000000e+00,0.000000000000000000e+00,0.000000000000000000e+00,0.000000000000000000e+00,0.000000000000000000e+00,0.000000000000000000e+00,0.000000000000000000e+00,0.000000000000000000e+00,0.000000000000000000e+00,0.000000000000000000e+00,0.000000000000000000e+00,3.033697715102787879e-03,7.375100825911749096e-21,7.375100825911749096e-21,0.000000000000000000e+00,0.000000000000000000e+00,0.000000000000000000e+00,0.000000000000000000e+00,3.370415377087565903e-04,0.000000000000000000e+00,0.000000000000000000e+00,0.000000000000000000e+00,0.000000000000000000e+00,0.000000000000000000e+00,0.000000000000000000e+00
0.000000000000000000e+00,0.000000000000000000e+00,0.000000000000000000e+00,0.000000000000000000e+00,0.000000000000000000e+00,0.000000000000000000e+00,1.367480928089180885e-04,1.367480928089207719e-04,0.000000000000000000e+00,0.000000000000000000e+00,0.000000000000000000e+00,0.000000000000000000e+00,0.000000000000000000e+00,0.000000000000000000e+00,0.000000000000000000e+00,0.000000000000000000e+00,0.000000000000000000e+00,0.000000000000000000e+00,0.000000000000000000e+00,0.000000000000000000e+00,0.000000000000000000e+00,0.000000000000000000e+00,0.000000000000000000e+00,0.000000000000000000e+00,7.636680337397388916e-20,3.702181973838096669e-04,1.367480928089180885e-04,4.717129342013601928e-03,0.000000000000000000e+00,0.000000000000000000e+00,0.000000000000000000e+00,0.000000000000000000e+00,0.000000000000000000e+00,0.000000000000000000e+00,0.000000000000000000e+00,0.000000000000000000e+00,0.000000000000000000e+00,0.000000000000000000e+00,0.000000000000000000e+00,0.000000000000000000e+00,0.000000000000000000e+00,0.000000000000000000e+00,0.000000000000000000e+00,4.956352788505169400e-18,0.000000000000000000e+00,0.000000000000000000e+00,1.367480928089175192e-04,1.367480928089175192e-04,1.367480928089175192e-04,0.000000000000000000e+00,0.000000000000000000e+00,0.000000000000000000e+00,0.000000000000000000e+00,0.000000000000000000e+00,0.000000000000000000e+00,0.000000000000000000e+00,0.000000000000000000e+00,0.000000000000000000e+00,0.000000000000000000e+00,0.000000000000000000e+00,0.000000000000000000e+00,0.000000000000000000e+00,0.000000000000000000e+00,3.630141202518434431e-21,0.000000000000000000e+00,0.000000000000000000e+00,1.169505275487700189e-04,8.892037638154331666e-03,0.000000000000000000e+00,2.918429848448471017e-02,1.817050006694166335e-22,1.656354833949357235e-22,7.441927627146479773e-22,0.000000000000000000e+00,0.000000000000000000e+00,0.000000000000000000e+00,0.000000000000000000e+00,0.000000000000000000e+00,0.000000000000000000e+00,0.000000000000000000e+00,0.000000000000000000e+00,0.000000000000000000e+00,0.000000000000000000e+00,0.000000000000000000e+00,0.000000000000000000e+00,0.000000000000000000e+00,0.000000000000000000e+00,1.367480928089176006e-04,0.000000000000000000e+00,2.918429848448471017e-02,0.000000000000000000e+00,1.042296374445887130e-01,0.000000000000000000e+00,0.000000000000000000e+00,0.000000000000000000e+00,0.000000000000000000e+00,0.000000000000000000e+00,0.000000000000000000e+00,0.000000000000000000e+00,0.000000000000000000e+00,0.000000000000000000e+00,0.000000000000000000e+00,3.954246938654003177e-04,0.000000000000000000e+00,0.000000000000000000e+00,8.756994705851551928e-19,7.168728599944283549e-21,4.120210264858423030e-18,6.050235337530724365e-22,0.000000000000000000e+00,1.179886074084590802e-20,1.042296374445887130e-01,0.000000000000000000e+00,0.000000000000000000e+00,0.000000000000000000e+00,0.000000000000000000e+00,0.000000000000000000e+00,0.000000000000000000e+00,0.000000000000000000e+00,0.000000000000000000e+00,0.000000000000000000e+00,0.000000000000000000e+00,0.000000000000000000e+00,1.210047067506144873e-21,0.000000000000000000e+00,0.000000000000000000e+00,1.656354833949357235e-22,4.120210264858423030e-18,0.000000000000000000e+00,3.141967204529259178e-02,0.000000000000000000e+00,1.042296374445887130e-01,0.000000000000000000e+00,0.000000000000000000e+00,0.000000000000000000e+00,0.000000000000000000e+00,0.000000000000000000e+00,0.000000000000000000e+00,0.000000000000000000e+00,0.000000000000000000e+00,0.000000000000000000e+00,0.000000000000000000e+00,0.000000000000000000e+00,0.000000000000000000e+00,1.042296832889233898e-19,6.947326522319220954e-19,6.947326522319220954e-19,0.000000000000000000e+00,0.000000000000000000e+00,1.865346507153964328e-02,0.000000000000000000e+00,5.518435235103220926e-02,0.000000000000000000e+00,0.000000000000000000e+00,0.000000000000000000e+00,0.000000000000000000e+00,0.000000000000000000e+00,0.000000000000000000e+00,0.000000000000000000e+00,0.000000000000000000e+00,0.000000000000000000e+00,9.009192942160443481e-04,0.000000000000000000e+00,1.524659305057742536e-19,0.000000000000000000e+00,1.656354833949357235e-22,1.656354833949357235e-22,0.000000000000000000e+00,0.000000000000000000e+00,1.865346507153964328e-02,2.235373560807878135e-03,0.000000000000000000e+00,0.000000000000000000e+00,0.000000000000000000e+00,0.000000000000000000e+00,0.000000000000000000e+00,0.000000000000000000e+00,0.000000000000000000e+00,0.000000000000000000e+00,0.000000000000000000e+00,0.000000000000000000e+00,0.000000000000000000e+00,0.000000000000000000e+00,0.000000000000000000e+00,0.000000000000000000e+00,0.000000000000000000e+00,0.000000000000000000e+00,0.000000000000000000e+00,0.000000000000000000e+00,9.912705577010338800e-18,0.000000000000000000e+00,0.000000000000000000e+00,0.000000000000000000e+00,0.000000000000000000e+00,0.000000000000000000e+00,0.000000000000000000e+00,0.000000000000000000e+00,0.000000000000000000e+00,0.000000000000000000e+00,0.000000000000000000e+00,0.000000000000000000e+00,9.009192942160434807e-04,0.000000000000000000e+00,0.000000000000000000e+00,0.000000000000000000e+00,1.040806113538679559e-18,1.375682550901080503e-21,0.000000000000000000e+00,3.797800195314057076e-02,2.932104657729363642e-02,0.000000000000000000e+00,0.000000000000000000e+00,0.000000000000000000e+00,0.000000000000000000e+00,0.000000000000000000e+00,0.000000000000000000e+00,0.000000000000000000e+00,0.000000000000000000e+00,0.000000000000000000e+00,0.000000000000000000e+00,0.000000000000000000e+00,0.000000000000000000e+00,0.000000000000000000e+00,0.000000000000000000e+00,0.000000000000000000e+00,3.630141202518434431e-21,3.630141202518434431e-21,2.235373560807878135e-03,8.892037638154329932e-03,2.932104657729363642e-02,0.000000000000000000e+00,0.000000000000000000e+00,0.000000000000000000e+00,0.000000000000000000e+00,9.970787836250632415e-19,0.000000000000000000e+00,0.000000000000000000e+00,0.000000000000000000e+00,0.000000000000000000e+00,0.000000000000000000e+00,0.000000000000000000e+00,0.000000000000000000e+00,1.625093211660752324e-18,1.656354833949357235e-22,0.000000000000000000e+00,1.656354833949357235e-22,0.000000000000000000e+00,1.036240705482019409e-01,1.042296374445887130e-01,2.932104657729363642e-02,0.000000000000000000e+00,0.000000000000000000e+00,0.000000000000000000e+00,0.000000000000000000e+00,0.000000000000000000e+00,4.792260001723398668e-04,4.792260001723398668e-04,0.000000000000000000e+00,0.000000000000000000e+00,0.000000000000000000e+00,0.000000000000000000e+00,0.000000000000000000e+00,0.000000000000000000e+00,5.529915098503082087e-19,0.000000000000000000e+00,0.000000000000000000e+00,0.000000000000000000e+00,1.036240705482019409e-01,1.044502425980664007e-01,1.679470362013380652e-02,1.817050006694166335e-22,0.000000000000000000e+00,0.000000000000000000e+00,4.434096418135205389e-04,0.000000000000000000e+00,2.904112962014747665e-19,0.000000000000000000e+00,0.000000000000000000e+00,0.000000000000000000e+00,0.000000000000000000e+00,0.000000000000000000e+00,0.000000000000000000e+00,0.000000000000000000e+00,0.000000000000000000e+00,0.000000000000000000e+00,0.000000000000000000e+00,0.000000000000000000e+00,1.656354833949357235e-22,0.000000000000000000e+00,0.000000000000000000e+00,0.000000000000000000e+00,2.235373560807878135e-03,5.808225924029495330e-19,5.808225924029495330e-19,0.000000000000000000e+00,0.000000000000000000e+00,0.000000000000000000e+00,0.000000000000000000e+00,0.000000000000000000e+00,0.000000000000000000e+00,0.000000000000000000e+00,0.000000000000000000e+00,0.000000000000000000e+00,1.343152244931820657e-19,0.000000000000000000e+00,1.656354833949357235e-22,0.000000000000000000e+00,0.000000000000000000e+00,0.000000000000000000e+00,0.000000000000000000e+00,0.000000000000000000e+00,0.000000000000000000e+00,0.000000000000000000e+00,0.000000000000000000e+00,0.000000000000000000e+00,0.000000000000000000e+00,0.000000000000000000e+00,0.000000000000000000e+00,0.000000000000000000e+00,0.000000000000000000e+00,0.000000000000000000e+00,0.000000000000000000e+00,0.000000000000000000e+00,0.000000000000000000e+00,0.000000000000000000e+00,1.656354833949357235e-22,0.000000000000000000e+00,0.000000000000000000e+00,0.000000000000000000e+00,0.000000000000000000e+00,0.000000000000000000e+00,0.000000000000000000e+00,0.000000000000000000e+00,0.000000000000000000e+00,0.000000000000000000e+00,4.259365677621629652e-19,0.000000000000000000e+00,0.000000000000000000e+00,0.000000000000000000e+00,0.000000000000000000e+00,0.000000000000000000e+00,0.000000000000000000e+00,0.000000000000000000e+00,0.000000000000000000e+00,0.000000000000000000e+00,1.683175470901047479e-18,0.000000000000000000e+00,0.000000000000000000e+00,0.000000000000000000e+00,0.000000000000000000e+00,9.009192942160435891e-04,0.000000000000000000e+00,0.000000000000000000e+00,0.000000000000000000e+00,0.000000000000000000e+00,0.000000000000000000e+00,0.000000000000000000e+00,0.000000000000000000e+00,0.000000000000000000e+00,0.000000000000000000e+00,0.000000000000000000e+00,0.000000000000000000e+00,0.000000000000000000e+00,0.000000000000000000e+00,0.000000000000000000e+00,4.840188270024579492e-21,0.000000000000000000e+00,0.000000000000000000e+00,0.000000000000000000e+00,0.000000000000000000e+00,0.000000000000000000e+00,2.081668171172162418e-19,0.000000000000000000e+00,0.000000000000000000e+00,0.000000000000000000e+00,0.000000000000000000e+00,0.000000000000000000e+00,0.000000000000000000e+00,0.000000000000000000e+00,0.000000000000000000e+00,0.000000000000000000e+00,0.000000000000000000e+00,0.000000000000000000e+00,0.000000000000000000e+00,0.000000000000000000e+00,0.000000000000000000e+00,0.000000000000000000e+00,0.000000000000000000e+00,0.000000000000000000e+00,0.000000000000000000e+00,5.464475172545975876e-04,5.464475172545975876e-04,0.000000000000000000e+00,2.466155809154016096e-02,0.000000000000000000e+00,0.000000000000000000e+00,0.000000000000000000e+00,0.000000000000000000e+00,0.000000000000000000e+00,0.000000000000000000e+00
0.000000000000000000e+00,0.000000000000000000e+00,0.000000000000000000e+00,0.000000000000000000e+00,0.000000000000000000e+00,0.000000000000000000e+00,3.418702320222959394e-04,3.418702320222962105e-04,0.000000000000000000e+00,0.000000000000000000e+00,0.000000000000000000e+00,0.000000000000000000e+00,0.000000000000000000e+00,0.000000000000000000e+00,0.000000000000000000e+00,0.000000000000000000e+00,0.000000000000000000e+00,0.000000000000000000e+00,0.000000000000000000e+00,0.000000000000000000e+00,0.000000000000000000e+00,0.000000000000000000e+00,0.000000000000000000e+00,0.000000000000000000e+00,3.082778140387179029e-20,9.255454934595257937e-04,3.418702320222959394e-04,1.179282335503403084e-02,0.000000000000000000e+00,0.000000000000000000e+00,0.000000000000000000e+00,0.000000000000000000e+00,0.000000000000000000e+00,0.000000000000000000e+00,0.000000000000000000e+00,0.000000000000000000e+00,0.000000000000000000e+00,0.000000000000000000e+00,0.000000000000000000e+00,0.000000000000000000e+00,0.000000000000000000e+00,0.000000000000000000e+00,0.000000000000000000e+00,1.982541115402069763e-18,0.000000000000000000e+00,0.000000000000000000e+00,3.418702320222945300e-04,3.418702320222945300e-04,3.418702320222945300e-04,0.000000000000000000e+00,0.000000000000000000e+00,0.000000000000000000e+00,0.000000000000000000e+00,0.000000000000000000e+00,0.000000000000000000e+00,0.000000000000000000e+00,0.000000000000000000e+00,0.000000000000000000e+00,0.000000000000000000e+00,0.000000000000000000e+00,0.000000000000000000e+00,0.000000000000000000e+00,0.000000000000000000e+00,1.452056481007375127e-21,0.000000000000000000e+00,0.000000000000000000e+00,2.923763188719256706e-04,2.223009409538587514e-02,0.000000000000000000e+00,7.296074621121192982e-02,4.542625016735425829e-22,4.140887084873402022e-22,1.860481906786623705e-21,0.000000000000000000e+00,0.000000000000000000e+00,0.000000000000000000e+00,0.000000000000000000e+00,0.000000000000000000e+00,0.000000000000000000e+00,0.000000000000000000e+00,0.000000000000000000e+00,0.000000000000000000e+00,0.000000000000000000e+00,0.000000000000000000e+00,0.000000000000000000e+00,0.000000000000000000e+00,0.000000000000000000e+00,3.418702320222946926e-04,0.000000000000000000e+00,7.296074621121192982e-02,0.000000000000000000e+00,4.169185497783552130e-02,0.000000000000000000e+00,0.000000000000000000e+00,0.000000000000000000e+00,0.000000000000000000e+00,0.000000000000000000e+00,0.000000000000000000e+00,0.000000000000000000e+00,0.000000000000000000e+00,0.000000000000000000e+00,0.000000000000000000e+00,9.885617346635029896e-04,0.000000000000000000e+00,0.000000000000000000e+00,3.723630046024119250e-19,1.792182149986074724e-20,1.648084105943370753e-18,2.420094135012292191e-22,0.000000000000000000e+00,2.949715185211483400e-20,4.169185497783552130e-02,0.000000000000000000e+00,0.000000000000000000e+00,0.000000000000000000e+00,0.000000000000000000e+00,0.000000000000000000e+00,0.000000000000000000e+00,0.000000000000000000e+00,0.000000000000000000e+00,0.000000000000000000e+00,0.000000000000000000e+00,0.000000000000000000e+00,4.840188270024584382e-22,0.000000000000000000e+00,0.000000000000000000e+00,4.140887084873402022e-22,1.648084105943370753e-18,0.000000000000000000e+00,7.854918011323165639e-02,0.000000000000000000e+00,4.169185497783552130e-02,0.000000000000000000e+00,0.000000000000000000e+00,0.000000000000000000e+00,0.000000000000000000e+00,0.000000000000000000e+00,0.000000000000000000e+00,0.000000000000000000e+00,0.000000000000000000e+00,0.000000000000000000e+00,0.000000000000000000e+00,0.000000000000000000e+00,0.000000000000000000e+00,4.203970783069876438e-20,2.782408954078985138e-19,2.782408954078985138e-19,0.000000000000000000e+00,0.000000000000000000e+00,4.663366267884920535e-02,0.000000000000000000e+00,2.207374094041290175e-02,0.000000000000000000e+00,0.000000000000000000e+00,0.000000000000000000e+00,0.000000000000000000e+00,0.000000000000000000e+00,0.000000000000000000e+00,0.000000000000000000e+00,0.000000000000000000e+00,0.000000000000000000e+00,2.252298235540115424e-03,0.000000000000000000e+00,6.098637220230976886e-20,0.000000000000000000e+00,4.140887084873402022e-22,4.140887084873402022e-22,0.000000000000000000e+00,0.000000000000000000e+00,4.663366267884920535e-02,5.588433902019707480e-03,0.000000000000000000e+00,0.000000000000000000e+00,0.000000000000000000e+00,0.000000000000000000e+00,0.000000000000000000e+00,0.000000000000000000e+00,0.000000000000000000e+00,0.000000000000000000e+00,0.000000000000000000e+00,0.000000000000000000e+00,0.000000000000000000e+00,0.000000000000000000e+00,0.000000000000000000e+00,0.000000000000000000e+00,0.000000000000000000e+00,0.000000000000000000e+00,0.000000000000000000e+00,0.000000000000000000e+00,3.965082230804139526e-18,0.000000000000000000e+00,0.000000000000000000e+00,0.000000000000000000e+00,0.000000000000000000e+00,0.000000000000000000e+00,0.000000000000000000e+00,0.000000000000000000e+00,0.000000000000000000e+00,0.000000000000000000e+00,0.000000000000000000e+00,0.000000000000000000e+00,2.252298235540113255e-03,0.000000000000000000e+00,0.000000000000000000e+00,0.000000000000000000e+00,4.166702799306016147e-19,8.981075354897984524e-22,0.000000000000000000e+00,9.494500488285162465e-02,7.330261644323424197e-02,0.000000000000000000e+00,0.000000000000000000e+00,0.000000000000000000e+00,0.000000000000000000e+00,0.000000000000000000e+00,0.000000000000000000e+00,0.000000000000000000e+00,0.000000000000000000e+00,0.000000000000000000e+00,0.000000000000000000e+00,0.000000000000000000e+00,0.000000000000000000e+00,0.000000000000000000e+00,0.000000000000000000e+00,0.000000000000000000e+00,1.452056481007375127e-21,1.452056481007375127e-21,5.588433902019707480e-03,2.223009409538587514e-02,7.330261644323424197e-02,0.000000000000000000e+00,0.000000000000000000e+00,0.000000000000000000e+00,0.000000000000000000e+00,3.988315134500256433e-19,0.000000000000000000e+00,0.000000000000000000e+00,0.000000000000000000e+00,0.000000000000000000e+00,0.000000000000000000e+00,0.000000000000000000e+00,0.000000000000000000e+00,6.500372846643016613e-19,4.140887084873402022e-22,0.000000000000000000e+00,4.140887084873402022e-22,0.000000000000000000e+00,4.614391269697737386e-02,4.169185497783552130e-02,7.330261644323424197e-02,0.000000000000000000e+00,0.000000000000000000e+00,0.000000000000000000e+00,0.000000000000000000e+00,0.000000000000000000e+00,1.198065000430852296e-03,1.198065000430852296e-03,0.000000000000000000e+00,0.000000000000000000e+00,0.000000000000000000e+00,0.000000000000000000e+00,0.000000000000000000e+00,0.000000000000000000e+00,2.211966039401235531e-19,0.000000000000000000e+00,0.000000000000000000e+00,0.000000000000000000e+00,4.614391269697737386e-02,4.224336786152971257e-02,4.198675905033460998e-02,4.542625016735425829e-22,0.000000000000000000e+00,0.000000000000000000e+00,1.108524104533803760e-03,0.000000000000000000e+00,1.161645184805900222e-19,0.000000000000000000e+00,0.000000000000000000e+00,0.000000000000000000e+00,0.000000000000000000e+00,0.000000000000000000e+00,0.000000000000000000e+00,0.000000000000000000e+00,0.000000000000000000e+00,0.000000000000000000e+00,0.000000000000000000e+00,0.000000000000000000e+00,4.140887084873402022e-22,0.000000000000000000e+00,0.000000000000000000e+00,0.000000000000000000e+00,5.588433902019707480e-03,2.323290369611800443e-19,2.323290369611800443e-19,0.000000000000000000e+00,0.000000000000000000e+00,0.000000000000000000e+00,0.000000000000000000e+00,0.000000000000000000e+00,0.000000000000000000e+00,0.000000000000000000e+00,0.000000000000000000e+00,0.000000000000000000e+00,5.372608979727287442e-20,0.000000000000000000e+00,4.140887084873402022e-22,0.000000000000000000e+00,0.000000000000000000e+00,0.000000000000000000e+00,0.000000000000000000e+00,0.000000000000000000e+00,0.000000000000000000e+00,0.000000000000000000e+00,0.000000000000000000e+00,0.000000000000000000e+00,0.000000000000000000e+00,0.000000000000000000e+00,0.000000000000000000e+00,0.000000000000000000e+00,0.000000000000000000e+00,0.000000000000000000e+00,0.000000000000000000e+00,0.000000000000000000e+00,0.000000000000000000e+00,0.000000000000000000e+00,4.140887084873402022e-22,0.000000000000000000e+00,0.000000000000000000e+00,0.000000000000000000e+00,0.000000000000000000e+00,0.000000000000000000e+00,0.000000000000000000e+00,0.000000000000000000e+00,0.000000000000000000e+00,0.000000000000000000e+00,1.703746271048653402e-19,0.000000000000000000e+00,0.000000000000000000e+00,0.000000000000000000e+00,0.000000000000000000e+00,0.000000000000000000e+00,0.000000000000000000e+00,0.000000000000000000e+00,0.000000000000000000e+00,0.000000000000000000e+00,6.732701883604197235e-19,0.000000000000000000e+00,0.000000000000000000e+00,0.000000000000000000e+00,0.000000000000000000e+00,2.252298235540113689e-03,0.000000000000000000e+00,0.000000000000000000e+00,0.000000000000000000e+00,0.000000000000000000e+00,0.000000000000000000e+00,0.000000000000000000e+00,0.000000000000000000e+00,0.000000000000000000e+00,0.000000000000000000e+00,0.000000000000000000e+00,0.000000000000000000e+00,0.000000000000000000e+00,0.000000000000000000e+00,0.000000000000000000e+00,1.936075308009833753e-21,0.000000000000000000e+00,0.000000000000000000e+00,0.000000000000000000e+00,0.000000000000000000e+00,0.000000000000000000e+00,5.204170427930417239e-19,0.000000000000000000e+00,0.000000000000000000e+00,0.000000000000000000e+00,0.000000000000000000e+00,0.000000000000000000e+00,0.000000000000000000e+00,0.000000000000000000e+00,0.000000000000000000e+00,0.000000000000000000e+00,0.000000000000000000e+00,0.000000000000000000e+00,0.000000000000000000e+00,0.000000000000000000e+00,0.000000000000000000e+00,0.000000000000000000e+00,0.000000000000000000e+00,0.000000000000000000e+00,0.000000000000000000e+00,1.366118793136496951e-03,1.366118793136496951e-03,0.000000000000000000e+00,6.165389522885052903e-02,0.000000000000000000e+00,0.000000000000000000e+00,0.000000000000000000e+00,0.000000000000000000e+00,0.000000000000000000e+00,0.000000000000000000e+00
0.000000000000000000e+00,0.000000000000000000e+00,0.000000000000000000e+00,0.000000000000000000e+00,0.000000000000000000e+00,8.740909716380477340e-03,1.131497954093422728e-03,5.324618860658725424e-03,1.678396467446919939e-22,6.495000263250376546e-21,3.628461907462901637e-22,1.858874535276322317e-22,2.141985956056686008e-22,1.094773325907213149e-06,8.286247312133597912e-07,0.000000000000000000e+00,0.000000000000000000e+00,0.000000000000000000e+00,0.000000000000000000e+00,0.000000000000000000e+00,0.000000000000000000e+00,0.000000000000000000e+00,0.000000000000000000e+00,0.000000000000000000e+00,5.409249332873620249e-04,1.159677919266464399e-03,1.131497954093422728e-03,1.435828058361714177e-02,6.462768065817139040e-21,6.495000263250376546e-21,1.678396467446911475e-22,0.000000000000000000e+00,2.141985956056686008e-22,1.094773325906938710e-06,8.197531113890215076e-07,0.000000000000000000e+00,0.000000000000000000e+00,0.000000000000000000e+00,0.000000000000000000e+00,0.000000000000000000e+00,0.000000000000000000e+00,0.000000000000000000e+00,0.000000000000000000e+00,3.137408363773738523e-06,8.413622494420575440e-05,2.109607656838138806e-07,4.104552391924378828e-04,1.094072715386361014e-02,1.094072715386361014e-02,1.073185289011358320e-19,5.420223520610973533e-22,5.420223520610973533e-22,1.232283433165195968e-06,9.572632186447717599e-07,8.241889212983024788e-07,6.866788140434719984e-07,0.000000000000000000e+00,0.000000000000000000e+00,0.000000000000000000e+00,0.000000000000000000e+00,0.000000000000000000e+00,0.000000000000000000e+00,0.000000000000000000e+00,2.109607656838215304e-07,8.413622494420575440e-05,2.109607656838589851e-07,3.510625434119951649e-04,2.668636351139645063e-02,2.762263218431249532e-05,8.755289545345446012e-02,4.165249842871608556e-21,1.977690788092931047e-21,1.236719243075392476e-06,9.616990285580821728e-07,8.241889212983024788e-07,6.822430041345818270e-07,0.000000000000000000e+00,0.000000000000000000e+00,0.000000000000000000e+00,0.000000000000000000e+00,0.000000000000000000e+00,0.000000000000000000e+00,8.209438038299221975e-04,8.209438038299221975e-04,2.109607656838287037e-07,2.109607656838140924e-07,2.109607656838140924e-07,7.118485807851487662e-04,8.550444082815665493e-04,8.755289545345446012e-02,1.678396467446911475e-22,1.369793540422728802e-06,1.099209135818468236e-06,1.099209135818468236e-06,8.241889212990433150e-07,5.491687067863326120e-07,5.491687067863326120e-07,0.000000000000000000e+00,0.000000000000000000e+00,0.000000000000000000e+00,0.000000000000000000e+00,0.000000000000000000e+00,1.220395312411110423e-03,2.109607656838816433e-07,2.109607656838219539e-07,2.109607656838636438e-07,2.109607656838510442e-07,8.377201351212309181e-06,2.697885620180021180e-03,1.439694564716205265e-03,6.616114918615927573e-20,1.374229350335882725e-06,1.236719243076112031e-06,9.572632186443912304e-07,8.197531113894441770e-07,6.866788140436428873e-07,4.072227896148747377e-07,0.000000000000000000e+00,0.000000000000000000e+00,0.000000000000000000e+00,0.000000000000000000e+00,0.000000000000000000e+00,1.678396467446911475e-22,2.109607656839199715e-07,2.109607656838219539e-07,2.109607656838703671e-07,6.647460969295001284e-22,8.377201351212309181e-06,3.787322911767557128e-05,9.473009950691331504e-02,2.234408392322516790e-22,1.374229350335882725e-06,1.232283433165267543e-06,9.616990285568512221e-07,8.197531113894441770e-07,6.822430041347692330e-07,4.072227896150135982e-07,0.000000000000000000e+00,0.000000000000000000e+00,0.000000000000000000e+00,0.000000000000000000e+00,0.000000000000000000e+00,2.985348420723422328e-04,1.678396467446916647e-22,2.109607656838472855e-07,6.381777625381865457e-08,6.381777625381865457e-08,0.000000000000000000e+00,1.706322846864858104e-03,6.092630563510229719e-02,3.204379320765636830e-21,1.369793540424625944e-06,1.094773325907165715e-06,1.094773325907165715e-06,8.241889213001591750e-07,5.447328968750919242e-07,4.027869797056913871e-07,0.000000000000000000e+00,0.000000000000000000e+00,0.000000000000000000e+00,0.000000000000000000e+00,2.749926697862945142e-03,2.985348420723422328e-04,6.246899871129736389e-22,3.360912640913637634e-20,2.109607656838157600e-07,7.111050457904775112e-22,1.034245386741969258e-21,2.530280854407397466e-03,6.092630563510229719e-02,6.706120682423658691e-03,1.374229350335587534e-06,1.236719243074889127e-06,9.528274087365243807e-07,8.153173014758951127e-07,5.447328968751990739e-07,4.027869797056913871e-07,1.342677176172422211e-04,0.000000000000000000e+00,0.000000000000000000e+00,0.000000000000000000e+00,0.000000000000000000e+00,2.251614261230810835e-04,5.808593754681842495e-20,5.808593754681842495e-20,5.420223520610973533e-22,9.583414289467564974e-22,3.967463313330417450e-04,3.967463313330417450e-04,4.939372299546956717e-03,1.511739457590885894e-06,1.511739457590885894e-06,1.227847623249937592e-06,9.616990285562227237e-07,6.778071942219154769e-07,6.778071942219154769e-07,5.865548043680015900e-05,0.000000000000000000e+00,0.000000000000000000e+00,0.000000000000000000e+00,0.000000000000000000e+00,2.702968843413823628e-03,2.109607656838162629e-07,2.109607656838222980e-07,2.141985956056686008e-22,1.419228126310180908e-20,6.647460969295000344e-22,2.400273941521110744e-20,1.151521631702774190e-01,9.290142752018007433e-02,1.693517947834607021e-20,1.374229350334412276e-06,1.236719243074611300e-06,9.528274087357432045e-07,8.153173014763657454e-07,5.447328968751351229e-07,1.343963561046767848e-04,1.342677176172419500e-04,0.000000000000000000e+00,0.000000000000000000e+00,0.000000000000000000e+00,0.000000000000000000e+00,2.109607656838162629e-07,2.109607656838285184e-07,1.678396467446913356e-22,8.123115661749543260e-21,8.123115661749543260e-21,6.706120682423658691e-03,2.667611291446309041e-02,9.290142752018007433e-02,2.191519704270487471e-20,1.369793540422788306e-06,1.094773325907004779e-06,1.094773325907004779e-06,8.241889212998937361e-07,7.173018467285332579e-04,1.343963561046767848e-04,0.000000000000000000e+00,0.000000000000000000e+00,0.000000000000000000e+00,0.000000000000000000e+00,0.000000000000000000e+00,2.109607656838144365e-07,4.719905298069355975e-20,1.678396467446968134e-22,6.647460969295000344e-22,1.678396467446911475e-22,6.706120682423658691e-03,5.420223520610973533e-22,9.232770488505614992e-02,1.511739457588584506e-06,1.374229350333937937e-06,1.232283433165335517e-06,9.616990285574447805e-07,8.197531113901322854e-07,1.438360243521158823e-03,1.572078792431611839e-03,0.000000000000000000e+00,0.000000000000000000e+00,0.000000000000000000e+00,0.000000000000000000e+00,0.000000000000000000e+00,2.109607656838146218e-07,2.284684309050206410e-20,1.678396467446968134e-22,1.678396467446911475e-22,1.678396467446911475e-22,6.706120682423658691e-03,6.618154604330279186e-04,5.054140971584823033e-02,4.434607388508848922e-04,1.374229350333937937e-06,1.236719243075692961e-06,1.331186188659210911e-03,8.197531113901322854e-07,6.866788140447959109e-07,5.923242831128151765e-04,0.000000000000000000e+00,0.000000000000000000e+00,0.000000000000000000e+00,0.000000000000000000e+00,0.000000000000000000e+00,2.109607656838138806e-07,2.109607656838138806e-07,1.678396467446911475e-22,5.420223520610973533e-22,5.420223520610973533e-22,6.647460969295015390e-22,5.375765641579047498e-04,5.375765641579047498e-04,5.835555954898769514e-03,6.707490475964084098e-03,1.099209135818528164e-06,1.099209135818528164e-06,8.241889213000380493e-07,3.380038646856672207e-04,3.380038646856672207e-04,0.000000000000000000e+00,0.000000000000000000e+00,0.000000000000000000e+00,0.000000000000000000e+00,0.000000000000000000e+00,0.000000000000000000e+00,2.141985956056686008e-22,3.313225370849281816e-21,1.469791942547480708e-20,2.005958782186242106e-20,7.646028351702597478e-22,5.375765641579047498e-04,5.375765641579047498e-04,1.365532286055422745e-20,1.363168335238249881e-20,1.236719243074531256e-06,9.616990285560132948e-07,8.241889212991409355e-07,6.822430041346251316e-07,0.000000000000000000e+00,0.000000000000000000e+00,0.000000000000000000e+00,0.000000000000000000e+00,0.000000000000000000e+00,0.000000000000000000e+00,0.000000000000000000e+00,1.165188997615607141e-20,3.313225370849281816e-21,1.453913741028300286e-20,1.858874535276322317e-22,1.591019232245571611e-21,1.591019232245571611e-21,3.376345812342063948e-04,2.551828700499949622e-03,2.551828700499949622e-03,1.232283433164759535e-06,9.572632186440998510e-07,8.241889212991409355e-07,6.866788140442695858e-07,0.000000000000000000e+00,0.000000000000000000e+00,0.000000000000000000e+00,0.000000000000000000e+00,0.000000000000000000e+00,0.000000000000000000e+00,0.000000000000000000e+00,0.000000000000000000e+00,1.678396467446913356e-22,1.840759450850441868e-20,5.783690731261064127e-22,1.678396467446911475e-22,4.932899733814572157e-22,5.227295238209211803e-22,2.702757882648140417e-03,5.071734718532031234e-03,3.485641358474772479e-04,6.809213890344420527e-05,5.667839229528524696e-03,0.000000000000000000e+00,0.000000000000000000e+00,0.000000000000000000e+00,0.000000000000000000e+00,0.000000000000000000e+00,0.000000000000000000e+00,0.000000000000000000e+00,0.000000000000000000e+00,0.000000000000000000e+00,0.000000000000000000e+00,1.678396467446911475e-22,5.783690731261064127e-22,4.722220781261465046e-20,1.099449382434510468e-19,5.227295238209211803e-22,9.645046185045519715e-22,1.469795680041005364e-03,3.485641358474772479e-04,2.513367119301281385e-03,1.021533309430086231e-02,0.000000000000000000e+00,0.000000000000000000e+00,0.000000000000000000e+00,0.000000000000000000e+00,0.000000000000000000e+00,0.000000000000000000e+00,0.000000000000000000e+00,0.000000000000000000e+00,0.000000000000000000e+00,0.000000000000000000e+00,0.000000000000000000e+00,1.678396467446917118e-22,2.388238857607622545e-20,2.388238857607622545e-20,4.932899733814572157e-22,2.056385185626738357e-03,2.056385185626738357e-03,8.804623563206260412e-03,7.449609407807772365e-02,0.000000000000000000e+00,0.000000000000000000e+00,0.000000000000000000e+00,0.000000000000000000e+00,0.000000000000000000e+00,0.000000000000000000e+00
0.000000000000000000e+00,0.000000000000000000e+00,0.000000000000000000e+00,0.000000000000000000e+00,0.000000000000000000e+00,3.496363886552200650e-02,3.090136841880053789e-03,1.986262046814131488e-02,6.713585869787697623e-22,2.598000105300157540e-20,1.451384762985164416e-21,7.435498141105309015e-22,8.567943824226766601e-22,4.379093303628864455e-06,3.314498924853447635e-06,0.000000000000000000e+00,0.000000000000000000e+00,0.000000000000000000e+00,0.000000000000000000e+00,0.000000000000000000e+00,0.000000000000000000e+00,0.000000000000000000e+00,0.000000000000000000e+00,0.000000000000000000e+00,2.163699733149453738e-03,7.514206045358446003e-04,3.090136841880053789e-03,7.903264243325571620e-03,2.585107226326862537e-20,2.598000105300157540e-20,6.713585869787663768e-22,0.000000000000000000e+00,8.567943824226766601e-22,4.379093303627766700e-06,3.279012445556094924e-06,0.000000000000000000e+00,0.000000000000000000e+00,0.000000000000000000e+00,0.000000000000000000e+00,0.000000000000000000e+00,0.000000000000000000e+00,0.000000000000000000e+00,0.000000000000000000e+00,1.254963345509498797e-05,3.365448997768238850e-04,8.438430627352577460e-07,2.059659822761122396e-04,4.232705364096091272e-02,4.232705364096091272e-02,4.292741156045444836e-19,2.168089408244395432e-21,2.168089408244395432e-21,4.929133732660796579e-06,3.829052874579097204e-06,3.296755685193218809e-06,2.746715256173895193e-06,0.000000000000000000e+00,0.000000000000000000e+00,0.000000000000000000e+00,0.000000000000000000e+00,0.000000000000000000e+00,0.000000000000000000e+00,0.000000000000000000e+00,8.438430627352883451e-07,3.365448997768238850e-04,8.438430627354381640e-07,1.762696343858909077e-04,1.337905884496499997e-02,1.104905287372502795e-04,4.377644772672723006e-02,1.475309686445759224e-20,6.171590576724909104e-21,4.946876972301574988e-06,3.846796114232338855e-06,3.296755685193218809e-06,2.728972016538334508e-06,0.000000000000000000e+00,0.000000000000000000e+00,0.000000000000000000e+00,0.000000000000000000e+00,0.000000000000000000e+00,0.000000000000000000e+00,3.283775215319697464e-03,3.283775215319697464e-03,8.438430627353170383e-07,8.438430627352585930e-07,8.438430627352585930e-07,1.411539348646958375e-03,3.420177633126275304e-03,4.377644772672723006e-02,6.713585869787663768e-22,5.479174161690929606e-06,4.396836543273883957e-06,4.396836543273883957e-06,3.296755685196182154e-06,2.196674827145336377e-06,2.196674827145336377e-06,0.000000000000000000e+00,0.000000000000000000e+00,0.000000000000000000e+00,0.000000000000000000e+00,0.000000000000000000e+00,7.296219640577241263e-04,8.438430627355287966e-07,8.438430627352900391e-07,8.438430627353465786e-07,8.438430627353311202e-07,3.350880540484932481e-05,1.079154248072011248e-02,5.758778258864836672e-03,1.407565589657549687e-19,5.496917401343545300e-06,4.946876972304461676e-06,3.829052874577575086e-06,3.279012445557785602e-06,2.746715256174579172e-06,1.628891158459503398e-06,0.000000000000000000e+00,0.000000000000000000e+00,0.000000000000000000e+00,0.000000000000000000e+00,0.000000000000000000e+00,6.713585869787663768e-22,8.438430627356821095e-07,8.438430627352900391e-07,8.438430627354837979e-07,9.198118120711709496e-22,3.350880540484932481e-05,1.514929164707026917e-04,4.901384155207984955e-02,8.937633569290091611e-22,5.496917401343545300e-06,4.929133732661082876e-06,3.846796114227415053e-06,3.279012445557785602e-06,2.728972016539084555e-06,1.628891158460058628e-06,0.000000000000000000e+00,0.000000000000000000e+00,0.000000000000000000e+00,0.000000000000000000e+00,0.000000000000000000e+00,1.194139368289371967e-03,6.713585869787684457e-22,8.438430627353895655e-07,2.552711050152735595e-07,2.552711050152735595e-07,0.000000000000000000e+00,6.825291387459450632e-03,4.784383928924230978e-02,1.281751728306258193e-20,5.479174161698518174e-06,4.379093303628674719e-06,4.379093303628674719e-06,3.296755685200645594e-06,2.178931587500373202e-06,1.611147918822769783e-06,0.000000000000000000e+00,0.000000000000000000e+00,0.000000000000000000e+00,0.000000000000000000e+00,1.540054202183281304e-03,1.194139368289371967e-03,2.498759948451901326e-21,1.344365056365458665e-19,8.438430627352634635e-07,1.105247607515081045e-21,4.136981546967887565e-21,1.012112341762961588e-02,4.784383928924230978e-02,3.353060341211829345e-03,5.496917401342365383e-06,4.946876972299569214e-06,3.811309634946107687e-06,3.261269205903588921e-06,2.178931587500802225e-06,1.611147918822769783e-06,5.370708704689702937e-04,0.000000000000000000e+00,0.000000000000000000e+00,0.000000000000000000e+00,0.000000000000000000e+00,9.006457044923268278e-04,2.323437501872742776e-19,2.323437501872742776e-19,2.168089408244395432e-21,3.833365715787035770e-21,1.586985325332171100e-03,1.586985325332171100e-03,1.975748919818787891e-02,6.046957830363559671e-06,6.046957830363559671e-06,4.911390492999763919e-06,3.846796114224901059e-06,2.711228776887669107e-06,2.711228776887669107e-06,2.346219217472012594e-04,0.000000000000000000e+00,0.000000000000000000e+00,0.000000000000000000e+00,0.000000000000000000e+00,1.352222784386805220e-03,8.438430627352673810e-07,8.438430627352915214e-07,8.567943824226766601e-22,5.502995247676055515e-20,9.198118120711709496e-22,9.601095766084469456e-20,6.183963217313227789e-02,6.373472101913610355e-02,6.774071791338446138e-20,5.496917401337663503e-06,4.946876972298457907e-06,3.811309634942982983e-06,3.261269205905471875e-06,2.178931587500546421e-06,5.375854244187085488e-04,5.370708704689692095e-04,0.000000000000000000e+00,0.000000000000000000e+00,0.000000000000000000e+00,0.000000000000000000e+00,8.438430627352673810e-07,8.438430627353162972e-07,6.713585869787671292e-22,3.249246264699825730e-20,3.249246264699825730e-20,3.353060341211829345e-03,1.333805645723154520e-02,6.373472101913610355e-02,8.766078817081972753e-20,5.479174161691168469e-06,4.379093303628030974e-06,4.379093303628030974e-06,3.296755685199583838e-06,2.869207386914140838e-03,5.375854244187085488e-04,0.000000000000000000e+00,0.000000000000000000e+00,0.000000000000000000e+00,0.000000000000000000e+00,0.000000000000000000e+00,8.438430627352599695e-07,1.870570393471278828e-19,6.713585869787890404e-22,9.198118120711707615e-22,6.713585869787663768e-22,3.353060341211829345e-03,2.168089408244395432e-21,6.143983047864044061e-02,6.046957830354354117e-06,5.496917401335766149e-06,4.929133732661355621e-06,3.846796114229789286e-06,3.279012445560538036e-06,7.215679722750493151e-04,1.256442167916862465e-03,0.000000000000000000e+00,0.000000000000000000e+00,0.000000000000000000e+00,0.000000000000000000e+00,0.000000000000000000e+00,8.438430627352607106e-07,9.138737236200849716e-20,6.713585869787890404e-22,6.713585869787663768e-22,6.713585869787663768e-22,3.353060341211829345e-03,3.309077302165139593e-04,2.582125085198731795e-02,1.773842955403544339e-03,5.496917401335766149e-06,4.946876972302784551e-06,6.689435155948618037e-04,3.279012445560538036e-06,2.746715256179190843e-06,2.369297132451267211e-03,0.000000000000000000e+00,0.000000000000000000e+00,0.000000000000000000e+00,0.000000000000000000e+00,0.000000000000000000e+00,8.438430627352577460e-07,8.438430627352577460e-07,6.713585869787663768e-22,2.168089408244395432e-21,2.168089408244395432e-21,9.198118120711765920e-22,2.150306256631624637e-03,2.150306256631624637e-03,2.334222381959514050e-02,3.358539515373530973e-03,4.396836543274124514e-06,4.396836543274124514e-06,3.296755685200161091e-06,1.352015458742672352e-03,1.352015458742672352e-03,0.000000000000000000e+00,0.000000000000000000e+00,0.000000000000000000e+00,0.000000000000000000e+00,0.000000000000000000e+00,0.000000000000000000e+00,8.567943824226766601e-22,1.325290148339716338e-20,5.705250512625254717e-20,8.023835128744990092e-20,3.058411340681046891e-21,2.150306256631624637e-03,2.150306256631624637e-03,5.462129144221705423e-20,5.452673340953013967e-20,4.946876972298137728e-06,3.846796114224063344e-06,3.296755685196572213e-06,2.728972016538507726e-06,0.000000000000000000e+00,0.000000000000000000e+00,0.000000000000000000e+00,0.000000000000000000e+00,0.000000000000000000e+00,0.000000000000000000e+00,0.000000000000000000e+00,4.660755990462441203e-20,1.325290148339716338e-20,5.641737706548533025e-20,7.435498141105309015e-22,6.364076928982303748e-21,6.364076928982303748e-21,1.350538324936829265e-03,1.020731480199982624e-02,1.020731480199982624e-02,4.929133732659051691e-06,3.829052874576409569e-06,3.296755685196572213e-06,2.746715256177085543e-06,0.000000000000000000e+00,0.000000000000000000e+00,0.000000000000000000e+00,0.000000000000000000e+00,0.000000000000000000e+00,0.000000000000000000e+00,0.000000000000000000e+00,0.000000000000000000e+00,6.713585869787671292e-22,7.363037803401786731e-20,2.313476292504432045e-21,6.713585869787663768e-22,1.973159893525834129e-21,2.090918095283689987e-21,1.351378941324070425e-03,2.028693887412818045e-02,1.394256543389912895e-03,2.723685556137775800e-04,2.267135691811416123e-02,0.000000000000000000e+00,0.000000000000000000e+00,0.000000000000000000e+00,0.000000000000000000e+00,0.000000000000000000e+00,0.000000000000000000e+00,0.000000000000000000e+00,0.000000000000000000e+00,0.000000000000000000e+00,0.000000000000000000e+00,6.713585869787663768e-22,2.313476292504432045e-21,1.888888312504591074e-19,4.397797529738053428e-19,2.090918095283689987e-21,3.858018474018217666e-21,5.879182720164035335e-03,1.394256543389912895e-03,1.005346847720515330e-02,4.086133237720355332e-02,0.000000000000000000e+00,0.000000000000000000e+00,0.000000000000000000e+00,0.000000000000000000e+00,0.000000000000000000e+00,0.000000000000000000e+00,0.000000000000000000e+00,0.000000000000000000e+00,0.000000000000000000e+00,0.000000000000000000e+00,0.000000000000000000e+00,6.713585869787686338e-22,9.552955430430515458e-20,9.552955430430515458e-20,1.973159893525834129e-21,2.487841811333661897e-03,2.487841811333661897e-03,3.521849425282513185e-02,3.903801635113829382e-02,0.000000000000000000e+00,0.000000000000000000e+00,0.000000000000000000e+00,0.000000000000000000e+00,0.000000000000000000e+00,0.000000000000000000e+00
0.000000000000000000e+00,0.000000000000000000e+00,0.000000000000000000e+00,0.000000000000000000e+00,0.000000000000000000e+00,6.118636801466353220e-02,5.048775729666684850e-03,3.440062207562390173e-02,1.174877527212847507e-21,4.546500184275277349e-20,2.539923335224038716e-21,1.301212174693429595e-21,1.499390169239684766e-21,7.663413281350515337e-06,5.800373118493536114e-06,0.000000000000000000e+00,0.000000000000000000e+00,0.000000000000000000e+00,0.000000000000000000e+00,0.000000000000000000e+00,0.000000000000000000e+00,0.000000000000000000e+00,0.000000000000000000e+00,0.000000000000000000e+00,3.786474533011545233e-03,3.431632898052250726e-04,5.048775729666684850e-03,1.448247903034002556e-03,4.523937646072011246e-20,4.546500184275277349e-20,1.174877527212841489e-21,0.000000000000000000e+00,1.499390169239684766e-21,7.663413281348594266e-06,5.738271779723168764e-06,0.000000000000000000e+00,0.000000000000000000e+00,0.000000000000000000e+00,0.000000000000000000e+00,0.000000000000000000e+00,0.000000000000000000e+00,0.000000000000000000e+00,0.000000000000000000e+00,2.196185854641623700e-05,5.889535746094420833e-04,1.476725359786701506e-06,1.476725359786701506e-06,7.371338012805822570e-02,7.371338012805822570e-02,7.512297023079530750e-19,3.794156464427693134e-21,3.794156464427693134e-21,8.625984032156397614e-06,6.700842530513422437e-06,5.769322449088135033e-06,4.806751698304317965e-06,0.000000000000000000e+00,0.000000000000000000e+00,0.000000000000000000e+00,0.000000000000000000e+00,0.000000000000000000e+00,0.000000000000000000e+00,0.000000000000000000e+00,1.476725359786755292e-06,5.889535746094420833e-04,1.476725359787017237e-06,1.476725359786704258e-06,7.175417853354672910e-05,1.933584252901880771e-04,2.243065524535952514e-20,2.534094388604357292e-20,1.036549036535688528e-20,8.657034701527758982e-06,6.731893199906594903e-06,5.769322449088135033e-06,4.775701028942086765e-06,0.000000000000000000e+00,0.000000000000000000e+00,0.000000000000000000e+00,0.000000000000000000e+00,0.000000000000000000e+00,0.000000000000000000e+00,5.746606626809472838e-03,5.746606626809472838e-03,1.476725359786805479e-06,1.476725359786703200e-06,1.476725359786703200e-06,2.111230116508768309e-03,5.985310857970983951e-03,2.243065524535952514e-20,1.174877527212841489e-21,9.588554782959130622e-06,7.694463950729300101e-06,7.694463950729300101e-06,5.769322449093320569e-06,3.844180947504340354e-06,3.844180947504340354e-06,0.000000000000000000e+00,0.000000000000000000e+00,0.000000000000000000e+00,0.000000000000000000e+00,0.000000000000000000e+00,2.388486157043378296e-04,1.476725359787175844e-06,1.476725359786758257e-06,1.476725359786829407e-06,1.476725359786811196e-06,5.864040945848633706e-05,1.888519934126020594e-02,1.007786195301346895e-02,2.153519687453506375e-19,9.619605452351207028e-06,8.657034701532810686e-06,6.700842530510759365e-06,5.738271779726127450e-06,4.806751698305514822e-06,2.850559527304131952e-06,0.000000000000000000e+00,0.000000000000000000e+00,0.000000000000000000e+00,0.000000000000000000e+00,0.000000000000000000e+00,1.174877527212841489e-21,1.476725359787444353e-06,1.476725359786758257e-06,1.476725359787097070e-06,1.174877527212841865e-21,5.864040945848633706e-05,2.651126038237298053e-04,3.297583597246392297e-03,1.564085874625766643e-21,9.619605452351207028e-06,8.625984032156899057e-06,6.731893199897978884e-06,5.738271779726127450e-06,4.775701028943399666e-06,2.850559527305103922e-06,0.000000000000000000e+00,0.000000000000000000e+00,0.000000000000000000e+00,0.000000000000000000e+00,0.000000000000000000e+00,2.089743894506401918e-03,1.174877527212845250e-21,1.476725359786931898e-06,4.467244337767284247e-07,4.467244337767284247e-07,0.000000000000000000e+00,1.194425992805404207e-02,3.476137294338232236e-02,2.243065524535952514e-20,9.588554782972410405e-06,7.663413281350183300e-06,7.663413281350183300e-06,5.769322449101131907e-06,3.813130278125654693e-06,2.819508857939848392e-06,0.000000000000000000e+00,0.000000000000000000e+00,0.000000000000000000e+00,0.000000000000000000e+00,3.301817065036174114e-04,2.089743894506401918e-03,4.372829909790828920e-21,2.352638848639553506e-19,1.476725359786711458e-06,1.499390169239684766e-21,7.239717707193806625e-21,1.771196598085183690e-02,3.476137294338232236e-02,2.403038983951742183e-19,9.619605452349141962e-06,8.657034701524250571e-06,6.669791861155691523e-06,5.707221110331282941e-06,3.813130278126405587e-06,2.819508857939848392e-06,9.398740233206983935e-04,0.000000000000000000e+00,0.000000000000000000e+00,0.000000000000000000e+00,0.000000000000000000e+00,1.576129982861572409e-03,4.066015628277301784e-19,4.066015628277301784e-19,3.794156464427693134e-21,6.708390002627315418e-21,2.777224319331300564e-03,2.777224319331300564e-03,3.457560609682880370e-02,1.058217620313623366e-05,1.058217620313623366e-05,8.594933362749589611e-06,6.731893199893579395e-06,4.744650359553422208e-06,4.744650359553422208e-06,4.105883630576023530e-04,0.000000000000000000e+00,0.000000000000000000e+00,0.000000000000000000e+00,0.000000000000000000e+00,1.476725359786723740e-06,1.476725359786718446e-06,1.476725359786760586e-06,1.499390169239684766e-21,9.586762369041930724e-20,1.174877527212841677e-21,1.680191759064782757e-19,8.527101175987155876e-03,3.456801451809213971e-02,1.185462563484228586e-19,9.619605452340915578e-06,8.657034701522305783e-06,6.669791861150222231e-06,5.707221110334577899e-06,3.813130278125957930e-06,9.407744927327403670e-04,9.398740233206965503e-04,0.000000000000000000e+00,0.000000000000000000e+00,0.000000000000000000e+00,0.000000000000000000e+00,1.476725359786718446e-06,1.476725359786804208e-06,1.174877527212842805e-21,5.686180963224697585e-20,5.686180963224697585e-20,3.794156464427693134e-21,3.328239923034281004e-21,3.456801451809213971e-02,1.534063792989345834e-19,9.588554782959547363e-06,7.663413281349056746e-06,7.663413281349056746e-06,5.769322449099274364e-06,5.021112927099747984e-03,9.407744927327403670e-04,0.000000000000000000e+00,0.000000000000000000e+00,0.000000000000000000e+00,0.000000000000000000e+00,0.000000000000000000e+00,1.476725359786705529e-06,3.269150257135622179e-19,1.174877527212881361e-21,1.174877527212841489e-21,1.174877527212841489e-21,2.162341192745847995e-20,3.794156464427693134e-21,3.055195607222471049e-02,1.058217620312012479e-05,9.619605452337593514e-06,8.625984032157375090e-06,6.731893199902134427e-06,5.738271779730943680e-06,4.775701028939561760e-06,9.408055434021129820e-04,0.000000000000000000e+00,0.000000000000000000e+00,0.000000000000000000e+00,0.000000000000000000e+00,0.000000000000000000e+00,1.476725359786706799e-06,1.599279016335149302e-19,1.174877527212881361e-21,1.174877527212841489e-21,1.174877527212841489e-21,2.162341192745847995e-20,3.659106666746459171e-21,1.101091988126405574e-03,3.104225171956203570e-03,9.619605452337593514e-06,8.657034701529876564e-06,6.700842530512771915e-06,5.738271779730943680e-06,4.806751698313586199e-06,4.146269981789719138e-03,0.000000000000000000e+00,0.000000000000000000e+00,0.000000000000000000e+00,0.000000000000000000e+00,0.000000000000000000e+00,1.476725359786701506e-06,1.476725359786701506e-06,1.174877527212841489e-21,3.794156464427693134e-21,3.794156464427693134e-21,1.174877527212851645e-21,3.763035949105344308e-03,3.763035949105344308e-03,4.084889168429151063e-02,9.588554782977604411e-06,7.694463950729720230e-06,7.694463950729720230e-06,5.769322449100284027e-06,2.366027052799677538e-03,2.366027052799677538e-03,0.000000000000000000e+00,0.000000000000000000e+00,0.000000000000000000e+00,0.000000000000000000e+00,0.000000000000000000e+00,0.000000000000000000e+00,1.499390169239684766e-21,2.319257759594504306e-20,9.940709082703029628e-20,1.404171147530373778e-19,5.352219846191834598e-21,3.763035949105344308e-03,3.763035949105344308e-03,9.558726002387988703e-20,9.542178346667778656e-20,8.657034701521745048e-06,6.731893199892113180e-06,5.769322449094004125e-06,4.775701028942390850e-06,0.000000000000000000e+00,0.000000000000000000e+00,0.000000000000000000e+00,0.000000000000000000e+00,0.000000000000000000e+00,0.000000000000000000e+00,0.000000000000000000e+00,8.156322983309275115e-20,2.319257759594504306e-20,9.829561672068765765e-20,1.301212174693429595e-21,1.113713462571903495e-20,1.113713462571903495e-20,2.363442068639452082e-03,1.786280090349970373e-02,1.786280090349970373e-02,8.625984032153343213e-06,6.700842530508719710e-06,5.769322449094004125e-06,4.806751698309901606e-06,0.000000000000000000e+00,0.000000000000000000e+00,0.000000000000000000e+00,0.000000000000000000e+00,0.000000000000000000e+00,0.000000000000000000e+00,0.000000000000000000e+00,0.000000000000000000e+00,1.174877527212842805e-21,1.288531615595313280e-19,4.048583511882757584e-21,1.174877527212841489e-21,3.453029813670210948e-21,3.659106666746459171e-21,4.558599346028604683e-20,3.550214302972432706e-02,2.439948950932348433e-03,4.766449723241109005e-04,3.967487460669979343e-02,0.000000000000000000e+00,0.000000000000000000e+00,0.000000000000000000e+00,0.000000000000000000e+00,0.000000000000000000e+00,0.000000000000000000e+00,0.000000000000000000e+00,0.000000000000000000e+00,0.000000000000000000e+00,0.000000000000000000e+00,1.174877527212841489e-21,4.048583511882757584e-21,3.305554546883035342e-19,7.696145677041596388e-19,3.659106666746459171e-21,6.751532329531884489e-21,1.028856976028706335e-02,2.439948950932348433e-03,1.759356983510902347e-02,7.150733166010625474e-02,0.000000000000000000e+00,0.000000000000000000e+00,0.000000000000000000e+00,0.000000000000000000e+00,0.000000000000000000e+00,0.000000000000000000e+00,0.000000000000000000e+00,0.000000000000000000e+00,0.000000000000000000e+00,0.000000000000000000e+00,0.000000000000000000e+00,1.174877527212845438e-21,1.671767200325340867e-19,1.671767200325340867e-19,3.453029813670210948e-21,2.919298437040585437e-03,2.919298437040585437e-03,6.163236494244400676e-02,3.579938624198857923e-03,0.000000000000000000e+00,0.000000000000000000e+00,0.000000000000000000e+00,0.000000000000000000e+00,0.000000000000000000e+00,0.000000000000000000e+00
