0.000000000000000000e+00,0.000000000000000000e+00,0.000000000000000000e+00,0.000000000000000000e+00,0.000000000000000000e+00,1.851489937931669050e-02,0.000000000000000000e+00,0.000000000000000000e+00,0.000000000000000000e+00,0.000000000000000000e+00,0.000000000000000000e+00,0.000000000000000000e+00,0.000000000000000000e+00,6.533366859985588213e-06,7.929275947195009444e-03,0.000000000000000000e+00,0.000000000000000000e+00,0.000000000000000000e+00,0.000000000000000000e+00,0.000000000000000000e+00,0.000000000000000000e+00,0.000000000000000000e+00,0.000000000000000000e+00,0.000000000000000000e+00,0.000000000000000000e+00,0.000000000000000000e+00,0.000000000000000000e+00,0.000000000000000000e+00,0.000000000000000000e+00,0.000000000000000000e+00,3.686657202681580780e-21,0.000000000000000000e+00,0.000000000000000000e+00,1.771618069283885687e-08,6.533366859985506898e-06,0.000000000000000000e+00,0.000000000000000000e+00,0.000000000000000000e+00,0.000000000000000000e+00,0.000000000000000000e+00,0.000000000000000000e+00,0.000000000000000000e+00,0.000000000000000000e+00,0.000000000000000000e+00,0.000000000000000000e+00,0.000000000000000000e+00,0.000000000000000000e+00,0.000000000000000000e+00,0.000000000000000000e+00,0.000000000000000000e+00,0.000000000000000000e+00,0.000000000000000000e+00,0.000000000000000000e+00,6.533366859985506898e-06,6.533366859985506898e-06,1.564609190265356647e-03,0.000000000000000000e+00,0.000000000000000000e+00,0.000000000000000000e+00,0.000000000000000000e+00,0.000000000000000000e+00,0.000000000000000000e+00,0.000000000000000000e+00,0.000000000000000000e+00,0.000000000000000000e+00,0.000000000000000000e+00,1.152856640823623352e-02,0.000000000000000000e+00,0.000000000000000000e+00,0.000000000000000000e+00,0.000000000000000000e+00,0.000000000000000000e+00,0.000000000000000000e+00,0.000000000000000000e+00,6.533366859985506898e-06,6.533366859985923638e-06,0.000000000000000000e+00,0.000000000000000000e+00,0.000000000000000000e+00,0.000000000000000000e+00,0.000000000000000000e+00,0.000000000000000000e+00,0.000000000000000000e+00,0.000000000000000000e+00,0.000000000000000000e+00,0.000000000000000000e+00,0.000000000000000000e+00,0.000000000000000000e+00,0.000000000000000000e+00,0.000000000000000000e+00,0.000000000000000000e+00,0.000000000000000000e+00,0.000000000000000000e+00,0.000000000000000000e+00,0.000000000000000000e+00,0.000000000000000000e+00,0.000000000000000000e+00,0.000000000000000000e+00,0.000000000000000000e+00,0.000000000000000000e+00,0.000000000000000000e+00,0.000000000000000000e+00,2.108270254325553868e-03,3.029718578922046249e-22,0.000000000000000000e+00,0.000000000000000000e+00,1.581755422560783032e-03,0.000000000000000000e+00,0.000000000000000000e+00,1.227498466285322810e-02,1.225658182089196628e-02,0.000000000000000000e+00,0.000000000000000000e+00,0.000000000000000000e+00,2.103409883029852892e-03,0.000000000000000000e+00,0.000000000000000000e+00,0.000000000000000000e+00,0.000000000000000000e+00,0.000000000000000000e+00,0.000000000000000000e+00,0.000000000000000000e+00,0.000000000000000000e+00,0.000000000000000000e+00,0.000000000000000000e+00,0.000000000000000000e+00,0.000000000000000000e+00,0.000000000000000000e+00,0.000000000000000000e+00,5.498579747896081837e-02,0.000000000000000000e+00,0.000000000000000000e+00,0.000000000000000000e+00,2.335752547791209062e-03,2.103409883029852892e-03,0.000000000000000000e+00,0.000000000000000000e+00,0.000000000000000000e+00,0.000000000000000000e+00,0.000000000000000000e+00,0.000000000000000000e+00,0.000000000000000000e+00,0.000000000000000000e+00,0.000000000000000000e+00,0.000000000000000000e+00,0.000000000000000000e+00,0.000000000000000000e+00,6.397116326463405354e-04,2.455501545933404597e-02,8.816877358498585726e-02,2.376218504722428515e-02,1.637332891731634954e-04,0.000000000000000000e+00,0.000000000000000000e+00,0.000000000000000000e+00,1.886068162853415649e-20,0.000000000000000000e+00,0.000000000000000000e+00,0.000000000000000000e+00,0.000000000000000000e+00,0.000000000000000000e+00,3.257339966305149658e-04,0.000000000000000000e+00,0.000000000000000000e+00,0.000000000000000000e+00,0.000000000000000000e+00,1.743558664578555295e-02,6.643552515851660484e-04,7.161020306134041613e-02,8.816877358498585726e-02,3.048299452204009108e-02,0.000000000000000000e+00,1.827907271525016806e-05,2.258778244488143187e-03,0.000000000000000000e+00,0.000000000000000000e+00,0.000000000000000000e+00,0.000000000000000000e+00,0.000000000000000000e+00,0.000000000000000000e+00,0.000000000000000000e+00,0.000000000000000000e+00,0.000000000000000000e+00,0.000000000000000000e+00,0.000000000000000000e+00,0.000000000000000000e+00,9.596333723670910111e-05,6.270352771165753347e-02,6.270352771165753347e-02,4.828368759514729824e-02,2.135838636978322491e-02,2.135838636978322491e-02,1.827907271525015451e-05,0.000000000000000000e+00,0.000000000000000000e+00,0.000000000000000000e+00,0.000000000000000000e+00,0.000000000000000000e+00,0.000000000000000000e+00,0.000000000000000000e+00,0.000000000000000000e+00,1.827907271525015451e-05,1.827907271525095411e-05,0.000000000000000000e+00,0.000000000000000000e+00,0.000000000000000000e+00,3.269882911790635612e-04,6.643552515851652894e-04,9.854155578027534723e-02,6.525521433350678357e-02,6.445629426854940225e-02,3.777734831312465737e-04,1.827907271525015451e-05,0.000000000000000000e+00,0.000000000000000000e+00,0.000000000000000000e+00,0.000000000000000000e+00,0.000000000000000000e+00,0.000000000000000000e+00,0.000000000000000000e+00,0.000000000000000000e+00,0.000000000000000000e+00,1.827907271525095411e-05,0.000000000000000000e+00,0.000000000000000000e+00,0.000000000000000000e+00,0.000000000000000000e+00,6.397116326458313941e-04,4.840719616880627407e-02,6.525521433350678357e-02,1.276929130946584303e-03,3.777734831312465737e-04,0.000000000000000000e+00,0.000000000000000000e+00,0.000000000000000000e+00,0.000000000000000000e+00,0.000000000000000000e+00,0.000000000000000000e+00,0.000000000000000000e+00,0.000000000000000000e+00,0.000000000000000000e+00,0.000000000000000000e+00,0.000000000000000000e+00,0.000000000000000000e+00,0.000000000000000000e+00,0.000000000000000000e+00,0.000000000000000000e+00,0.000000000000000000e+00,0.000000000000000000e+00,1.324369010564322401e-02,9.736681422119532485e-06,0.000000000000000000e+00,0.000000000000000000e+00,0.000000000000000000e+00,6.189170016857228201e-04,0.000000000000000000e+00,0.000000000000000000e+00,0.000000000000000000e+00,0.000000000000000000e+00,0.000000000000000000e+00,0.000000000000000000e+00,0.000000000000000000e+00,0.000000000000000000e+00,0.000000000000000000e+00,0.000000000000000000e+00,0.000000000000000000e+00,2.103409883029853759e-03,0.000000000000000000e+00,0.000000000000000000e+00,0.000000000000000000e+00,1.055813370155359032e-02,0.000000000000000000e+00,0.000000000000000000e+00,6.189170016857224949e-04,6.189170016857228201e-04,0.000000000000000000e+00,3.717924796879806988e-03,0.000000000000000000e+00,0.000000000000000000e+00,0.000000000000000000e+00,0.000000000000000000e+00,0.000000000000000000e+00,0.000000000000000000e+00,0.000000000000000000e+00,0.000000000000000000e+00,0.000000000000000000e+00,0.000000000000000000e+00,0.000000000000000000e+00,0.000000000000000000e+00,0.000000000000000000e+00,0.000000000000000000e+00,0.000000000000000000e+00,1.926131355789964961e-04,1.926131355789964961e-04,6.189170016857224949e-04,0.000000000000000000e+00,0.000000000000000000e+00,0.000000000000000000e+00,0.000000000000000000e+00,0.000000000000000000e+00,0.000000000000000000e+00,0.000000000000000000e+00,0.000000000000000000e+00,1.523592171135261606e-03,0.000000000000000000e+00,3.757154009721232629e-22,0.000000000000000000e+00,0.000000000000000000e+00,0.000000000000000000e+00,0.000000000000000000e+00,1.152856640823623352e-02,0.000000000000000000e+00,0.000000000000000000e+00,6.189170016857224949e-04,0.000000000000000000e+00,0.000000000000000000e+00,0.000000000000000000e+00,0.000000000000000000e+00,0.000000000000000000e+00,0.000000000000000000e+00,0.000000000000000000e+00,0.000000000000000000e+00,0.000000000000000000e+00,0.000000000000000000e+00,0.000000000000000000e+00,0.000000000000000000e+00,0.000000000000000000e+00,0.000000000000000000e+00,0.000000000000000000e+00,0.000000000000000000e+00,0.000000000000000000e+00,0.000000000000000000e+00,0.000000000000000000e+00,1.453174589952355416e-04,0.000000000000000000e+00,0.000000000000000000e+00,0.000000000000000000e+00,0.000000000000000000e+00,0.000000000000000000e+00,0.000000000000000000e+00,0.000000000000000000e+00,0.000000000000000000e+00,0.000000000000000000e+00,0.000000000000000000e+00,0.000000000000000000e+00,0.000000000000000000e+00,0.000000000000000000e+00,0.000000000000000000e+00,0.000000000000000000e+00,1.401987227333483573e-03,5.810449495316703100e-03,1.116472289619530027e-18,0.000000000000000000e+00,0.000000000000000000e+00,0.000000000000000000e+00,0.000000000000000000e+00,0.000000000000000000e+00,0.000000000000000000e+00,0.000000000000000000e+00,0.000000000000000000e+00,0.000000000000000000e+00,0.000000000000000000e+00,0.000000000000000000e+00,0.000000000000000000e+00,0.000000000000000000e+00,0.000000000000000000e+00,0.000000000000000000e+00,0.000000000000000000e+00,0.000000000000000000e+00,1.401987227333483573e-03,0.000000000000000000e+00,0.000000000000000000e+00,0.000000000000000000e+00,0.000000000000000000e+00,6.161611670458001506e-05,0.000000000000000000e+00,0.000000000000000000e+00,0.000000000000000000e+00,0.000000000000000000e+00,0.000000000000000000e+00,0.000000000000000000e+00,0.000000000000000000e+00,0.000000000000000000e+00,0.000000000000000000e+00,0.000000000000000000e+00,0.000000000000000000e+00,2.274477448373174102e-03,0.000000000000000000e+00,0.000000000000000000e+00,0.000000000000000000e+00,0.000000000000000000e+00,0.000000000000000000e+00,0.000000000000000000e+00,0.000000000000000000e+00,0.000000000000000000e+00,0.000000000000000000e+00,0.000000000000000000e+00,0.000000000000000000e+00,0.000000000000000000e+00,0.000000000000000000e+00
0.000000000000000000e+00,0.000000000000000000e+00,0.000000000000000000e+00,0.000000000000000000e+00,0.000000000000000000e+00,5.289971251233338903e-03,0.000000000000000000e+00,0.000000000000000000e+00,0.000000000000000000e+00,0.000000000000000000e+00,8.329321459109935606e-05,6.630423281616678417e-04,6.630423281616678417e-04,4.963993890279336241e-03,7.227634627517913642e-03,0.000000000000000000e+00,0.000000000000000000e+00,0.000000000000000000e+00,0.000000000000000000e+00,0.000000000000000000e+00,0.000000000000000000e+00,0.000000000000000000e+00,0.000000000000000000e+00,0.000000000000000000e+00,5.015516277498706377e-02,0.000000000000000000e+00,0.000000000000000000e+00,0.000000000000000000e+00,0.000000000000000000e+00,0.000000000000000000e+00,6.630423281616678417e-04,6.630423281616678417e-04,6.630423281616678417e-04,4.962132275799537896e-03,4.963993890279336241e-03,0.000000000000000000e+00,0.000000000000000000e+00,0.000000000000000000e+00,0.000000000000000000e+00,0.000000000000000000e+00,0.000000000000000000e+00,0.000000000000000000e+00,0.000000000000000000e+00,0.000000000000000000e+00,3.846803533659460140e-03,1.134236843337979410e-02,0.000000000000000000e+00,0.000000000000000000e+00,0.000000000000000000e+00,6.630423281616678417e-04,6.630423281616678417e-04,6.630423281616678417e-04,6.630423281616678417e-04,4.963993890279336241e-03,2.579216601690074648e-02,5.556432118623936406e-02,0.000000000000000000e+00,0.000000000000000000e+00,0.000000000000000000e+00,0.000000000000000000e+00,0.000000000000000000e+00,0.000000000000000000e+00,0.000000000000000000e+00,0.000000000000000000e+00,3.846803533659460140e-03,1.134236843337979410e-02,3.293876116638923615e-03,0.000000000000000000e+00,6.630423281616678417e-04,6.630423281616678417e-04,6.630423281616678417e-04,6.630423281616678417e-04,6.630423281616678417e-04,6.630423281616678417e-04,2.579216601690074648e-02,4.963993890279336241e-03,0.000000000000000000e+00,0.000000000000000000e+00,0.000000000000000000e+00,0.000000000000000000e+00,0.000000000000000000e+00,0.000000000000000000e+00,0.000000000000000000e+00,0.000000000000000000e+00,0.000000000000000000e+00,0.000000000000000000e+00,0.000000000000000000e+00,0.000000000000000000e+00,6.630423281616678417e-04,6.630423281616678417e-04,6.630423281616678417e-04,6.630423281616678417e-04,6.630423281616678417e-04,6.630423281616678417e-04,6.630423281616678417e-04,6.630423281616678417e-04,6.630423281616678417e-04,0.000000000000000000e+00,0.000000000000000000e+00,0.000000000000000000e+00,0.000000000000000000e+00,0.000000000000000000e+00,6.023629298073009813e-04,1.015415344727216326e-19,0.000000000000000000e+00,0.000000000000000000e+00,4.519301207316522330e-04,0.000000000000000000e+00,6.630423281616678417e-04,4.170180803262589150e-03,4.164922848416515583e-03,6.630423281616678417e-04,6.630423281616678417e-04,6.630423281616678417e-04,1.264016580455911386e-03,6.630423281616678417e-04,6.630423281616678417e-04,0.000000000000000000e+00,0.000000000000000000e+00,0.000000000000000000e+00,0.000000000000000000e+00,0.000000000000000000e+00,0.000000000000000000e+00,0.000000000000000000e+00,0.000000000000000000e+00,0.000000000000000000e+00,0.000000000000000000e+00,0.000000000000000000e+00,6.630423281616678417e-04,1.637327017929332551e-02,6.630423281616678417e-04,6.630423281616678417e-04,6.630423281616678417e-04,1.330400198959156037e-03,1.264016580455911386e-03,6.630423281616678417e-04,6.630423281616678417e-04,0.000000000000000000e+00,0.000000000000000000e+00,0.000000000000000000e+00,0.000000000000000000e+00,0.000000000000000000e+00,0.000000000000000000e+00,0.000000000000000000e+00,0.000000000000000000e+00,2.867329085394139542e-20,2.867329085394139542e-20,1.827747521846686857e-04,5.783392380581560410e-02,5.831679669891061402e-02,7.452238055940033773e-03,7.098232679254287475e-04,6.630423281616678417e-04,6.630423281616678417e-04,6.630423281616678417e-04,6.630423281616678417e-04,6.630423281616678417e-04,0.000000000000000000e+00,0.000000000000000000e+00,0.000000000000000000e+00,0.000000000000000000e+00,9.306685618014711760e-05,0.000000000000000000e+00,0.000000000000000000e+00,0.000000000000000000e+00,0.000000000000000000e+00,4.981596184510156747e-03,1.898157861671902918e-04,2.542218523155945209e-02,5.831679669891061402e-02,4.527028596305238128e-02,6.630423281616678417e-04,6.682649203660249396e-04,1.308407540872565632e-03,6.630423281616678417e-04,6.630423281616678417e-04,6.630423281616678417e-04,6.630423281616678417e-04,0.000000000000000000e+00,0.000000000000000000e+00,0.000000000000000000e+00,0.000000000000000000e+00,0.000000000000000000e+00,0.000000000000000000e+00,0.000000000000000000e+00,6.407005793872950934e-20,2.741809635334545552e-05,1.857833596006381455e-02,1.857833596006381455e-02,1.005113610446415062e-01,6.765438433814016314e-03,6.765438433814016314e-03,6.682649203660249396e-04,6.630423281616720701e-04,6.630423281616678417e-04,6.630423281616678417e-04,6.630423281616678417e-04,0.000000000000000000e+00,0.000000000000000000e+00,0.000000000000000000e+00,0.000000000000000000e+00,5.222592204357186035e-06,5.222592204357414734e-06,0.000000000000000000e+00,0.000000000000000000e+00,6.407005793872950934e-20,9.342522605116100587e-05,1.898157861671900750e-04,2.881777255109747859e-02,5.520520590918572695e-02,1.051321058084706828e-01,7.709776090563096734e-04,6.682649203660249396e-04,6.630423281616678417e-04,6.630423281616678417e-04,6.630423281616678417e-04,6.630423281616678417e-04,6.630423281616678417e-04,0.000000000000000000e+00,0.000000000000000000e+00,0.000000000000000000e+00,0.000000000000000000e+00,5.222592204357414734e-06,0.000000000000000000e+00,0.000000000000000000e+00,0.000000000000000000e+00,0.000000000000000000e+00,1.827747521845232400e-04,1.449366980496345769e-02,5.520520590918572695e-02,3.692569585131137699e-02,7.709776090563096734e-04,6.630423281616678417e-04,6.630423281616678417e-04,6.630423281616678417e-04,6.630423281616678417e-04,6.630423281616678417e-04,0.000000000000000000e+00,0.000000000000000000e+00,0.000000000000000000e+00,0.000000000000000000e+00,0.000000000000000000e+00,0.000000000000000000e+00,0.000000000000000000e+00,0.000000000000000000e+00,0.000000000000000000e+00,0.000000000000000000e+00,1.871850712327587130e-19,0.000000000000000000e+00,4.446953786916873694e-03,6.658242371394162583e-04,6.630423281616678417e-04,6.630423281616678417e-04,6.630423281616678417e-04,8.398757572147314736e-04,6.630423281616678417e-04,6.630423281616678417e-04,0.000000000000000000e+00,0.000000000000000000e+00,0.000000000000000000e+00,0.000000000000000000e+00,0.000000000000000000e+00,0.000000000000000000e+00,0.000000000000000000e+00,0.000000000000000000e+00,0.000000000000000000e+00,6.009742522942438693e-04,1.871850712327587130e-19,0.000000000000000000e+00,6.630423281616678417e-04,3.679651957176979099e-03,6.630423281616678417e-04,6.630423281616678417e-04,8.398757572147355936e-04,8.398757572147314736e-04,6.630423281616678417e-04,1.725306555841612556e-03,0.000000000000000000e+00,0.000000000000000000e+00,0.000000000000000000e+00,0.000000000000000000e+00,0.000000000000000000e+00,0.000000000000000000e+00,0.000000000000000000e+00,0.000000000000000000e+00,0.000000000000000000e+00,0.000000000000000000e+00,1.871850712327587130e-19,0.000000000000000000e+00,6.630423281616678417e-04,6.630423281616678417e-04,6.630423281616678417e-04,7.180746526128096822e-04,7.180746526128096822e-04,8.398757572147313652e-04,6.630423281616678417e-04,6.630423281616678417e-04,0.000000000000000000e+00,0.000000000000000000e+00,0.000000000000000000e+00,0.000000000000000000e+00,0.000000000000000000e+00,0.000000000000000000e+00,4.353120488957888754e-04,0.000000000000000000e+00,5.442746513954663037e-20,0.000000000000000000e+00,0.000000000000000000e+00,0.000000000000000000e+00,6.630423281616678417e-04,3.956918444800591565e-03,6.630423281616678417e-04,6.630423281616678417e-04,8.398757572147355936e-04,6.630423281616678417e-04,6.630423281616678417e-04,0.000000000000000000e+00,0.000000000000000000e+00,0.000000000000000000e+00,0.000000000000000000e+00,0.000000000000000000e+00,0.000000000000000000e+00,0.000000000000000000e+00,3.910390250353782543e-03,0.000000000000000000e+00,0.000000000000000000e+00,0.000000000000000000e+00,0.000000000000000000e+00,0.000000000000000000e+00,0.000000000000000000e+00,6.630423281616678417e-04,6.630423281616678417e-04,6.630423281616678417e-04,7.045616021603065679e-04,6.630423281616678417e-04,6.630423281616678417e-04,0.000000000000000000e+00,0.000000000000000000e+00,0.000000000000000000e+00,0.000000000000000000e+00,0.000000000000000000e+00,0.000000000000000000e+00,0.000000000000000000e+00,0.000000000000000000e+00,0.000000000000000000e+00,0.000000000000000000e+00,1.924395648493461974e-19,0.000000000000000000e+00,0.000000000000000000e+00,4.005677792381381018e-04,1.660128427233343619e-03,6.630423281616681670e-04,5.925630380961383059e-02,6.630423281616678417e-04,6.630423281616678417e-04,0.000000000000000000e+00,0.000000000000000000e+00,0.000000000000000000e+00,0.000000000000000000e+00,0.000000000000000000e+00,0.000000000000000000e+00,0.000000000000000000e+00,0.000000000000000000e+00,0.000000000000000000e+00,0.000000000000000000e+00,6.407005793872950934e-20,1.924395648493461974e-19,0.000000000000000000e+00,0.000000000000000000e+00,4.005677792381381018e-04,0.000000000000000000e+00,1.134236843337979410e-02,5.925630380961383059e-02,2.390440200667917625e-02,6.806469329344054303e-04,0.000000000000000000e+00,0.000000000000000000e+00,0.000000000000000000e+00,0.000000000000000000e+00,0.000000000000000000e+00,0.000000000000000000e+00,0.000000000000000000e+00,0.000000000000000000e+00,0.000000000000000000e+00,0.000000000000000000e+00,0.000000000000000000e+00,6.498506995351925695e-04,0.000000000000000000e+00,0.000000000000000000e+00,0.000000000000000000e+00,0.000000000000000000e+00,0.000000000000000000e+00,1.062194550249112232e-02,6.630423281616678417e-04,0.000000000000000000e+00,0.000000000000000000e+00,0.000000000000000000e+00,0.000000000000000000e+00,0.000000000000000000e+00,0.000000000000000000e+00
0.000000000000000000e+00,0.000000000000000000e+00,0.000000000000000000e+00,0.000000000000000000e+00,0.000000000000000000e+00,1.606604943402905277e-05,1.606604943402900195e-05,1.606604943402900195e-05,0.000000000000000000e+00,0.000000000000000000e+00,6.663457167287948485e-05,5.304338625293340565e-04,5.304338625293340565e-04,3.969701771226899142e-03,3.969701771226899142e-03,0.000000000000000000e+00,0.000000000000000000e+00,0.000000000000000000e+00,0.000000000000000000e+00,0.000000000000000000e+00,0.000000000000000000e+00,0.000000000000000000e+00,0.000000000000000000e+00,0.000000000000000000e+00,4.014019626942366692e-02,1.606604943402900195e-05,1.606604943402900195e-05,1.606604943402947290e-05,0.000000000000000000e+00,0.000000000000000000e+00,5.304338625293340565e-04,5.304338625293340565e-04,5.304338625293340565e-04,3.969701771226899142e-03,3.969701771226899142e-03,0.000000000000000000e+00,0.000000000000000000e+00,0.000000000000000000e+00,0.000000000000000000e+00,0.000000000000000000e+00,0.000000000000000000e+00,0.000000000000000000e+00,0.000000000000000000e+00,1.606604943402900195e-05,1.599055073278684430e-02,9.089960796137861593e-03,1.606604943402900195e-05,0.000000000000000000e+00,0.000000000000000000e+00,5.304338625293340565e-04,5.304338625293340565e-04,5.304338625293340565e-04,5.304338625293340565e-04,3.969701771226899142e-03,2.063223947252402352e-02,4.437628864161721060e-02,0.000000000000000000e+00,0.000000000000000000e+00,0.000000000000000000e+00,0.000000000000000000e+00,0.000000000000000000e+00,0.000000000000000000e+00,0.000000000000000000e+00,7.007157682265442028e-04,1.599055073278684430e-02,9.089960796137861593e-03,1.606604943402947290e-05,1.606604943402900195e-05,5.304338625293340565e-04,5.304338625293340565e-04,5.304338625293340565e-04,5.304338625293340565e-04,5.304338625293340565e-04,5.304338625293340565e-04,2.063223947252402352e-02,4.252158421627787177e-03,0.000000000000000000e+00,0.000000000000000000e+00,0.000000000000000000e+00,0.000000000000000000e+00,0.000000000000000000e+00,0.000000000000000000e+00,1.606604943402947290e-05,1.606604943402947290e-05,1.291310790585927827e-02,1.606604943402947290e-05,1.606604943402947290e-05,1.606604943402900195e-05,5.304338625293340565e-04,5.304338625293340565e-04,5.304338625293340565e-04,5.304338625293340565e-04,5.304338625293340565e-04,5.304338625293340565e-04,8.590151959681225627e-04,7.684131400048181942e-04,7.684131400048181942e-04,0.000000000000000000e+00,0.000000000000000000e+00,0.000000000000000000e+00,0.000000000000000000e+00,0.000000000000000000e+00,1.606604943402908326e-05,1.606604943402955421e-05,1.606604943402900195e-05,1.606604943402900195e-05,1.606604943402900195e-05,1.606604943402908665e-05,5.304338625293340565e-04,5.304338625293340565e-04,5.304338625293340565e-04,5.304338625293340565e-04,5.304338625293340565e-04,9.034925688944110602e-04,8.573678858594226473e-04,8.128905129303045990e-04,5.304338625293340565e-04,0.000000000000000000e+00,0.000000000000000000e+00,0.000000000000000000e+00,0.000000000000000000e+00,0.000000000000000000e+00,1.606604943402901889e-05,1.606604943402900195e-05,1.606604943402900195e-05,1.606604943402900195e-05,1.606604943402900195e-05,1.606604943402908665e-05,5.304338625293340565e-04,5.304338625293340565e-04,5.304338625293340565e-04,5.304338625293340565e-04,9.940946248556963190e-04,9.034925688945690285e-04,8.573678858594226473e-04,8.145378230393411590e-04,7.222884569688945485e-04,0.000000000000000000e+00,0.000000000000000000e+00,0.000000000000000000e+00,0.000000000000000000e+00,0.000000000000000000e+00,1.606604943402900195e-05,1.606604943402947290e-05,1.606604943402900195e-05,1.606604943402949323e-05,1.606604943402949323e-05,2.137038301572340843e-03,4.452367663944654941e-02,3.026009244233809209e-02,5.304338625293344902e-04,5.304338625293340565e-04,9.496172519285640953e-04,9.496172519285640953e-04,8.573678858597108283e-04,7.684131400047955343e-04,7.222884569689751047e-04,0.000000000000000000e+00,0.000000000000000000e+00,0.000000000000000000e+00,0.000000000000000000e+00,1.606604943402946612e-05,1.606604943402900195e-05,1.606604943402900195e-05,1.606604943402900195e-05,1.606604943402900195e-05,1.606604943402905277e-05,1.035907171108104742e-02,7.838814328154475319e-03,3.026009244233809209e-02,2.924868716540416150e-02,2.038723009891907009e-02,4.398258683616444731e-02,9.051398790033762798e-04,8.590151959675343830e-04,7.684131400046619606e-04,7.222884569689751047e-04,6.761637739335392416e-04,0.000000000000000000e+00,0.000000000000000000e+00,0.000000000000000000e+00,0.000000000000000000e+00,1.606604943402900195e-05,1.606604943402900195e-05,1.606604943402900195e-05,1.606604943402952033e-05,1.606604943402900195e-05,4.399546419456909149e-03,4.399546419456909149e-03,7.324192994232138487e-02,5.304338625293342734e-04,5.304338625293342734e-04,4.398423414627362915e-02,9.051398790028100010e-04,5.304338625293340565e-04,5.304338625293340565e-04,7.206411468610040985e-04,0.000000000000000000e+00,0.000000000000000000e+00,0.000000000000000000e+00,0.000000000000000000e+00,1.606604943402900195e-05,1.606604943402900195e-05,1.606604943402900195e-05,1.606604943402900195e-05,1.606604943402905277e-05,1.606604943402947290e-05,1.606604943402993707e-05,4.399546419456909149e-03,3.311779972233174635e-02,6.937281738539380349e-02,4.403035882931025102e-02,4.398258683616423914e-02,9.051398790028157473e-04,8.590151959675929299e-04,5.304338625293340565e-04,7.222884569690100160e-04,6.761637739335023788e-04,0.000000000000000000e+00,0.000000000000000000e+00,0.000000000000000000e+00,0.000000000000000000e+00,1.606604943402900195e-05,1.606604943402900195e-05,1.606604943402900195e-05,1.606604943402901889e-05,1.606604943402901889e-05,1.606604943402947290e-05,5.304338625293340565e-04,3.311779972233174635e-02,2.924868716540416150e-02,4.403035882931037592e-02,5.220040482816233618e-03,5.220040482816233618e-03,8.573678858594876995e-04,7.684131400048701275e-04,7.222884569690100160e-04,0.000000000000000000e+00,0.000000000000000000e+00,0.000000000000000000e+00,0.000000000000000000e+00,0.000000000000000000e+00,1.606604943402900195e-05,1.606604943402900195e-05,1.606604943402900195e-05,1.606604943402900195e-05,1.606604943402947290e-05,1.606604943402915102e-05,0.000000000000000000e+00,5.304338625293340565e-04,5.304338625293340565e-04,5.304338625293340565e-04,1.936773357416501917e-02,9.034925688945398634e-04,8.573678858596706044e-04,8.145378230395725278e-04,7.222884569690599978e-04,0.000000000000000000e+00,0.000000000000000000e+00,0.000000000000000000e+00,0.000000000000000000e+00,0.000000000000000000e+00,1.606604943402900195e-05,1.606604943402900195e-05,1.606604943402900195e-05,1.606604943402900195e-05,1.606604943402947290e-05,1.606604943402915102e-05,0.000000000000000000e+00,5.304338625293340565e-04,5.304338625293340565e-04,5.304338625293340565e-04,5.304338625293340565e-04,9.034925688945146015e-04,8.573678858596706044e-04,8.128905129304067308e-04,7.239357670770835878e-04,0.000000000000000000e+00,0.000000000000000000e+00,0.000000000000000000e+00,0.000000000000000000e+00,0.000000000000000000e+00,1.606604943402900195e-05,1.606604943402900195e-05,1.606604943402900195e-05,1.606604943402900195e-05,1.606604943402900195e-05,1.606604943402915102e-05,0.000000000000000000e+00,5.304338625293340565e-04,5.304338625293340565e-04,5.304338625293340565e-04,9.479699418203561909e-04,9.479699418203561909e-04,8.590151959674022187e-04,7.684131400047499979e-04,7.684131400047499979e-04,0.000000000000000000e+00,0.000000000000000000e+00,0.000000000000000000e+00,0.000000000000000000e+00,0.000000000000000000e+00,0.000000000000000000e+00,1.606604943402947290e-05,1.606604943402947290e-05,1.606604943402904599e-05,1.606604943402900195e-05,1.606604943402900195e-05,0.000000000000000000e+00,5.304338625293340565e-04,5.304338625293340565e-04,5.304338625293340565e-04,5.304338625293340565e-04,9.034925688946887244e-04,8.590151959675233241e-04,8.128905129301931430e-04,0.000000000000000000e+00,0.000000000000000000e+00,0.000000000000000000e+00,0.000000000000000000e+00,0.000000000000000000e+00,0.000000000000000000e+00,0.000000000000000000e+00,3.144378249717054517e-03,1.606604943402947290e-05,1.606604943402900195e-05,1.606604943402947290e-05,0.000000000000000000e+00,0.000000000000000000e+00,0.000000000000000000e+00,5.304338625293340565e-04,5.304338625293340565e-04,5.304338625293340565e-04,5.304338625293340565e-04,8.590151959675233241e-04,8.128905129302998285e-04,0.000000000000000000e+00,0.000000000000000000e+00,0.000000000000000000e+00,0.000000000000000000e+00,0.000000000000000000e+00,0.000000000000000000e+00,0.000000000000000000e+00,0.000000000000000000e+00,1.606604943402900195e-05,1.606604943402901889e-05,1.606604943402915441e-05,1.606604943402900195e-05,0.000000000000000000e+00,0.000000000000000000e+00,0.000000000000000000e+00,5.304338625293340565e-04,4.740504304769105337e-02,5.304338625293340565e-04,5.304338625293340565e-04,0.000000000000000000e+00,0.000000000000000000e+00,0.000000000000000000e+00,0.000000000000000000e+00,0.000000000000000000e+00,0.000000000000000000e+00,0.000000000000000000e+00,0.000000000000000000e+00,0.000000000000000000e+00,0.000000000000000000e+00,1.606604943402905277e-05,1.606604943402915441e-05,1.606604943402900195e-05,0.000000000000000000e+00,0.000000000000000000e+00,0.000000000000000000e+00,9.073894746703833197e-03,4.740504304769105337e-02,1.912352160534333545e-02,5.304338625293344902e-04,0.000000000000000000e+00,0.000000000000000000e+00,0.000000000000000000e+00,0.000000000000000000e+00,0.000000000000000000e+00,0.000000000000000000e+00,0.000000000000000000e+00,0.000000000000000000e+00,0.000000000000000000e+00,0.000000000000000000e+00,0.000000000000000000e+00,1.606604943402900195e-05,1.606604943402900195e-05,1.606604943402900195e-05,0.000000000000000000e+00,0.000000000000000000e+00,0.000000000000000000e+00,8.497556401992897163e-03,5.304338625293340565e-04,0.000000000000000000e+00,0.000000000000000000e+00,0.000000000000000000e+00,0.000000000000000000e+00,0.000000000000000000e+00,0.000000000000000000e+00
0.000000000000000000e+00,0.000000000000000000e+00,0.000000000000000000e+00,0.000000000000000000e+00,0.000000000000000000e+00,3.213209886805799034e-05,3.213209886805799034e-05,3.213209886805799034e-05,0.000000000000000000e+00,0.000000000000000000e+00,4.341595727696446931e-06,4.341595727696442695e-06,4.341595727696437613e-06,4.341595727696430837e-06,3.473201331155743431e-03,0.000000000000000000e+00,0.000000000000000000e+00,0.000000000000000000e+00,0.000000000000000000e+00,0.000000000000000000e+00,0.000000000000000000e+00,0.000000000000000000e+00,0.000000000000000000e+00,0.000000000000000000e+00,3.213209886805799034e-05,3.213209886805799034e-05,3.213209886805799034e-05,3.213209886805893224e-05,0.000000000000000000e+00,0.000000000000000000e+00,4.341595727696430837e-06,4.341595727696446084e-06,4.341595727696437613e-06,4.341595727696430837e-06,5.806715402164975637e-04,0.000000000000000000e+00,0.000000000000000000e+00,0.000000000000000000e+00,0.000000000000000000e+00,0.000000000000000000e+00,0.000000000000000000e+00,0.000000000000000000e+00,0.000000000000000000e+00,3.213209886805799034e-05,2.582621581171854613e-02,3.213209886805799034e-05,3.213209886805799034e-05,0.000000000000000000e+00,0.000000000000000000e+00,3.508087273291903458e-06,4.341595727696490976e-06,4.341595727696490976e-06,4.341595727696430837e-06,4.341595727696443542e-06,0.000000000000000000e+00,5.649133008013353411e-04,0.000000000000000000e+00,0.000000000000000000e+00,0.000000000000000000e+00,0.000000000000000000e+00,0.000000000000000000e+00,0.000000000000000000e+00,0.000000000000000000e+00,1.401431536453087755e-03,2.582621581171854613e-02,3.213209886805799034e-05,3.213209886805893224e-05,3.213209886805799034e-05,0.000000000000000000e+00,0.000000000000000000e+00,4.341595727696430837e-06,4.341595727696441001e-06,0.000000000000000000e+00,0.000000000000000000e+00,0.000000000000000000e+00,5.649133008017757441e-04,0.000000000000000000e+00,0.000000000000000000e+00,0.000000000000000000e+00,0.000000000000000000e+00,0.000000000000000000e+00,0.000000000000000000e+00,3.213209886805893224e-05,3.213209886805893224e-05,2.582621581171854613e-02,3.213209886805893224e-05,3.213209886805893224e-05,3.213209886805799034e-05,4.341595727696490129e-06,0.000000000000000000e+00,1.040590828640689794e-03,3.408339162510152290e-06,0.000000000000000000e+00,0.000000000000000000e+00,6.571626668775765786e-04,4.759585549509677874e-04,4.759585549509677874e-04,0.000000000000000000e+00,0.000000000000000000e+00,0.000000000000000000e+00,0.000000000000000000e+00,0.000000000000000000e+00,3.213209886805815297e-05,3.213209886805893224e-05,3.213209886805799034e-05,3.213209886805799034e-05,3.213209886805799034e-05,3.213209886805815975e-05,5.331640994111884737e-21,0.000000000000000000e+00,4.341595727696436766e-06,0.000000000000000000e+00,0.000000000000000000e+00,7.461174127301534653e-04,6.538680466601768564e-04,5.649133008019407596e-04,0.000000000000000000e+00,0.000000000000000000e+00,0.000000000000000000e+00,0.000000000000000000e+00,0.000000000000000000e+00,0.000000000000000000e+00,3.213209886805802422e-05,3.213209886805799034e-05,3.213209886805799034e-05,3.213209886805799034e-05,3.213209886805799034e-05,3.213209886805815975e-05,3.335396730083942324e-04,4.683427820507027328e-03,0.000000000000000000e+00,0.000000000000000000e+00,9.273215246527240913e-04,7.461174127304695102e-04,6.538680466601768564e-04,5.682079210200137714e-04,3.837091888791206587e-04,0.000000000000000000e+00,0.000000000000000000e+00,0.000000000000000000e+00,0.000000000000000000e+00,0.000000000000000000e+00,1.301448937288581138e-03,3.213209886805893224e-05,3.213209886805799034e-05,3.213209886805893224e-05,3.213209886805893224e-05,4.274076603144679951e-03,8.594596487027509821e-03,2.709452587277594651e-02,1.535842378002822729e-02,0.000000000000000000e+00,8.383667787984595355e-04,8.383667787984595355e-04,6.538680466607532183e-04,4.759585549509226304e-04,3.837091888792817712e-04,0.000000000000000000e+00,0.000000000000000000e+00,0.000000000000000000e+00,0.000000000000000000e+00,3.213209886805894579e-05,1.301448937288581138e-03,3.213209886805799034e-05,3.213209886805799034e-05,3.213209886805799034e-05,3.213209886805799034e-05,2.071814342216208790e-02,2.742521142357058975e-02,2.709452587277594651e-02,1.268797673262281669e-02,3.971359247277944649e-02,8.690430594727019398e-02,7.494120329480840129e-04,6.571626668764002192e-04,4.759585549506555372e-04,3.837091888792817712e-04,4.209880880522022637e-04,0.000000000000000000e+00,0.000000000000000000e+00,0.000000000000000000e+00,0.000000000000000000e+00,3.213209886805799034e-05,3.213209886805799034e-05,3.213209886805799034e-05,3.213209886805893224e-05,3.213209886805799034e-05,7.801594035324614131e-03,7.801594035324614131e-03,2.810511157327795148e-02,2.650498835479851139e-19,2.650498835479851139e-19,8.690760056748855766e-02,7.494120329469446248e-04,0.000000000000000000e+00,0.000000000000000000e+00,3.804145686633398672e-04,0.000000000000000000e+00,0.000000000000000000e+00,0.000000000000000000e+00,0.000000000000000000e+00,8.837206842911578112e-05,3.213209886805799034e-05,3.213209886805799034e-05,3.213209886805805133e-05,3.213209886805799034e-05,3.213209886805893224e-05,3.213209886805986059e-05,2.454536003627551255e-02,1.192610592683623211e-02,4.062484643786652347e-03,8.699984993356180141e-02,8.690430594726976377e-02,7.494120329469628394e-04,6.571626668765173131e-04,0.000000000000000000e+00,3.837091888793517022e-04,4.209880880521316279e-04,0.000000000000000000e+00,0.000000000000000000e+00,0.000000000000000000e+00,0.000000000000000000e+00,3.213209886805799034e-05,3.213209886805799034e-05,3.213209886805799034e-05,3.213209886805802422e-05,3.213209886805802422e-05,9.550102033752615703e-05,0.000000000000000000e+00,1.192610592683623211e-02,0.000000000000000000e+00,8.699984993356203733e-02,9.379213240573794352e-03,9.379213240573794352e-03,6.538680466603069607e-04,4.759585549510718708e-04,3.837091888793517022e-04,0.000000000000000000e+00,0.000000000000000000e+00,0.000000000000000000e+00,0.000000000000000000e+00,0.000000000000000000e+00,3.213209886805799034e-05,3.213209886805799034e-05,3.213209886805799034e-05,3.213209886805799034e-05,3.213209886805893224e-05,3.213209886805799034e-05,0.000000000000000000e+00,5.187843470425567999e-04,6.184047108218569113e-04,0.000000000000000000e+00,3.767459942327135158e-02,7.461174127304110717e-04,6.538680466606727705e-04,5.699833586426721272e-04,3.837091888794515030e-04,0.000000000000000000e+00,0.000000000000000000e+00,0.000000000000000000e+00,0.000000000000000000e+00,0.000000000000000000e+00,3.213209886805799034e-05,3.213209886805799034e-05,3.213209886805799034e-05,3.213209886805799034e-05,3.213209886805893224e-05,3.213209886805799034e-05,0.000000000000000000e+00,0.000000000000000000e+00,0.000000000000000000e+00,0.000000000000000000e+00,0.000000000000000000e+00,7.461174127303538258e-04,6.538680466606727705e-04,6.282822222716122210e-04,3.870038090954988456e-04,0.000000000000000000e+00,0.000000000000000000e+00,0.000000000000000000e+00,0.000000000000000000e+00,0.000000000000000000e+00,3.213209886805799034e-05,3.213209886805799034e-05,3.213209886805799034e-05,3.213209886805799034e-05,3.213209886805799034e-05,3.213209886805799034e-05,0.000000000000000000e+00,0.000000000000000000e+00,0.000000000000000000e+00,0.000000000000000000e+00,8.350721585820438352e-04,8.350721585820438352e-04,6.571626668761358907e-04,4.759585549508315574e-04,4.759585549508315574e-04,0.000000000000000000e+00,0.000000000000000000e+00,0.000000000000000000e+00,0.000000000000000000e+00,0.000000000000000000e+00,0.000000000000000000e+00,3.213209886805893224e-05,3.213209886805893224e-05,3.213209886805799034e-05,3.213209886805799034e-05,3.213209886805799034e-05,0.000000000000000000e+00,0.000000000000000000e+00,0.000000000000000000e+00,0.000000000000000000e+00,0.000000000000000000e+00,8.711867226902473031e-04,6.160972313170788583e-03,5.649133008017177392e-04,0.000000000000000000e+00,0.000000000000000000e+00,0.000000000000000000e+00,0.000000000000000000e+00,0.000000000000000000e+00,0.000000000000000000e+00,0.000000000000000000e+00,1.368981999602534661e-03,3.213209886805893224e-05,3.213209886805799034e-05,3.213209886805893224e-05,0.000000000000000000e+00,0.000000000000000000e+00,8.616898596980736443e-05,0.000000000000000000e+00,0.000000000000000000e+00,0.000000000000000000e+00,0.000000000000000000e+00,6.160972313170788583e-03,1.027915293659330265e-03,0.000000000000000000e+00,0.000000000000000000e+00,0.000000000000000000e+00,0.000000000000000000e+00,0.000000000000000000e+00,0.000000000000000000e+00,0.000000000000000000e+00,0.000000000000000000e+00,3.213209886805799034e-05,3.213209886805802422e-05,3.213209886805799034e-05,3.213209886805799034e-05,0.000000000000000000e+00,3.052241608211036898e-03,0.000000000000000000e+00,0.000000000000000000e+00,0.000000000000000000e+00,0.000000000000000000e+00,0.000000000000000000e+00,0.000000000000000000e+00,0.000000000000000000e+00,0.000000000000000000e+00,0.000000000000000000e+00,0.000000000000000000e+00,0.000000000000000000e+00,0.000000000000000000e+00,0.000000000000000000e+00,0.000000000000000000e+00,0.000000000000000000e+00,1.686549322609379826e-03,3.213209886805799034e-05,3.213209886805799034e-05,0.000000000000000000e+00,3.052241608211036898e-03,0.000000000000000000e+00,0.000000000000000000e+00,0.000000000000000000e+00,0.000000000000000000e+00,1.036253020666109259e-04,0.000000000000000000e+00,0.000000000000000000e+00,0.000000000000000000e+00,0.000000000000000000e+00,0.000000000000000000e+00,0.000000000000000000e+00,0.000000000000000000e+00,0.000000000000000000e+00,0.000000000000000000e+00,0.000000000000000000e+00,0.000000000000000000e+00,3.213209886805799034e-05,2.843216606873737000e-03,2.843216606873737000e-03,0.000000000000000000e+00,0.000000000000000000e+00,0.000000000000000000e+00,0.000000000000000000e+00,0.000000000000000000e+00,0.000000000000000000e+00,0.000000000000000000e+00,0.000000000000000000e+00,0.000000000000000000e+00,0.000000000000000000e+00,0.000000000000000000e+00
0.000000000000000000e+00,0.000000000000000000e+00,0.000000000000000000e+00,0.000000000000000000e+00,0.000000000000000000e+00,5.355349811342983708e-06,5.355349811342983708e-06,5.355349811342983708e-06,0.000000000000000000e+00,0.000000000000000000e+00,2.604957436617865956e-05,2.604957436617863584e-05,2.604957436617860874e-05,2.604957436617856808e-05,2.083920798693444584e-02,0.000000000000000000e+00,0.000000000000000000e+00,0.000000000000000000e+00,0.000000000000000000e+00,0.000000000000000000e+00,0.000000000000000000e+00,0.000000000000000000e+00,0.000000000000000000e+00,0.000000000000000000e+00,5.355349811342983708e-06,5.355349811342983708e-06,5.355349811342983708e-06,5.355349811343139562e-06,0.000000000000000000e+00,0.000000000000000000e+00,2.604957436617856808e-05,2.604957436617865617e-05,2.604957436617860874e-05,2.604957436617856808e-05,3.484029241298982563e-03,0.000000000000000000e+00,0.000000000000000000e+00,0.000000000000000000e+00,0.000000000000000000e+00,0.000000000000000000e+00,0.000000000000000000e+00,0.000000000000000000e+00,0.000000000000000000e+00,5.355349811342983708e-06,4.304369301953079457e-03,5.355349811342983708e-06,5.355349811342983708e-06,0.000000000000000000e+00,0.000000000000000000e+00,2.104852363975140466e-05,2.604957436617892384e-05,2.604957436617892384e-05,2.604957436617856808e-05,2.604957436617863923e-05,0.000000000000000000e+00,9.415221680022221352e-05,0.000000000000000000e+00,0.000000000000000000e+00,0.000000000000000000e+00,0.000000000000000000e+00,0.000000000000000000e+00,0.000000000000000000e+00,0.000000000000000000e+00,2.335719227421805336e-04,4.304369301953079457e-03,5.355349811342983708e-06,5.355349811343139562e-06,5.355349811342983708e-06,0.000000000000000000e+00,0.000000000000000000e+00,2.604957436617856808e-05,2.604957436617862907e-05,0.000000000000000000e+00,0.000000000000000000e+00,0.000000000000000000e+00,9.415221680029572243e-05,0.000000000000000000e+00,0.000000000000000000e+00,0.000000000000000000e+00,0.000000000000000000e+00,0.000000000000000000e+00,0.000000000000000000e+00,5.355349811343139562e-06,5.355349811343139562e-06,4.304369301953079457e-03,5.355349811343139562e-06,5.355349811343139562e-06,5.355349811342983708e-06,2.604957436617892045e-05,0.000000000000000000e+00,6.243544971844134858e-03,2.045003497506089850e-05,0.000000000000000000e+00,0.000000000000000000e+00,1.095271111462624378e-04,7.932642582516105396e-05,7.932642582516105396e-05,0.000000000000000000e+00,0.000000000000000000e+00,0.000000000000000000e+00,0.000000000000000000e+00,0.000000000000000000e+00,5.355349811343010813e-06,5.355349811343139562e-06,5.355349811342983708e-06,5.355349811342983708e-06,5.355349811342983708e-06,5.355349811343010813e-06,3.198984596467128585e-20,0.000000000000000000e+00,2.604957436617859857e-05,0.000000000000000000e+00,0.000000000000000000e+00,1.243529021216919009e-04,1.089780077766958717e-04,9.415221680032315275e-05,0.000000000000000000e+00,0.000000000000000000e+00,0.000000000000000000e+00,0.000000000000000000e+00,0.000000000000000000e+00,0.000000000000000000e+00,5.355349811342990484e-06,5.355349811342983708e-06,5.355349811342983708e-06,5.355349811342997261e-06,5.355349811342983708e-06,5.355349811343010813e-06,2.001238038050363877e-03,2.810056692304214315e-02,0.000000000000000000e+00,0.000000000000000000e+00,1.545535874421203205e-04,1.243529021217444847e-04,1.089780077766958717e-04,9.470132017000204225e-05,6.395153147985326242e-05,0.000000000000000000e+00,0.000000000000000000e+00,0.000000000000000000e+00,0.000000000000000000e+00,0.000000000000000000e+00,7.621256380334475583e-03,5.355349811343173443e-06,5.355349811342983708e-06,5.355349811343139562e-06,5.355349811343139562e-06,7.123461005241107230e-04,6.427932424676690432e-03,1.187061163725813551e-01,9.215054268016929784e-02,0.000000000000000000e+00,1.397277964664095070e-04,1.397277964664095070e-04,1.089780077767919320e-04,7.932642582515351875e-05,6.395153147988015064e-05,0.000000000000000000e+00,0.000000000000000000e+00,0.000000000000000000e+00,0.000000000000000000e+00,5.355349811343295416e-06,7.621256380334475583e-03,5.355349811342983708e-06,5.355349811342983708e-06,5.355349811342983708e-06,5.355349811342983708e-06,3.453023903693671487e-03,1.194116220439351006e-01,1.187061163725813551e-01,7.612786039573683772e-02,6.618932078796560536e-03,1.448405099121165274e-02,1.249020054913470464e-04,1.095271111460664141e-04,7.932642582510901225e-05,6.395153147988015064e-05,8.257462285974875426e-04,0.000000000000000000e+00,0.000000000000000000e+00,0.000000000000000000e+00,0.000000000000000000e+00,5.355349811342983708e-06,5.355349811342983708e-06,5.355349811342983708e-06,5.355349811343139562e-06,5.355349811342983708e-06,1.669917714459323230e-03,1.669917714459323230e-03,1.234910229421792432e-01,4.417498059133072393e-20,4.417498059133072393e-20,1.448460009458137077e-02,1.249020054911570941e-04,0.000000000000000000e+00,0.000000000000000000e+00,6.340242811055644577e-05,0.000000000000000000e+00,0.000000000000000000e+00,0.000000000000000000e+00,0.000000000000000000e+00,3.427951671776895116e-04,5.355349811342983708e-06,5.355349811342983708e-06,5.355349811343369955e-06,5.355349811342983708e-06,5.355349811343139562e-06,5.355349811343295416e-06,1.021325137201646582e-01,2.641698906352899640e-02,2.437490786271989326e-02,1.449997498892691139e-02,1.448405099121158335e-02,1.249020054911601299e-04,1.095271111460859297e-04,0.000000000000000000e+00,6.395153147989175160e-05,8.257462285974929636e-04,0.000000000000000000e+00,0.000000000000000000e+00,0.000000000000000000e+00,0.000000000000000000e+00,5.355349811342983708e-06,5.355349811342983708e-06,5.355349811342983708e-06,5.355349811342990484e-06,5.355349811342990484e-06,3.855688786281462376e-04,0.000000000000000000e+00,2.641698906352899640e-02,0.000000000000000000e+00,1.449997498892696690e-02,1.563202206762294433e-03,1.563202206762294433e-03,1.089780077767175557e-04,7.932642582517840119e-05,6.395153147989175160e-05,0.000000000000000000e+00,0.000000000000000000e+00,0.000000000000000000e+00,0.000000000000000000e+00,0.000000000000000000e+00,5.355349811342983708e-06,5.355349811342983708e-06,5.355349811342997261e-06,5.355349811342997261e-06,5.355349811343139562e-06,5.355349811342983708e-06,0.000000000000000000e+00,3.112706082255338198e-03,3.710428264931138649e-03,0.000000000000000000e+00,6.279099903878544719e-03,1.243529021217348353e-04,1.089780077767784879e-04,1.053539459032521884e-04,6.395153147990839410e-05,0.000000000000000000e+00,0.000000000000000000e+00,0.000000000000000000e+00,0.000000000000000000e+00,0.000000000000000000e+00,5.355349811342983708e-06,5.355349811342983708e-06,5.355349811342997261e-06,5.355349811342983708e-06,5.355349811343139562e-06,5.355349811342983708e-06,0.000000000000000000e+00,0.000000000000000000e+00,0.000000000000000000e+00,0.000000000000000000e+00,0.000000000000000000e+00,1.243529021217252943e-04,1.089780077767784879e-04,4.743657456171600575e-04,6.450063484924960884e-05,0.000000000000000000e+00,0.000000000000000000e+00,0.000000000000000000e+00,0.000000000000000000e+00,0.000000000000000000e+00,5.355349811342983708e-06,5.355349811342983708e-06,5.355349811342997261e-06,5.355349811342983708e-06,5.355349811342983708e-06,5.355349811342983708e-06,0.000000000000000000e+00,0.000000000000000000e+00,0.000000000000000000e+00,0.000000000000000000e+00,1.391786930970068722e-04,1.391786930970068722e-04,1.095271111460222871e-04,7.932642582513833992e-05,7.932642582513833992e-05,0.000000000000000000e+00,0.000000000000000000e+00,0.000000000000000000e+00,0.000000000000000000e+00,0.000000000000000000e+00,0.000000000000000000e+00,5.355349811343139562e-06,5.355349811343139562e-06,5.355349811342983708e-06,5.355349811342983708e-06,5.355349811342983708e-06,0.000000000000000000e+00,0.000000000000000000e+00,0.000000000000000000e+00,0.000000000000000000e+00,0.000000000000000000e+00,8.747687618790534955e-04,3.313238498891250133e-02,9.415221680028596461e-05,0.000000000000000000e+00,0.000000000000000000e+00,0.000000000000000000e+00,0.000000000000000000e+00,0.000000000000000000e+00,0.000000000000000000e+00,0.000000000000000000e+00,8.026454754218195417e-03,5.355349811343139562e-06,5.355349811342983708e-06,5.355349811343139562e-06,0.000000000000000000e+00,0.000000000000000000e+00,5.170139158188438071e-04,0.000000000000000000e+00,0.000000000000000000e+00,0.000000000000000000e+00,0.000000000000000000e+00,3.313238498891250133e-02,2.872164173944714068e-03,0.000000000000000000e+00,0.000000000000000000e+00,0.000000000000000000e+00,0.000000000000000000e+00,0.000000000000000000e+00,0.000000000000000000e+00,0.000000000000000000e+00,0.000000000000000000e+00,5.355349811342983708e-06,5.355349811342990484e-06,5.355349811342983708e-06,5.355349811342983708e-06,0.000000000000000000e+00,1.831344964926620925e-02,0.000000000000000000e+00,0.000000000000000000e+00,0.000000000000000000e+00,0.000000000000000000e+00,0.000000000000000000e+00,0.000000000000000000e+00,0.000000000000000000e+00,0.000000000000000000e+00,0.000000000000000000e+00,0.000000000000000000e+00,0.000000000000000000e+00,0.000000000000000000e+00,0.000000000000000000e+00,0.000000000000000000e+00,0.000000000000000000e+00,9.931858692259265542e-03,5.355349811342983708e-06,5.355349811342983708e-06,0.000000000000000000e+00,1.831344964926620925e-02,0.000000000000000000e+00,0.000000000000000000e+00,0.000000000000000000e+00,0.000000000000000000e+00,6.217518123996651491e-04,0.000000000000000000e+00,0.000000000000000000e+00,0.000000000000000000e+00,0.000000000000000000e+00,0.000000000000000000e+00,0.000000000000000000e+00,0.000000000000000000e+00,0.000000000000000000e+00,0.000000000000000000e+00,0.000000000000000000e+00,0.000000000000000000e+00,5.355349811342983708e-06,1.687186239784540728e-02,1.687186239784540728e-02,0.000000000000000000e+00,0.000000000000000000e+00,0.000000000000000000e+00,0.000000000000000000e+00,0.000000000000000000e+00,0.000000000000000000e+00,0.000000000000000000e+00,0.000000000000000000e+00,0.000000000000000000e+00,0.000000000000000000e+00,0.000000000000000000e+00
0.000000000000000000e+00,0.000000000000000000e+00,0.000000000000000000e+00,0.000000000000000000e+00,0.000000000000000000e+00,0.000000000000000000e+00,0.000000000000000000e+00,0.000000000000000000e+00,0.000000000000000000e+00,0.000000000000000000e+00,1.302478718308931453e-05,1.302478718308929759e-05,1.598020233164458136e-03,1.595587967164433484e-03,1.041960399346721078e-02,0.000000000000000000e+00,0.000000000000000000e+00,0.000000000000000000e+00,0.000000000000000000e+00,0.000000000000000000e+00,0.000000000000000000e+00,0.000000000000000000e+00,0.000000000000000000e+00,0.000000000000000000e+00,0.000000000000000000e+00,0.000000000000000000e+00,0.000000000000000000e+00,0.000000000000000000e+00,0.000000000000000000e+00,0.000000000000000000e+00,1.302478718308926710e-05,1.302478718308930776e-05,1.598020233164458136e-03,1.359092101259604547e-03,1.787155478789243402e-03,0.000000000000000000e+00,0.000000000000000000e+00,0.000000000000000000e+00,0.000000000000000000e+00,0.000000000000000000e+00,0.000000000000000000e+00,0.000000000000000000e+00,0.000000000000000000e+00,0.000000000000000000e+00,0.000000000000000000e+00,0.000000000000000000e+00,0.000000000000000000e+00,0.000000000000000000e+00,0.000000000000000000e+00,1.052426181987568878e-05,1.302478718308944667e-05,1.302478718308944667e-05,1.595587967164433484e-03,1.302478718308930098e-05,4.514085813975501378e-05,2.603209588386846268e-02,0.000000000000000000e+00,0.000000000000000000e+00,0.000000000000000000e+00,0.000000000000000000e+00,0.000000000000000000e+00,0.000000000000000000e+00,0.000000000000000000e+00,0.000000000000000000e+00,0.000000000000000000e+00,0.000000000000000000e+00,0.000000000000000000e+00,0.000000000000000000e+00,0.000000000000000000e+00,0.000000000000000000e+00,1.302478718308926710e-05,1.302478718308929421e-05,0.000000000000000000e+00,4.514085813975451911e-05,4.514085813975501378e-05,4.514085813975451911e-05,0.000000000000000000e+00,0.000000000000000000e+00,0.000000000000000000e+00,0.000000000000000000e+00,0.000000000000000000e+00,0.000000000000000000e+00,0.000000000000000000e+00,0.000000000000000000e+00,0.000000000000000000e+00,0.000000000000000000e+00,0.000000000000000000e+00,0.000000000000000000e+00,1.302478718308943989e-05,0.000000000000000000e+00,3.121772485922063092e-03,9.378896420008336985e-04,0.000000000000000000e+00,0.000000000000000000e+00,4.514085813975501378e-05,4.514085813975451911e-05,4.514085813975451911e-05,0.000000000000000000e+00,0.000000000000000000e+00,0.000000000000000000e+00,0.000000000000000000e+00,0.000000000000000000e+00,1.456203842865268096e-05,0.000000000000000000e+00,0.000000000000000000e+00,0.000000000000000000e+00,0.000000000000000000e+00,0.000000000000000000e+00,1.599492298233562186e-20,0.000000000000000000e+00,1.302478718308928404e-05,0.000000000000000000e+00,0.000000000000000000e+00,4.514085813975453267e-05,4.514085813975451911e-05,4.514085813975451911e-05,4.514085813975451911e-05,0.000000000000000000e+00,0.000000000000000000e+00,0.000000000000000000e+00,0.000000000000000000e+00,0.000000000000000000e+00,0.000000000000000000e+00,0.000000000000000000e+00,0.000000000000000000e+00,7.990677370946016297e-21,0.000000000000000000e+00,0.000000000000000000e+00,1.000619019025180637e-03,1.405028346152105076e-02,0.000000000000000000e+00,0.000000000000000000e+00,0.000000000000000000e+00,4.514085813975506799e-05,4.514085813975451911e-05,4.514085813975559654e-05,4.514085813975451911e-05,0.000000000000000000e+00,0.000000000000000000e+00,0.000000000000000000e+00,0.000000000000000000e+00,0.000000000000000000e+00,3.807950515261560899e-03,1.633406348429300295e-20,0.000000000000000000e+00,0.000000000000000000e+00,0.000000000000000000e+00,0.000000000000000000e+00,1.563639692844714935e-02,1.393906064243751464e-01,6.971211971181191791e-02,0.000000000000000000e+00,0.000000000000000000e+00,0.000000000000000000e+00,4.514085813975451911e-05,4.514085813975451911e-05,4.514085813975451911e-05,0.000000000000000000e+00,0.000000000000000000e+00,0.000000000000000000e+00,0.000000000000000000e+00,4.514085813975460043e-05,3.807950515261560899e-03,0.000000000000000000e+00,0.000000000000000000e+00,0.000000000000000000e+00,0.000000000000000000e+00,0.000000000000000000e+00,1.315358011694513496e-01,1.393906064243751464e-01,8.727886491259996549e-02,0.000000000000000000e+00,0.000000000000000000e+00,4.514085813975451911e-05,4.514085813975463431e-05,1.417787842722628353e-02,4.514085813975451911e-05,1.279802993303138983e-03,0.000000000000000000e+00,0.000000000000000000e+00,0.000000000000000000e+00,0.000000000000000000e+00,0.000000000000000000e+00,0.000000000000000000e+00,0.000000000000000000e+00,0.000000000000000000e+00,0.000000000000000000e+00,1.901067644084012136e-04,1.901067644084012136e-04,1.420002621801965681e-01,0.000000000000000000e+00,0.000000000000000000e+00,0.000000000000000000e+00,4.514085813975451911e-05,4.514085813975451911e-05,4.514085813975451911e-05,4.514085813975565075e-05,0.000000000000000000e+00,0.000000000000000000e+00,0.000000000000000000e+00,0.000000000000000000e+00,1.687199086831730674e-04,0.000000000000000000e+00,0.000000000000000000e+00,1.954126437434186798e-19,0.000000000000000000e+00,0.000000000000000000e+00,0.000000000000000000e+00,9.627857025381383882e-02,5.612125180204345642e-02,5.877638693658186753e-02,0.000000000000000000e+00,0.000000000000000000e+00,4.514085813975451911e-05,4.514085813975451911e-05,4.514085813975501378e-05,4.514085813975453944e-05,4.337256538711398352e-04,0.000000000000000000e+00,0.000000000000000000e+00,0.000000000000000000e+00,0.000000000000000000e+00,0.000000000000000000e+00,0.000000000000000000e+00,0.000000000000000000e+00,3.674810114578992456e-19,3.674810114578992456e-19,1.131343145135634129e-03,0.000000000000000000e+00,5.612125180204345642e-02,0.000000000000000000e+00,0.000000000000000000e+00,0.000000000000000000e+00,0.000000000000000000e+00,4.514085813975489181e-05,4.514085813975451911e-05,4.514085813975453944e-05,0.000000000000000000e+00,0.000000000000000000e+00,0.000000000000000000e+00,0.000000000000000000e+00,0.000000000000000000e+00,0.000000000000000000e+00,0.000000000000000000e+00,7.990677370946016297e-21,8.776202929490284334e-21,0.000000000000000000e+00,0.000000000000000000e+00,9.412363807272328608e-04,1.556353041127666714e-03,1.855214132465566722e-03,0.000000000000000000e+00,0.000000000000000000e+00,4.514085813975451911e-05,4.514085813975453944e-05,5.046717100634102847e-05,4.514085813975451911e-05,0.000000000000000000e+00,0.000000000000000000e+00,0.000000000000000000e+00,0.000000000000000000e+00,0.000000000000000000e+00,0.000000000000000000e+00,0.000000000000000000e+00,7.990677370946016297e-21,0.000000000000000000e+00,0.000000000000000000e+00,0.000000000000000000e+00,0.000000000000000000e+00,0.000000000000000000e+00,0.000000000000000000e+00,0.000000000000000000e+00,0.000000000000000000e+00,4.371620499724618484e-21,4.514085813975453944e-05,2.352476225481557191e-04,4.514085813975456655e-05,0.000000000000000000e+00,0.000000000000000000e+00,0.000000000000000000e+00,0.000000000000000000e+00,0.000000000000000000e+00,0.000000000000000000e+00,0.000000000000000000e+00,7.990677370946016297e-21,0.000000000000000000e+00,0.000000000000000000e+00,0.000000000000000000e+00,0.000000000000000000e+00,0.000000000000000000e+00,0.000000000000000000e+00,0.000000000000000000e+00,0.000000000000000000e+00,0.000000000000000000e+00,2.700714564809205808e-03,4.514085813975491891e-05,4.514085813975491891e-05,0.000000000000000000e+00,0.000000000000000000e+00,0.000000000000000000e+00,0.000000000000000000e+00,0.000000000000000000e+00,0.000000000000000000e+00,0.000000000000000000e+00,0.000000000000000000e+00,0.000000000000000000e+00,0.000000000000000000e+00,0.000000000000000000e+00,0.000000000000000000e+00,0.000000000000000000e+00,0.000000000000000000e+00,0.000000000000000000e+00,0.000000000000000000e+00,3.752079298786346103e-04,1.651142893888319502e-02,0.000000000000000000e+00,0.000000000000000000e+00,0.000000000000000000e+00,0.000000000000000000e+00,0.000000000000000000e+00,0.000000000000000000e+00,0.000000000000000000e+00,0.000000000000000000e+00,4.010549702203420816e-03,0.000000000000000000e+00,0.000000000000000000e+00,0.000000000000000000e+00,0.000000000000000000e+00,0.000000000000000000e+00,2.585069579094215241e-04,0.000000000000000000e+00,0.000000000000000000e+00,0.000000000000000000e+00,0.000000000000000000e+00,1.651142893888319502e-02,1.389005978572194211e-03,0.000000000000000000e+00,0.000000000000000000e+00,0.000000000000000000e+00,0.000000000000000000e+00,0.000000000000000000e+00,0.000000000000000000e+00,0.000000000000000000e+00,0.000000000000000000e+00,0.000000000000000000e+00,0.000000000000000000e+00,0.000000000000000000e+00,0.000000000000000000e+00,0.000000000000000000e+00,9.156724824633092480e-03,0.000000000000000000e+00,0.000000000000000000e+00,0.000000000000000000e+00,0.000000000000000000e+00,1.966082380779493599e-02,0.000000000000000000e+00,0.000000000000000000e+00,0.000000000000000000e+00,0.000000000000000000e+00,0.000000000000000000e+00,0.000000000000000000e+00,0.000000000000000000e+00,0.000000000000000000e+00,0.000000000000000000e+00,0.000000000000000000e+00,4.963251671223954144e-03,0.000000000000000000e+00,2.357940459291025886e-04,0.000000000000000000e+00,9.156724824633092480e-03,0.000000000000000000e+00,0.000000000000000000e+00,0.000000000000000000e+00,0.000000000000000000e+00,3.108759061998321409e-04,0.000000000000000000e+00,0.000000000000000000e+00,0.000000000000000000e+00,0.000000000000000000e+00,0.000000000000000000e+00,0.000000000000000000e+00,0.000000000000000000e+00,0.000000000000000000e+00,0.000000000000000000e+00,0.000000000000000000e+00,0.000000000000000000e+00,0.000000000000000000e+00,8.433253524017020678e-03,8.433253524017020678e-03,0.000000000000000000e+00,0.000000000000000000e+00,0.000000000000000000e+00,0.000000000000000000e+00,0.000000000000000000e+00,0.000000000000000000e+00,0.000000000000000000e+00,0.000000000000000000e+00,0.000000000000000000e+00,0.000000000000000000e+00,0.000000000000000000e+00
0.000000000000000000e+00,0.000000000000000000e+00,0.000000000000000000e+00,0.000000000000000000e+00,0.000000000000000000e+00,0.000000000000000000e+00,0.000000000000000000e+00,0.000000000000000000e+00,0.000000000000000000e+00,0.000000000000000000e+00,0.000000000000000000e+00,0.000000000000000000e+00,1.981244307476709085e-03,2.206677921562446437e-02,3.875479968469679702e-03,0.000000000000000000e+00,0.000000000000000000e+00,0.000000000000000000e+00,0.000000000000000000e+00,0.000000000000000000e+00,0.000000000000000000e+00,0.000000000000000000e+00,0.000000000000000000e+00,0.000000000000000000e+00,0.000000000000000000e+00,0.000000000000000000e+00,0.000000000000000000e+00,0.000000000000000000e+00,0.000000000000000000e+00,0.000000000000000000e+00,0.000000000000000000e+00,2.032607125343495122e-02,1.981244307476709085e-03,1.710952389661973220e-03,3.931906041144372400e-03,0.000000000000000000e+00,0.000000000000000000e+00,0.000000000000000000e+00,0.000000000000000000e+00,0.000000000000000000e+00,0.000000000000000000e+00,0.000000000000000000e+00,0.000000000000000000e+00,0.000000000000000000e+00,0.000000000000000000e+00,0.000000000000000000e+00,0.000000000000000000e+00,0.000000000000000000e+00,0.000000000000000000e+00,0.000000000000000000e+00,0.000000000000000000e+00,0.000000000000000000e+00,1.978203974976678811e-03,2.836824706633046819e-05,8.479431974102418629e-05,3.479291624903940033e-02,0.000000000000000000e+00,0.000000000000000000e+00,0.000000000000000000e+00,0.000000000000000000e+00,0.000000000000000000e+00,0.000000000000000000e+00,0.000000000000000000e+00,0.000000000000000000e+00,0.000000000000000000e+00,0.000000000000000000e+00,0.000000000000000000e+00,0.000000000000000000e+00,0.000000000000000000e+00,0.000000000000000000e+00,0.000000000000000000e+00,2.340964419485953851e-02,0.000000000000000000e+00,8.479431974102356287e-05,8.479431974102418629e-05,8.479431974102356287e-05,0.000000000000000000e+00,0.000000000000000000e+00,0.000000000000000000e+00,0.000000000000000000e+00,0.000000000000000000e+00,0.000000000000000000e+00,0.000000000000000000e+00,0.000000000000000000e+00,0.000000000000000000e+00,0.000000000000000000e+00,0.000000000000000000e+00,0.000000000000000000e+00,0.000000000000000000e+00,0.000000000000000000e+00,1.657003848071972449e-04,1.159580780641627845e-03,0.000000000000000000e+00,0.000000000000000000e+00,8.479431974102512141e-05,8.479431974102356287e-05,8.479431974102356287e-05,0.000000000000000000e+00,0.000000000000000000e+00,0.000000000000000000e+00,0.000000000000000000e+00,0.000000000000000000e+00,1.820254803581583468e-05,0.000000000000000000e+00,0.000000000000000000e+00,0.000000000000000000e+00,0.000000000000000000e+00,0.000000000000000000e+00,0.000000000000000000e+00,0.000000000000000000e+00,4.607098196351982859e-03,0.000000000000000000e+00,0.000000000000000000e+00,8.479431974102375261e-05,8.479431974102390169e-05,8.479431974102356287e-05,8.479431974102356287e-05,0.000000000000000000e+00,0.000000000000000000e+00,0.000000000000000000e+00,0.000000000000000000e+00,0.000000000000000000e+00,0.000000000000000000e+00,0.000000000000000000e+00,0.000000000000000000e+00,0.000000000000000000e+00,0.000000000000000000e+00,0.000000000000000000e+00,0.000000000000000000e+00,0.000000000000000000e+00,1.068653831878020382e-03,0.000000000000000000e+00,0.000000000000000000e+00,5.642607267469378247e-05,8.479431974102390169e-05,8.479431974102491813e-05,8.479431974102356287e-05,0.000000000000000000e+00,0.000000000000000000e+00,0.000000000000000000e+00,0.000000000000000000e+00,0.000000000000000000e+00,0.000000000000000000e+00,0.000000000000000000e+00,0.000000000000000000e+00,0.000000000000000000e+00,0.000000000000000000e+00,0.000000000000000000e+00,2.005123375359355378e-02,1.140588494688400678e-01,4.416399342351631785e-02,0.000000000000000000e+00,0.000000000000000000e+00,0.000000000000000000e+00,5.642607267469309807e-05,8.479431974102361708e-05,8.479431974102356287e-05,0.000000000000000000e+00,0.000000000000000000e+00,0.000000000000000000e+00,0.000000000000000000e+00,5.642607267469309807e-05,0.000000000000000000e+00,0.000000000000000000e+00,0.000000000000000000e+00,0.000000000000000000e+00,0.000000000000000000e+00,0.000000000000000000e+00,1.192766271888959645e-01,1.140588494688400678e-01,7.723079433470123045e-02,0.000000000000000000e+00,0.000000000000000000e+00,5.642607267469309807e-05,5.642607267469324037e-05,1.775071628109917143e-02,8.479431974102356287e-05,1.114022746964703084e-03,0.000000000000000000e+00,0.000000000000000000e+00,0.000000000000000000e+00,0.000000000000000000e+00,0.000000000000000000e+00,0.000000000000000000e+00,0.000000000000000000e+00,0.000000000000000000e+00,0.000000000000000000e+00,0.000000000000000000e+00,0.000000000000000000e+00,1.408671553282424549e-01,0.000000000000000000e+00,0.000000000000000000e+00,0.000000000000000000e+00,5.642607267469309807e-05,5.642607267469309807e-05,5.642607267469309807e-05,5.642607267469451431e-05,0.000000000000000000e+00,0.000000000000000000e+00,0.000000000000000000e+00,0.000000000000000000e+00,0.000000000000000000e+00,0.000000000000000000e+00,0.000000000000000000e+00,4.600099598114919938e-20,0.000000000000000000e+00,0.000000000000000000e+00,0.000000000000000000e+00,8.116028557574296587e-02,6.643032587081444673e-02,5.823616625652736079e-02,0.000000000000000000e+00,0.000000000000000000e+00,5.642607267469309807e-05,5.642607267469309807e-05,5.642607267469371471e-05,5.642607267469313195e-05,5.642607267469390445e-05,0.000000000000000000e+00,0.000000000000000000e+00,0.000000000000000000e+00,0.000000000000000000e+00,0.000000000000000000e+00,0.000000000000000000e+00,0.000000000000000000e+00,4.593512643223736598e-19,4.593512643223736598e-19,1.176545475909040019e-03,4.114418279269070437e-03,6.643032587081444673e-02,3.509457049691398246e-03,0.000000000000000000e+00,0.000000000000000000e+00,0.000000000000000000e+00,5.642607267469356563e-05,5.642607267469309807e-05,5.642607267469313195e-05,0.000000000000000000e+00,0.000000000000000000e+00,0.000000000000000000e+00,0.000000000000000000e+00,0.000000000000000000e+00,0.000000000000000000e+00,0.000000000000000000e+00,0.000000000000000000e+00,9.819069481803331645e-22,0.000000000000000000e+00,0.000000000000000000e+00,4.269806562448896607e-03,5.174634678060000312e-20,0.000000000000000000e+00,0.000000000000000000e+00,0.000000000000000000e+00,5.642607267469309807e-05,5.642607267469313195e-05,5.642607267469309807e-05,5.642607267469309807e-05,0.000000000000000000e+00,0.000000000000000000e+00,0.000000000000000000e+00,0.000000000000000000e+00,0.000000000000000000e+00,0.000000000000000000e+00,0.000000000000000000e+00,0.000000000000000000e+00,0.000000000000000000e+00,1.036861058111858067e-02,0.000000000000000000e+00,8.996843152747221962e-05,0.000000000000000000e+00,0.000000000000000000e+00,0.000000000000000000e+00,0.000000000000000000e+00,5.464525624655768027e-21,5.642607267469313195e-05,5.642607267469313195e-05,5.642607267469315906e-05,0.000000000000000000e+00,0.000000000000000000e+00,0.000000000000000000e+00,0.000000000000000000e+00,0.000000000000000000e+00,0.000000000000000000e+00,0.000000000000000000e+00,0.000000000000000000e+00,3.042694594726300193e-03,3.042694594726300193e-03,0.000000000000000000e+00,0.000000000000000000e+00,0.000000000000000000e+00,0.000000000000000000e+00,0.000000000000000000e+00,0.000000000000000000e+00,0.000000000000000000e+00,3.375893206011504333e-03,5.642607267469360629e-05,5.642607267469360629e-05,0.000000000000000000e+00,0.000000000000000000e+00,0.000000000000000000e+00,0.000000000000000000e+00,0.000000000000000000e+00,0.000000000000000000e+00,0.000000000000000000e+00,0.000000000000000000e+00,0.000000000000000000e+00,0.000000000000000000e+00,0.000000000000000000e+00,0.000000000000000000e+00,0.000000000000000000e+00,0.000000000000000000e+00,0.000000000000000000e+00,0.000000000000000000e+00,0.000000000000000000e+00,0.000000000000000000e+00,0.000000000000000000e+00,0.000000000000000000e+00,0.000000000000000000e+00,0.000000000000000000e+00,0.000000000000000000e+00,0.000000000000000000e+00,0.000000000000000000e+00,0.000000000000000000e+00,7.409517260624896677e-03,0.000000000000000000e+00,0.000000000000000000e+00,2.836824706633140670e-05,0.000000000000000000e+00,0.000000000000000000e+00,0.000000000000000000e+00,0.000000000000000000e+00,0.000000000000000000e+00,0.000000000000000000e+00,0.000000000000000000e+00,0.000000000000000000e+00,4.291845226924153266e-04,0.000000000000000000e+00,0.000000000000000000e+00,0.000000000000000000e+00,0.000000000000000000e+00,0.000000000000000000e+00,0.000000000000000000e+00,0.000000000000000000e+00,0.000000000000000000e+00,0.000000000000000000e+00,2.836824706633046819e-05,2.836824706633046819e-05,3.537825296757726983e-03,0.000000000000000000e+00,0.000000000000000000e+00,0.000000000000000000e+00,0.000000000000000000e+00,0.000000000000000000e+00,0.000000000000000000e+00,2.500521428243606542e-02,0.000000000000000000e+00,0.000000000000000000e+00,0.000000000000000000e+00,0.000000000000000000e+00,0.000000000000000000e+00,0.000000000000000000e+00,0.000000000000000000e+00,0.000000000000000000e+00,0.000000000000000000e+00,0.000000000000000000e+00,3.097609908666263952e-04,2.836824706633046819e-05,7.617421610131063165e-04,0.000000000000000000e+00,0.000000000000000000e+00,0.000000000000000000e+00,0.000000000000000000e+00,0.000000000000000000e+00,4.291845226924153266e-04,4.291845226924153266e-04,0.000000000000000000e+00,0.000000000000000000e+00,0.000000000000000000e+00,0.000000000000000000e+00,0.000000000000000000e+00,0.000000000000000000e+00,0.000000000000000000e+00,0.000000000000000000e+00,0.000000000000000000e+00,0.000000000000000000e+00,0.000000000000000000e+00,3.660229187782824858e-04,5.658186962647944864e-06,5.658186962647944864e-06,0.000000000000000000e+00,0.000000000000000000e+00,0.000000000000000000e+00,0.000000000000000000e+00,4.291845226924154350e-04,0.000000000000000000e+00,0.000000000000000000e+00,0.000000000000000000e+00,0.000000000000000000e+00,0.000000000000000000e+00,0.000000000000000000e+00
0.000000000000000000e+00,0.000000000000000000e+00,0.000000000000000000e+00,0.000000000000000000e+00,0.000000000000000000e+00,0.000000000000000000e+00,0.000000000000000000e+00,0.000000000000000000e+00,0.000000000000000000e+00,0.000000000000000000e+00,0.000000000000000000e+00,0.000000000000000000e+00,0.000000000000000000e+00,7.031001334226720523e-02,1.356417988964386985e-02,0.000000000000000000e+00,0.000000000000000000e+00,0.000000000000000000e+00,0.000000000000000000e+00,0.000000000000000000e+00,0.000000000000000000e+00,0.000000000000000000e+00,0.000000000000000000e+00,0.000000000000000000e+00,0.000000000000000000e+00,0.000000000000000000e+00,0.000000000000000000e+00,0.000000000000000000e+00,0.000000000000000000e+00,0.000000000000000000e+00,0.000000000000000000e+00,7.114124938702227896e-02,0.000000000000000000e+00,9.928886473215684026e-05,1.356417988964386985e-02,0.000000000000000000e+00,0.000000000000000000e+00,0.000000000000000000e+00,0.000000000000000000e+00,0.000000000000000000e+00,0.000000000000000000e+00,0.000000000000000000e+00,0.000000000000000000e+00,0.000000000000000000e+00,0.000000000000000000e+00,0.000000000000000000e+00,0.000000000000000000e+00,0.000000000000000000e+00,0.000000000000000000e+00,0.000000000000000000e+00,0.000000000000000000e+00,0.000000000000000000e+00,0.000000000000000000e+00,9.928886473215658276e-05,9.928886473215658276e-05,7.884787379713469740e-03,0.000000000000000000e+00,0.000000000000000000e+00,0.000000000000000000e+00,0.000000000000000000e+00,0.000000000000000000e+00,0.000000000000000000e+00,0.000000000000000000e+00,0.000000000000000000e+00,0.000000000000000000e+00,0.000000000000000000e+00,0.000000000000000000e+00,0.000000000000000000e+00,0.000000000000000000e+00,0.000000000000000000e+00,0.000000000000000000e+00,8.193375468200833622e-02,0.000000000000000000e+00,9.928886473215658276e-05,9.928886473215658276e-05,9.928886473215658276e-05,0.000000000000000000e+00,0.000000000000000000e+00,0.000000000000000000e+00,0.000000000000000000e+00,0.000000000000000000e+00,0.000000000000000000e+00,0.000000000000000000e+00,0.000000000000000000e+00,0.000000000000000000e+00,0.000000000000000000e+00,0.000000000000000000e+00,0.000000000000000000e+00,0.000000000000000000e+00,0.000000000000000000e+00,5.799513468251899775e-04,0.000000000000000000e+00,0.000000000000000000e+00,0.000000000000000000e+00,9.928886473215986247e-05,9.928886473215658276e-05,9.928886473215658276e-05,0.000000000000000000e+00,0.000000000000000000e+00,0.000000000000000000e+00,0.000000000000000000e+00,0.000000000000000000e+00,0.000000000000000000e+00,0.000000000000000000e+00,0.000000000000000000e+00,0.000000000000000000e+00,0.000000000000000000e+00,0.000000000000000000e+00,0.000000000000000000e+00,0.000000000000000000e+00,1.612484368723193090e-02,0.000000000000000000e+00,0.000000000000000000e+00,9.928886473215715197e-05,9.928886473215774828e-05,9.928886473215658276e-05,9.928886473215658276e-05,0.000000000000000000e+00,0.000000000000000000e+00,0.000000000000000000e+00,0.000000000000000000e+00,0.000000000000000000e+00,0.000000000000000000e+00,0.000000000000000000e+00,0.000000000000000000e+00,0.000000000000000000e+00,0.000000000000000000e+00,0.000000000000000000e+00,0.000000000000000000e+00,0.000000000000000000e+00,3.740288411573068628e-03,0.000000000000000000e+00,0.000000000000000000e+00,0.000000000000000000e+00,9.928886473215774828e-05,9.928886473215658276e-05,9.928886473215658276e-05,0.000000000000000000e+00,0.000000000000000000e+00,0.000000000000000000e+00,0.000000000000000000e+00,0.000000000000000000e+00,0.000000000000000000e+00,0.000000000000000000e+00,0.000000000000000000e+00,0.000000000000000000e+00,0.000000000000000000e+00,0.000000000000000000e+00,1.300995584850842338e-02,4.630038467031596244e-02,5.116276535600007558e-02,0.000000000000000000e+00,0.000000000000000000e+00,0.000000000000000000e+00,0.000000000000000000e+00,9.928886473215677250e-05,9.928886473215658276e-05,0.000000000000000000e+00,0.000000000000000000e+00,0.000000000000000000e+00,0.000000000000000000e+00,0.000000000000000000e+00,0.000000000000000000e+00,0.000000000000000000e+00,0.000000000000000000e+00,0.000000000000000000e+00,0.000000000000000000e+00,0.000000000000000000e+00,1.003907603598011150e-01,4.630038467031596244e-02,5.499244079450373718e-02,0.000000000000000000e+00,0.000000000000000000e+00,0.000000000000000000e+00,0.000000000000000000e+00,9.928886473215658276e-05,9.928886473215658276e-05,0.000000000000000000e+00,0.000000000000000000e+00,0.000000000000000000e+00,0.000000000000000000e+00,0.000000000000000000e+00,0.000000000000000000e+00,0.000000000000000000e+00,0.000000000000000000e+00,0.000000000000000000e+00,0.000000000000000000e+00,0.000000000000000000e+00,0.000000000000000000e+00,1.390992813904125269e-01,0.000000000000000000e+00,0.000000000000000000e+00,0.000000000000000000e+00,0.000000000000000000e+00,0.000000000000000000e+00,0.000000000000000000e+00,0.000000000000000000e+00,0.000000000000000000e+00,0.000000000000000000e+00,0.000000000000000000e+00,0.000000000000000000e+00,0.000000000000000000e+00,0.000000000000000000e+00,0.000000000000000000e+00,1.610034859340220744e-19,0.000000000000000000e+00,0.000000000000000000e+00,0.000000000000000000e+00,8.343590051143179309e-02,4.194159958428716334e-02,0.000000000000000000e+00,0.000000000000000000e+00,0.000000000000000000e+00,0.000000000000000000e+00,0.000000000000000000e+00,0.000000000000000000e+00,0.000000000000000000e+00,0.000000000000000000e+00,0.000000000000000000e+00,0.000000000000000000e+00,0.000000000000000000e+00,0.000000000000000000e+00,0.000000000000000000e+00,0.000000000000000000e+00,0.000000000000000000e+00,0.000000000000000000e+00,0.000000000000000000e+00,0.000000000000000000e+00,1.440046397744173916e-02,4.194159958428716334e-02,1.228309967391988736e-02,0.000000000000000000e+00,0.000000000000000000e+00,0.000000000000000000e+00,0.000000000000000000e+00,0.000000000000000000e+00,0.000000000000000000e+00,0.000000000000000000e+00,0.000000000000000000e+00,0.000000000000000000e+00,0.000000000000000000e+00,0.000000000000000000e+00,0.000000000000000000e+00,0.000000000000000000e+00,0.000000000000000000e+00,0.000000000000000000e+00,0.000000000000000000e+00,0.000000000000000000e+00,1.082641380288949101e-02,1.811122137320998845e-19,0.000000000000000000e+00,0.000000000000000000e+00,0.000000000000000000e+00,0.000000000000000000e+00,0.000000000000000000e+00,0.000000000000000000e+00,0.000000000000000000e+00,0.000000000000000000e+00,0.000000000000000000e+00,0.000000000000000000e+00,0.000000000000000000e+00,0.000000000000000000e+00,0.000000000000000000e+00,0.000000000000000000e+00,0.000000000000000000e+00,0.000000000000000000e+00,3.629013703391500978e-02,0.000000000000000000e+00,3.148895103461525993e-04,0.000000000000000000e+00,0.000000000000000000e+00,0.000000000000000000e+00,0.000000000000000000e+00,0.000000000000000000e+00,0.000000000000000000e+00,0.000000000000000000e+00,0.000000000000000000e+00,0.000000000000000000e+00,0.000000000000000000e+00,0.000000000000000000e+00,0.000000000000000000e+00,0.000000000000000000e+00,0.000000000000000000e+00,0.000000000000000000e+00,0.000000000000000000e+00,1.064943108154204308e-02,1.064943108154204308e-02,0.000000000000000000e+00,0.000000000000000000e+00,0.000000000000000000e+00,0.000000000000000000e+00,0.000000000000000000e+00,0.000000000000000000e+00,0.000000000000000000e+00,0.000000000000000000e+00,0.000000000000000000e+00,0.000000000000000000e+00,0.000000000000000000e+00,0.000000000000000000e+00,0.000000000000000000e+00,0.000000000000000000e+00,0.000000000000000000e+00,0.000000000000000000e+00,0.000000000000000000e+00,0.000000000000000000e+00,0.000000000000000000e+00,0.000000000000000000e+00,0.000000000000000000e+00,0.000000000000000000e+00,0.000000000000000000e+00,0.000000000000000000e+00,0.000000000000000000e+00,0.000000000000000000e+00,0.000000000000000000e+00,0.000000000000000000e+00,0.000000000000000000e+00,0.000000000000000000e+00,0.000000000000000000e+00,0.000000000000000000e+00,0.000000000000000000e+00,0.000000000000000000e+00,0.000000000000000000e+00,0.000000000000000000e+00,2.593331041218711885e-02,0.000000000000000000e+00,0.000000000000000000e+00,9.928886473215986247e-05,0.000000000000000000e+00,0.000000000000000000e+00,0.000000000000000000e+00,0.000000000000000000e+00,0.000000000000000000e+00,0.000000000000000000e+00,0.000000000000000000e+00,0.000000000000000000e+00,1.502145829423452749e-03,0.000000000000000000e+00,0.000000000000000000e+00,0.000000000000000000e+00,0.000000000000000000e+00,0.000000000000000000e+00,0.000000000000000000e+00,0.000000000000000000e+00,0.000000000000000000e+00,0.000000000000000000e+00,9.928886473215658276e-05,9.928886473215658276e-05,1.238238853865203729e-02,0.000000000000000000e+00,0.000000000000000000e+00,0.000000000000000000e+00,0.000000000000000000e+00,0.000000000000000000e+00,0.000000000000000000e+00,1.502145829423452749e-03,0.000000000000000000e+00,0.000000000000000000e+00,0.000000000000000000e+00,0.000000000000000000e+00,0.000000000000000000e+00,0.000000000000000000e+00,0.000000000000000000e+00,0.000000000000000000e+00,0.000000000000000000e+00,0.000000000000000000e+00,1.084163468033191597e-03,9.928886473215658276e-05,1.634498612606047991e-03,0.000000000000000000e+00,0.000000000000000000e+00,0.000000000000000000e+00,0.000000000000000000e+00,0.000000000000000000e+00,1.502145829423452749e-03,1.502145829423452749e-03,0.000000000000000000e+00,0.000000000000000000e+00,0.000000000000000000e+00,0.000000000000000000e+00,0.000000000000000000e+00,0.000000000000000000e+00,0.000000000000000000e+00,0.000000000000000000e+00,0.000000000000000000e+00,0.000000000000000000e+00,0.000000000000000000e+00,1.281080215723987914e-03,1.980365436926779347e-05,1.980365436926779347e-05,0.000000000000000000e+00,0.000000000000000000e+00,0.000000000000000000e+00,0.000000000000000000e+00,1.502145829423452966e-03,0.000000000000000000e+00,0.000000000000000000e+00,0.000000000000000000e+00,0.000000000000000000e+00,0.000000000000000000e+00,0.000000000000000000e+00
0.000000000000000000e+00,0.000000000000000000e+00,0.000000000000000000e+00,0.000000000000000000e+00,0.000000000000000000e+00,3.187648611877320903e-03,0.000000000000000000e+00,8.706570512852821615e-20,0.000000000000000000e+00,0.000000000000000000e+00,0.000000000000000000e+00,0.000000000000000000e+00,0.000000000000000000e+00,2.008857524064772138e-02,3.875479968469668426e-03,0.000000000000000000e+00,0.000000000000000000e+00,0.000000000000000000e+00,0.000000000000000000e+00,0.000000000000000000e+00,0.000000000000000000e+00,0.000000000000000000e+00,0.000000000000000000e+00,0.000000000000000000e+00,3.187648611877320903e-03,0.000000000000000000e+00,0.000000000000000000e+00,0.000000000000000000e+00,0.000000000000000000e+00,0.000000000000000000e+00,3.612676374682322923e-03,2.032607125343488530e-02,0.000000000000000000e+00,2.836824706633045803e-05,3.875479968469666692e-03,0.000000000000000000e+00,0.000000000000000000e+00,0.000000000000000000e+00,0.000000000000000000e+00,0.000000000000000000e+00,0.000000000000000000e+00,0.000000000000000000e+00,0.000000000000000000e+00,3.187648611877323505e-03,0.000000000000000000e+00,0.000000000000000000e+00,0.000000000000000000e+00,0.000000000000000000e+00,0.000000000000000000e+00,0.000000000000000000e+00,2.086545092463463948e-03,2.086545092463463948e-03,1.519872554391039628e-18,2.836824706633037671e-05,2.836824706633037671e-05,2.252796394203842797e-03,0.000000000000000000e+00,0.000000000000000000e+00,0.000000000000000000e+00,0.000000000000000000e+00,0.000000000000000000e+00,0.000000000000000000e+00,0.000000000000000000e+00,0.000000000000000000e+00,0.000000000000000000e+00,0.000000000000000000e+00,0.000000000000000000e+00,0.000000000000000000e+00,0.000000000000000000e+00,0.000000000000000000e+00,0.000000000000000000e+00,2.340964419485946219e-02,0.000000000000000000e+00,2.836824706633124407e-05,2.836824706633037671e-05,2.836824706633037671e-05,0.000000000000000000e+00,0.000000000000000000e+00,0.000000000000000000e+00,0.000000000000000000e+00,0.000000000000000000e+00,0.000000000000000000e+00,0.000000000000000000e+00,0.000000000000000000e+00,0.000000000000000000e+00,0.000000000000000000e+00,0.000000000000000000e+00,0.000000000000000000e+00,0.000000000000000000e+00,0.000000000000000000e+00,1.657003848071967027e-04,3.612676374682322923e-03,0.000000000000000000e+00,0.000000000000000000e+00,2.836824706633131184e-05,2.836824706633037671e-05,2.836824706633037671e-05,0.000000000000000000e+00,0.000000000000000000e+00,0.000000000000000000e+00,0.000000000000000000e+00,0.000000000000000000e+00,0.000000000000000000e+00,1.495820474019897134e-36,0.000000000000000000e+00,0.000000000000000000e+00,7.181717857525413140e-02,8.449798606297478920e-03,3.592183122418818341e-04,0.000000000000000000e+00,2.249674512094977652e-02,7.526290891037820674e-02,1.432568335739992252e-18,2.836824706633205722e-05,2.836824706633071552e-05,2.836824706633037671e-05,2.836824706633059355e-05,0.000000000000000000e+00,0.000000000000000000e+00,0.000000000000000000e+00,0.000000000000000000e+00,0.000000000000000000e+00,0.000000000000000000e+00,0.000000000000000000e+00,0.000000000000000000e+00,0.000000000000000000e+00,4.306740234957461694e-02,8.449798606297478920e-03,3.592183122418819968e-04,0.000000000000000000e+00,1.068653831878016696e-03,7.526290891037820674e-02,0.000000000000000000e+00,0.000000000000000000e+00,2.836824706633071552e-05,2.836824706633037671e-05,3.216016858943650941e-03,0.000000000000000000e+00,0.000000000000000000e+00,0.000000000000000000e+00,0.000000000000000000e+00,0.000000000000000000e+00,0.000000000000000000e+00,0.000000000000000000e+00,0.000000000000000000e+00,0.000000000000000000e+00,0.000000000000000000e+00,3.592183122418841652e-04,1.541041330308532201e-02,3.139554796446442086e-02,3.242558127670371049e-02,0.000000000000000000e+00,0.000000000000000000e+00,0.000000000000000000e+00,0.000000000000000000e+00,2.299206000110809618e-03,2.836824706633037671e-05,0.000000000000000000e+00,0.000000000000000000e+00,0.000000000000000000e+00,0.000000000000000000e+00,0.000000000000000000e+00,0.000000000000000000e+00,0.000000000000000000e+00,0.000000000000000000e+00,0.000000000000000000e+00,3.592183122418821594e-04,3.592183122418819968e-04,4.684994101860300020e-02,3.139554796446442086e-02,3.351977425913332809e-02,0.000000000000000000e+00,0.000000000000000000e+00,0.000000000000000000e+00,0.000000000000000000e+00,3.216016858943650941e-03,2.836824706633037671e-05,0.000000000000000000e+00,0.000000000000000000e+00,0.000000000000000000e+00,0.000000000000000000e+00,0.000000000000000000e+00,0.000000000000000000e+00,0.000000000000000000e+00,0.000000000000000000e+00,0.000000000000000000e+00,3.592183122418821594e-04,3.592183122418827557e-04,3.592183122418827557e-04,1.306515688167412537e-01,0.000000000000000000e+00,0.000000000000000000e+00,7.014545773780283947e-18,0.000000000000000000e+00,3.187648611877320903e-03,3.187648611877320903e-03,0.000000000000000000e+00,0.000000000000000000e+00,0.000000000000000000e+00,0.000000000000000000e+00,0.000000000000000000e+00,0.000000000000000000e+00,0.000000000000000000e+00,0.000000000000000000e+00,4.600099598114903688e-20,0.000000000000000000e+00,3.592183122418819968e-04,3.592183122418818341e-04,1.136559278833362135e-01,8.399276501487693003e-02,0.000000000000000000e+00,0.000000000000000000e+00,1.411513522456277589e-18,0.000000000000000000e+00,0.000000000000000000e+00,1.138649246717827850e-03,0.000000000000000000e+00,0.000000000000000000e+00,0.000000000000000000e+00,0.000000000000000000e+00,0.000000000000000000e+00,0.000000000000000000e+00,0.000000000000000000e+00,0.000000000000000000e+00,0.000000000000000000e+00,0.000000000000000000e+00,0.000000000000000000e+00,3.592183122418841652e-04,1.021368749016107573e-02,8.399276501487693003e-02,6.967260355824619888e-02,1.038333280066149229e-18,0.000000000000000000e+00,0.000000000000000000e+00,0.000000000000000000e+00,0.000000000000000000e+00,0.000000000000000000e+00,0.000000000000000000e+00,0.000000000000000000e+00,0.000000000000000000e+00,0.000000000000000000e+00,0.000000000000000000e+00,0.000000000000000000e+00,0.000000000000000000e+00,0.000000000000000000e+00,0.000000000000000000e+00,0.000000000000000000e+00,5.740050898650135222e-03,9.192530297431864700e-03,3.592183122418819968e-04,0.000000000000000000e+00,9.772548518269640709e-19,0.000000000000000000e+00,0.000000000000000000e+00,0.000000000000000000e+00,0.000000000000000000e+00,0.000000000000000000e+00,0.000000000000000000e+00,0.000000000000000000e+00,0.000000000000000000e+00,0.000000000000000000e+00,0.000000000000000000e+00,0.000000000000000000e+00,0.000000000000000000e+00,0.000000000000000000e+00,0.000000000000000000e+00,1.036861058111854944e-02,5.740050898650135222e-03,5.830019330177609732e-03,1.416191574583072041e-18,0.000000000000000000e+00,9.772548518269640709e-19,0.000000000000000000e+00,0.000000000000000000e+00,0.000000000000000000e+00,0.000000000000000000e+00,0.000000000000000000e+00,0.000000000000000000e+00,0.000000000000000000e+00,0.000000000000000000e+00,0.000000000000000000e+00,0.000000000000000000e+00,0.000000000000000000e+00,0.000000000000000000e+00,0.000000000000000000e+00,3.042694594726290218e-03,3.042694594726290218e-03,0.000000000000000000e+00,0.000000000000000000e+00,0.000000000000000000e+00,0.000000000000000000e+00,0.000000000000000000e+00,0.000000000000000000e+00,0.000000000000000000e+00,8.622817957643734306e-19,0.000000000000000000e+00,0.000000000000000000e+00,0.000000000000000000e+00,0.000000000000000000e+00,0.000000000000000000e+00,0.000000000000000000e+00,0.000000000000000000e+00,0.000000000000000000e+00,0.000000000000000000e+00,0.000000000000000000e+00,0.000000000000000000e+00,0.000000000000000000e+00,0.000000000000000000e+00,0.000000000000000000e+00,0.000000000000000000e+00,0.000000000000000000e+00,3.586151209550647143e-19,3.248752852734732298e-19,0.000000000000000000e+00,5.389261223527333941e-20,0.000000000000000000e+00,0.000000000000000000e+00,0.000000000000000000e+00,0.000000000000000000e+00,0.000000000000000000e+00,0.000000000000000000e+00,0.000000000000000000e+00,0.000000000000000000e+00,7.409517260624873258e-03,0.000000000000000000e+00,0.000000000000000000e+00,2.836824706633131184e-05,0.000000000000000000e+00,0.000000000000000000e+00,0.000000000000000000e+00,0.000000000000000000e+00,0.000000000000000000e+00,0.000000000000000000e+00,0.000000000000000000e+00,5.389261223527333941e-20,4.291845226924140798e-04,0.000000000000000000e+00,0.000000000000000000e+00,0.000000000000000000e+00,0.000000000000000000e+00,0.000000000000000000e+00,0.000000000000000000e+00,0.000000000000000000e+00,0.000000000000000000e+00,0.000000000000000000e+00,3.519579842751494568e-03,2.836824706633037671e-05,3.537825296757715274e-03,0.000000000000000000e+00,0.000000000000000000e+00,8.766793656588152753e-19,0.000000000000000000e+00,7.974016815267705847e-18,0.000000000000000000e+00,4.291845226924140798e-04,0.000000000000000000e+00,0.000000000000000000e+00,0.000000000000000000e+00,0.000000000000000000e+00,0.000000000000000000e+00,0.000000000000000000e+00,0.000000000000000000e+00,0.000000000000000000e+00,0.000000000000000000e+00,0.000000000000000000e+00,3.097609908666253652e-04,2.836824706633037671e-05,4.669996036017268204e-04,0.000000000000000000e+00,0.000000000000000000e+00,1.416816557377831913e-18,0.000000000000000000e+00,7.974016815267705847e-18,7.884028349342967271e-04,7.884028349342958597e-04,0.000000000000000000e+00,0.000000000000000000e+00,0.000000000000000000e+00,0.000000000000000000e+00,0.000000000000000000e+00,0.000000000000000000e+00,0.000000000000000000e+00,0.000000000000000000e+00,0.000000000000000000e+00,0.000000000000000000e+00,0.000000000000000000e+00,3.660229187782813474e-04,5.658186962648019402e-06,5.658186962648019402e-06,0.000000000000000000e+00,0.000000000000000000e+00,0.000000000000000000e+00,3.592183122418830810e-04,1.506577270866145098e-03,0.000000000000000000e+00,0.000000000000000000e+00,0.000000000000000000e+00,0.000000000000000000e+00,0.000000000000000000e+00,0.000000000000000000e+00
0.000000000000000000e+00,0.000000000000000000e+00,0.000000000000000000e+00,0.000000000000000000e+00,0.000000000000000000e+00,2.550118889501850304e-03,0.000000000000000000e+00,6.965256410282239718e-20,0.000000000000000000e+00,0.000000000000000000e+00,0.000000000000000000e+00,0.000000000000000000e+00,0.000000000000000000e+00,0.000000000000000000e+00,1.837689313439775643e-03,0.000000000000000000e+00,0.000000000000000000e+00,0.000000000000000000e+00,0.000000000000000000e+00,0.000000000000000000e+00,0.000000000000000000e+00,0.000000000000000000e+00,0.000000000000000000e+00,0.000000000000000000e+00,5.266394669146988450e-03,0.000000000000000000e+00,0.000000000000000000e+00,0.000000000000000000e+00,0.000000000000000000e+00,0.000000000000000000e+00,2.890141099745850619e-03,0.000000000000000000e+00,0.000000000000000000e+00,0.000000000000000000e+00,0.000000000000000000e+00,0.000000000000000000e+00,0.000000000000000000e+00,0.000000000000000000e+00,0.000000000000000000e+00,0.000000000000000000e+00,0.000000000000000000e+00,0.000000000000000000e+00,0.000000000000000000e+00,9.941585359824405693e-03,0.000000000000000000e+00,0.000000000000000000e+00,0.000000000000000000e+00,0.000000000000000000e+00,0.000000000000000000e+00,0.000000000000000000e+00,1.669236073970766952e-03,1.669236073970766952e-03,1.215898043512828583e-18,0.000000000000000000e+00,0.000000000000000000e+00,0.000000000000000000e+00,0.000000000000000000e+00,0.000000000000000000e+00,0.000000000000000000e+00,0.000000000000000000e+00,0.000000000000000000e+00,0.000000000000000000e+00,0.000000000000000000e+00,0.000000000000000000e+00,0.000000000000000000e+00,0.000000000000000000e+00,0.000000000000000000e+00,0.000000000000000000e+00,0.000000000000000000e+00,0.000000000000000000e+00,0.000000000000000000e+00,0.000000000000000000e+00,0.000000000000000000e+00,6.898254366114969534e-19,0.000000000000000000e+00,0.000000000000000000e+00,0.000000000000000000e+00,0.000000000000000000e+00,0.000000000000000000e+00,0.000000000000000000e+00,0.000000000000000000e+00,0.000000000000000000e+00,0.000000000000000000e+00,0.000000000000000000e+00,0.000000000000000000e+00,0.000000000000000000e+00,0.000000000000000000e+00,0.000000000000000000e+00,0.000000000000000000e+00,0.000000000000000000e+00,0.000000000000000000e+00,8.924212993270414646e-03,0.000000000000000000e+00,0.000000000000000000e+00,0.000000000000000000e+00,0.000000000000000000e+00,0.000000000000000000e+00,0.000000000000000000e+00,0.000000000000000000e+00,0.000000000000000000e+00,0.000000000000000000e+00,0.000000000000000000e+00,0.000000000000000000e+00,5.243067214993008269e-21,0.000000000000000000e+00,0.000000000000000000e+00,5.745374286020315385e-02,6.759838885037965442e-03,2.873746497935047192e-04,4.458864334335658503e-19,3.217177612408400611e-02,6.021032712830241135e-02,1.146054668591990643e-18,1.215898043512828583e-18,0.000000000000000000e+00,0.000000000000000000e+00,2.690367321578676814e-03,0.000000000000000000e+00,0.000000000000000000e+00,0.000000000000000000e+00,0.000000000000000000e+00,0.000000000000000000e+00,0.000000000000000000e+00,0.000000000000000000e+00,0.000000000000000000e+00,0.000000000000000000e+00,3.445392187965960057e-02,6.759838885037965442e-03,2.873746497935048818e-04,0.000000000000000000e+00,1.785898263789868420e-02,6.021032712830241135e-02,0.000000000000000000e+00,0.000000000000000000e+00,0.000000000000000000e+00,0.000000000000000000e+00,5.240486211080527118e-03,0.000000000000000000e+00,0.000000000000000000e+00,0.000000000000000000e+00,0.000000000000000000e+00,0.000000000000000000e+00,0.000000000000000000e+00,0.000000000000000000e+00,0.000000000000000000e+00,0.000000000000000000e+00,0.000000000000000000e+00,2.873746497935066166e-04,9.354626448523459259e-03,3.585739230801326949e-02,5.031563551406599555e-02,0.000000000000000000e+00,0.000000000000000000e+00,0.000000000000000000e+00,0.000000000000000000e+00,1.816670202435578547e-03,0.000000000000000000e+00,0.000000000000000000e+00,0.000000000000000000e+00,0.000000000000000000e+00,0.000000000000000000e+00,7.428190259308451761e-04,0.000000000000000000e+00,0.000000000000000000e+00,0.000000000000000000e+00,0.000000000000000000e+00,2.873746497935049903e-04,2.873746497935048818e-04,3.313728373752781314e-02,3.585739230801326949e-02,3.245665287616730094e-02,0.000000000000000000e+00,0.000000000000000000e+00,0.000000000000000000e+00,2.188047120234990189e-03,2.550118889501850304e-03,0.000000000000000000e+00,2.775870550442137343e-03,0.000000000000000000e+00,0.000000000000000000e+00,0.000000000000000000e+00,0.000000000000000000e+00,0.000000000000000000e+00,0.000000000000000000e+00,0.000000000000000000e+00,0.000000000000000000e+00,2.873746497935049903e-04,2.873746497935054239e-04,2.873746497935054239e-04,1.195481192937672549e-01,0.000000000000000000e+00,0.000000000000000000e+00,5.611636619024211750e-18,7.633830448312758347e-20,3.292937915432695047e-03,3.292937915432695047e-03,0.000000000000000000e+00,0.000000000000000000e+00,0.000000000000000000e+00,0.000000000000000000e+00,0.000000000000000000e+00,7.428190259308450677e-04,7.428190259308447424e-04,0.000000000000000000e+00,0.000000000000000000e+00,0.000000000000000000e+00,2.873746497935048818e-04,2.873746497935047192e-04,1.030763691696822415e-01,8.338091184805850042e-02,1.855581438532878658e-02,0.000000000000000000e+00,3.650430916724353569e-18,0.000000000000000000e+00,7.262886120248075250e-04,9.109193973742599594e-04,0.000000000000000000e+00,0.000000000000000000e+00,0.000000000000000000e+00,0.000000000000000000e+00,0.000000000000000000e+00,0.000000000000000000e+00,7.428190259308447424e-04,0.000000000000000000e+00,0.000000000000000000e+00,0.000000000000000000e+00,0.000000000000000000e+00,2.125063963233281283e-03,3.263718883972471785e-02,8.338091184805850042e-02,5.293051720684370520e-02,8.306666240529171684e-19,0.000000000000000000e+00,0.000000000000000000e+00,0.000000000000000000e+00,0.000000000000000000e+00,0.000000000000000000e+00,0.000000000000000000e+00,0.000000000000000000e+00,0.000000000000000000e+00,0.000000000000000000e+00,0.000000000000000000e+00,5.015967315314758841e-05,0.000000000000000000e+00,0.000000000000000000e+00,0.000000000000000000e+00,1.590087374210295140e-03,4.592040718920095688e-03,1.996185547680013467e-02,2.873746497935061829e-04,0.000000000000000000e+00,7.818038814615691960e-19,0.000000000000000000e+00,4.495355857034001750e-19,0.000000000000000000e+00,0.000000000000000000e+00,0.000000000000000000e+00,0.000000000000000000e+00,0.000000000000000000e+00,0.000000000000000000e+00,0.000000000000000000e+00,0.000000000000000000e+00,7.428190259308455013e-04,0.000000000000000000e+00,0.000000000000000000e+00,0.000000000000000000e+00,0.000000000000000000e+00,4.592040718920095688e-03,4.592040718920098290e-03,1.132953259666454782e-18,0.000000000000000000e+00,7.818038814615691960e-19,0.000000000000000000e+00,0.000000000000000000e+00,0.000000000000000000e+00,0.000000000000000000e+00,0.000000000000000000e+00,0.000000000000000000e+00,0.000000000000000000e+00,0.000000000000000000e+00,0.000000000000000000e+00,0.000000000000000000e+00,0.000000000000000000e+00,0.000000000000000000e+00,0.000000000000000000e+00,0.000000000000000000e+00,0.000000000000000000e+00,0.000000000000000000e+00,7.391466470322553654e-03,2.589307754880189501e-03,0.000000000000000000e+00,0.000000000000000000e+00,0.000000000000000000e+00,0.000000000000000000e+00,6.898254366114969534e-19,4.860981356113401033e-04,4.860981356113401033e-04,0.000000000000000000e+00,0.000000000000000000e+00,0.000000000000000000e+00,0.000000000000000000e+00,0.000000000000000000e+00,0.000000000000000000e+00,0.000000000000000000e+00,0.000000000000000000e+00,5.243067214993006764e-21,0.000000000000000000e+00,0.000000000000000000e+00,1.147829390118411570e-02,2.589307754880189501e-03,0.000000000000000000e+00,2.868920967640510396e-19,2.599002282187779482e-19,0.000000000000000000e+00,8.061101519672649734e-03,0.000000000000000000e+00,0.000000000000000000e+00,0.000000000000000000e+00,0.000000000000000000e+00,0.000000000000000000e+00,0.000000000000000000e+00,0.000000000000000000e+00,0.000000000000000000e+00,0.000000000000000000e+00,0.000000000000000000e+00,0.000000000000000000e+00,0.000000000000000000e+00,4.409559632604052003e-03,4.409559632604052003e-03,1.396460109282885234e-03,0.000000000000000000e+00,0.000000000000000000e+00,0.000000000000000000e+00,0.000000000000000000e+00,8.061101519672649734e-03,7.206734086812496658e-03,0.000000000000000000e+00,0.000000000000000000e+00,0.000000000000000000e+00,0.000000000000000000e+00,0.000000000000000000e+00,0.000000000000000000e+00,0.000000000000000000e+00,0.000000000000000000e+00,0.000000000000000000e+00,2.792969276548124425e-03,3.013099523321166769e-03,0.000000000000000000e+00,0.000000000000000000e+00,1.396460109282884800e-03,7.013434925270503713e-19,0.000000000000000000e+00,6.379213452214147729e-18,0.000000000000000000e+00,0.000000000000000000e+00,0.000000000000000000e+00,0.000000000000000000e+00,0.000000000000000000e+00,0.000000000000000000e+00,0.000000000000000000e+00,0.000000000000000000e+00,0.000000000000000000e+00,0.000000000000000000e+00,0.000000000000000000e+00,0.000000000000000000e+00,1.483436889927020183e-03,3.013099523321166769e-03,1.749993405215531086e-03,0.000000000000000000e+00,1.396460109282884800e-03,1.396460109282885885e-03,0.000000000000000000e+00,6.379213452214147729e-18,2.873746497935054239e-04,3.300474173114671325e-03,0.000000000000000000e+00,0.000000000000000000e+00,0.000000000000000000e+00,0.000000000000000000e+00,0.000000000000000000e+00,0.000000000000000000e+00,0.000000000000000000e+00,0.000000000000000000e+00,0.000000000000000000e+00,0.000000000000000000e+00,0.000000000000000000e+00,3.013099523321167202e-03,7.373585059164066769e-20,7.373585059164066769e-20,0.000000000000000000e+00,0.000000000000000000e+00,0.000000000000000000e+00,2.873746497935057492e-04,8.619141985389825377e-04,0.000000000000000000e+00,0.000000000000000000e+00,0.000000000000000000e+00,0.000000000000000000e+00,0.000000000000000000e+00,0.000000000000000000e+00
0.000000000000000000e+00,0.000000000000000000e+00,0.000000000000000000e+00,0.000000000000000000e+00,0.000000000000000000e+00,1.208746065175456696e-20,1.991530081762344185e-20,3.433125723659353056e-20,1.278812158959948506e-20,1.601326221768585780e-21,2.341550019861756690e-20,2.218991184762999291e-21,7.262089233110020803e-06,2.130835095109807485e-04,5.985707263726009614e-03,0.000000000000000000e+00,0.000000000000000000e+00,0.000000000000000000e+00,0.000000000000000000e+00,0.000000000000000000e+00,0.000000000000000000e+00,0.000000000000000000e+00,0.000000000000000000e+00,0.000000000000000000e+00,5.432551559290259811e-03,1.601326221768586909e-21,1.991530081762344185e-20,8.389386295472332068e-20,1.601326221768585216e-21,1.601326221768585780e-21,1.525757360013809843e-20,1.775221675877437361e-20,7.262089233110020803e-06,1.370674543315733606e-04,1.549464618000736486e-04,0.000000000000000000e+00,0.000000000000000000e+00,0.000000000000000000e+00,0.000000000000000000e+00,0.000000000000000000e+00,0.000000000000000000e+00,0.000000000000000000e+00,0.000000000000000000e+00,1.478293294064506394e-02,1.601326221768585216e-21,4.970565535352362342e-21,1.530572805747219784e-19,1.601326221768587285e-21,1.601326221768587285e-21,1.601326221768585216e-21,4.952402045896714675e-21,4.952402045896714675e-21,7.262089233109314377e-06,5.779757717487940057e-06,5.052067700727743202e-06,8.031348138126913068e-05,0.000000000000000000e+00,0.000000000000000000e+00,0.000000000000000000e+00,0.000000000000000000e+00,0.000000000000000000e+00,0.000000000000000000e+00,0.000000000000000000e+00,1.256609901776583720e-06,1.601326221768585216e-21,1.470689084029466588e-20,1.601326221768585216e-21,4.970565535352362342e-21,1.601326221768585780e-21,8.644135131225250133e-21,2.371653971378465174e-04,8.236902367304333361e-21,1.498150270141139018e-03,3.087644695234840033e-04,5.052067700727743202e-06,4.297426201861109151e-06,0.000000000000000000e+00,0.000000000000000000e+00,0.000000000000000000e+00,0.000000000000000000e+00,0.000000000000000000e+00,0.000000000000000000e+00,1.256609901776594732e-06,1.256609901776594732e-06,1.070741030284785367e-03,1.601326221768591799e-21,1.601326221768591799e-21,1.278812158959948506e-20,1.601326221768585216e-21,8.644135131225250133e-21,3.433125723659353658e-20,1.233612305518372657e-02,3.094921595402476281e-04,3.094921595402476281e-04,5.052067700732788977e-06,3.569736185102459401e-06,3.569736185102459401e-06,0.000000000000000000e+00,0.000000000000000000e+00,0.000000000000000000e+00,0.000000000000000000e+00,0.000000000000000000e+00,1.256609901776604261e-06,1.256609901776681976e-06,1.192982134699081083e-03,1.601326221768585780e-21,1.601326221768592739e-21,2.302183642354868637e-20,4.178036065420773187e-21,8.942087751864341577e-19,3.942874060331024583e-02,1.357815756277318340e-04,1.835669555632692476e-03,5.779757717487441155e-06,5.025116218631053661e-06,4.297426201861396295e-06,6.419840869511790268e-03,0.000000000000000000e+00,0.000000000000000000e+00,0.000000000000000000e+00,0.000000000000000000e+00,0.000000000000000000e+00,1.256609901776726657e-06,1.256609901776681129e-06,1.192982134699081083e-03,2.679792681346319060e-04,1.167119453382512769e-20,2.302183642354868637e-20,1.601326221768585216e-21,1.530572805747219784e-19,3.954276696656772172e-02,1.357815756277318340e-04,2.274443278982878907e-20,5.779757717488051018e-06,5.025116218631053661e-06,4.324377683963481436e-06,5.383549737843584468e-03,0.000000000000000000e+00,0.000000000000000000e+00,0.000000000000000000e+00,0.000000000000000000e+00,0.000000000000000000e+00,1.016375757540825559e-04,1.256609901776689811e-06,2.679792681346320144e-04,1.601326221768585780e-21,1.601326221768585780e-21,1.601326221768585216e-21,4.274112816514634547e-05,4.917353708556315012e-02,7.853068878714516976e-02,2.141994039457582855e-05,1.827523007121282139e-04,1.827523007121282139e-04,5.025116218631049426e-06,3.569736185103065453e-06,0.000000000000000000e+00,0.000000000000000000e+00,0.000000000000000000e+00,0.000000000000000000e+00,0.000000000000000000e+00,1.766248440620628085e-03,1.016375757540825559e-04,1.256609901776677106e-06,4.129248761977286450e-20,8.147390688365968192e-21,1.601326221768585216e-21,2.242123877764604167e-21,3.725032199507919556e-02,4.917353708556315012e-02,4.685889974823798099e-02,0.000000000000000000e+00,1.993480295956965060e-20,5.806709199591722652e-06,4.381146308170703191e-03,3.569736185101644979e-06,0.000000000000000000e+00,6.074565518400869626e-03,0.000000000000000000e+00,0.000000000000000000e+00,0.000000000000000000e+00,0.000000000000000000e+00,6.683582797272099182e-06,3.385332051241355880e-20,3.385332051241355880e-20,2.792979104343170239e-20,2.242123877764604167e-21,5.216663549298735666e-05,5.216663549298735666e-05,1.047709789640683675e-01,2.793537788571656992e-04,2.793537788571656992e-04,3.317224871190363429e-21,5.806709199591564257e-06,1.489881575099352446e-03,1.489881575099352446e-03,2.788143204141509619e-06,0.000000000000000000e+00,0.000000000000000000e+00,0.000000000000000000e+00,0.000000000000000000e+00,2.216937250719331134e-03,1.536067473004135110e-03,1.256609901776584356e-06,4.398662167551731895e-20,4.114083166459134063e-20,7.320494473524016992e-21,6.085813299691292269e-21,6.672085998717848521e-02,5.706630660394736154e-02,4.021621923480723365e-02,4.936389984394865342e-21,5.048712545868834266e-18,5.806709199591786180e-06,1.457629291750346104e-03,3.569736185102032497e-06,2.815094686245641615e-06,2.060453187382518091e-06,0.000000000000000000e+00,0.000000000000000000e+00,0.000000000000000000e+00,0.000000000000000000e+00,1.536067473004135110e-03,1.256609901776608073e-06,1.256609901776576944e-06,1.256609901776583085e-06,1.256609901776583085e-06,6.698804061990119678e-03,5.895026949713134956e-02,5.706630660394736154e-02,2.072311086648822781e-19,4.381595280461861410e-20,1.400404183492235798e-19,1.400404183492235798e-19,5.025116218630448032e-06,0.000000000000000000e+00,2.815094686245641615e-06,0.000000000000000000e+00,0.000000000000000000e+00,0.000000000000000000e+00,0.000000000000000000e+00,0.000000000000000000e+00,1.015759562080714658e-04,1.256609901776604261e-06,1.256609901776776844e-06,1.256609901776608073e-06,3.444821690198872702e-03,4.462991986860788754e-03,3.537657941313693960e-02,9.663612225777245884e-04,4.734799838846683673e-21,2.194586569658532633e-21,2.343663174024207378e-04,9.107423659406227694e-19,1.166834901841511682e-03,4.324377683956875426e-06,2.707943628208766239e-04,0.000000000000000000e+00,0.000000000000000000e+00,0.000000000000000000e+00,0.000000000000000000e+00,0.000000000000000000e+00,1.486894661763463361e-03,1.256609901776684306e-06,1.256609901776776844e-06,3.179272158887683089e-04,1.331594575483142006e-03,4.462991986860788754e-03,3.686826752400997227e-03,1.066640042318744422e-03,8.026025807588043274e-20,2.194586569658532633e-21,8.552615906629157039e-20,2.793537788571655365e-04,1.166834901841511682e-03,1.773350133792028908e-21,2.020665796268931915e-03,0.000000000000000000e+00,0.000000000000000000e+00,0.000000000000000000e+00,0.000000000000000000e+00,0.000000000000000000e+00,1.256609901776587956e-06,1.256609901776587956e-06,1.256609901776576944e-06,1.202712128176411203e-03,1.202712128176411203e-03,2.170508022211900968e-03,1.584957298296380684e-02,5.178615509760363389e-03,2.940958951562632592e-20,5.765950984856723206e-21,2.253776984419501540e-20,2.253776984419501540e-20,2.793537788571655908e-04,1.243745275542409946e-03,1.243745275542409946e-03,0.000000000000000000e+00,0.000000000000000000e+00,0.000000000000000000e+00,0.000000000000000000e+00,0.000000000000000000e+00,0.000000000000000000e+00,2.865865654375254930e-03,7.982002155905296896e-04,1.168091511743288378e-03,7.601605517940755057e-05,2.248339547631688724e-21,2.295658780236816549e-02,5.178615509760363389e-03,5.779314989955155082e-21,9.678593886713994487e-21,4.507571426739889900e-20,1.601326221768585216e-21,1.612220303934525090e-02,6.544595460973360831e-05,0.000000000000000000e+00,0.000000000000000000e+00,0.000000000000000000e+00,0.000000000000000000e+00,0.000000000000000000e+00,0.000000000000000000e+00,0.000000000000000000e+00,1.515650325071558977e-03,7.982002155905296896e-04,1.464397105486307500e-03,7.601605517940774031e-05,1.168372830968155557e-02,1.168372830968155557e-02,2.792920218565762662e-03,1.407990925057824090e-20,1.407990925057824090e-20,8.438003082547273197e-21,1.247630132214709114e-20,1.612220303934525090e-02,1.548181550938130223e-02,0.000000000000000000e+00,0.000000000000000000e+00,0.000000000000000000e+00,0.000000000000000000e+00,0.000000000000000000e+00,0.000000000000000000e+00,0.000000000000000000e+00,0.000000000000000000e+00,1.317896650170035907e-04,1.256609901776578638e-06,6.026199046642315323e-03,5.468252260619108916e-20,8.519515474140053058e-21,2.792920218565761795e-03,1.601326221768585780e-21,1.301576549720101333e-20,6.012525203034623516e-21,6.270142025552188884e-20,9.610988329295831530e-20,0.000000000000000000e+00,0.000000000000000000e+00,0.000000000000000000e+00,0.000000000000000000e+00,0.000000000000000000e+00,0.000000000000000000e+00,0.000000000000000000e+00,0.000000000000000000e+00,0.000000000000000000e+00,0.000000000000000000e+00,2.968130389755808170e-03,6.026199046642315323e-03,3.981756924797009295e-03,1.496411579595551626e-20,2.792920218565761795e-03,2.792920218565761795e-03,2.945271448531999426e-20,6.012525203034623516e-21,9.229016382646194982e-21,6.026199046642316190e-03,0.000000000000000000e+00,0.000000000000000000e+00,0.000000000000000000e+00,0.000000000000000000e+00,0.000000000000000000e+00,0.000000000000000000e+00,0.000000000000000000e+00,0.000000000000000000e+00,0.000000000000000000e+00,0.000000000000000000e+00,0.000000000000000000e+00,9.542859268185852756e-03,2.887680621697255416e-04,2.887680621697255416e-04,7.320494473524015487e-21,1.601326221768585216e-21,1.601326221768585216e-21,1.113953926205288869e-20,2.100805463734481610e-04,0.000000000000000000e+00,0.000000000000000000e+00,0.000000000000000000e+00,0.000000000000000000e+00,0.000000000000000000e+00,0.000000000000000000e+00
0.000000000000000000e+00,0.000000000000000000e+00,0.000000000000000000e+00,0.000000000000000000e+00,0.000000000000000000e+00,1.135564640227579234e-20,1.194918049057401094e-19,2.059875434195602565e-19,7.672872953759657332e-20,9.607957330611471048e-21,1.404930011917047755e-19,1.331394710857793631e-20,4.357253539865993169e-05,1.278501057065878745e-03,1.447453492555868942e-02,0.000000000000000000e+00,0.000000000000000000e+00,0.000000000000000000e+00,0.000000000000000000e+00,0.000000000000000000e+00,0.000000000000000000e+00,0.000000000000000000e+00,0.000000000000000000e+00,0.000000000000000000e+00,9.054252598817069328e-04,9.607957330611478571e-21,1.194918049057401094e-19,5.033631777283376130e-19,9.607957330611468039e-21,9.607957330611471048e-21,3.037632409257690744e-20,1.065133005526457722e-19,4.357253539865993169e-05,8.224047259894365315e-04,9.296787708004377714e-04,0.000000000000000000e+00,0.000000000000000000e+00,0.000000000000000000e+00,0.000000000000000000e+00,0.000000000000000000e+00,0.000000000000000000e+00,0.000000000000000000e+00,0.000000000000000000e+00,2.463822156774170963e-03,9.607957330611468039e-21,2.982339321211404465e-20,9.183436834483278740e-19,9.607957330611480076e-21,9.607957330611480076e-21,9.607957330611468039e-21,2.971441227538015414e-20,2.971441227538015414e-20,4.357253539865569653e-05,3.467854630492748618e-05,3.031240620436632369e-05,4.818808882876126428e-04,0.000000000000000000e+00,0.000000000000000000e+00,0.000000000000000000e+00,0.000000000000000000e+00,0.000000000000000000e+00,0.000000000000000000e+00,0.000000000000000000e+00,7.539659410659469288e-06,9.607957330611468039e-21,8.824134504176761010e-20,9.607957330611468039e-21,2.982339321211404465e-20,9.607957330611471048e-21,5.186481078735127210e-20,1.422992382827072870e-03,4.942141420382578350e-20,8.988901620846794643e-03,1.852586817140895563e-03,3.031240620436632369e-05,2.578455721116653971e-05,0.000000000000000000e+00,0.000000000000000000e+00,0.000000000000000000e+00,0.000000000000000000e+00,0.000000000000000000e+00,0.000000000000000000e+00,7.539659410659534509e-06,7.539659410659534509e-06,6.424446181708683146e-03,9.607957330611507159e-21,9.607957330611507159e-21,7.672872953759657332e-20,9.607957330611468039e-21,5.186481078735127210e-20,2.059875434195603287e-19,3.619232906649295575e-03,1.856952957241477745e-03,1.856952957241477745e-03,3.031240620439659664e-05,2.141841711061466069e-05,2.141841711061466069e-05,0.000000000000000000e+00,0.000000000000000000e+00,0.000000000000000000e+00,0.000000000000000000e+00,0.000000000000000000e+00,7.539659410659592108e-06,7.539659410659996989e-06,7.157892808194454837e-03,9.607957330611471048e-21,9.607957330611513178e-21,1.381310185412914983e-19,2.506821639252453079e-20,1.632442610603520040e-19,2.820509346846103438e-02,8.146894537663874804e-04,1.101401733379610628e-02,3.467854630492449107e-05,3.015069731178618813e-05,2.578455721116826427e-05,7.131426465319573409e-03,0.000000000000000000e+00,0.000000000000000000e+00,0.000000000000000000e+00,0.000000000000000000e+00,0.000000000000000000e+00,7.539659410660326485e-06,7.539659410660052894e-06,7.157892808194454837e-03,1.607875608807784280e-03,7.002716720295045315e-20,1.381310185412914983e-19,9.607957330611468039e-21,9.183436834483278740e-19,2.890180435725547489e-02,8.146894537663874804e-04,1.364665967389721265e-19,3.467854630492815703e-05,3.015069731178618813e-05,2.594626610378077342e-05,9.136796753103646265e-04,0.000000000000000000e+00,0.000000000000000000e+00,0.000000000000000000e+00,0.000000000000000000e+00,0.000000000000000000e+00,6.098254545244926250e-04,7.539659410660105410e-06,1.607875608807785147e-03,9.607957330611471048e-21,9.607957330611471048e-21,9.607957330611468039e-21,2.564467689908769073e-04,4.626240080071651606e-02,5.037310269200314522e-02,1.285196423674544021e-04,1.096513804272764405e-03,1.096513804272764405e-03,3.015069731178616103e-05,2.141841711061829616e-05,0.000000000000000000e+00,0.000000000000000000e+00,0.000000000000000000e+00,0.000000000000000000e+00,0.000000000000000000e+00,1.931268674530593147e-03,6.098254545244926250e-04,7.539659410660029177e-06,2.477549257186360916e-19,4.888434413019559549e-20,9.607957330611468039e-21,1.345274326658756407e-20,6.457710246809869603e-03,4.626240080071651606e-02,6.869716590071069107e-02,0.000000000000000000e+00,1.196088177574173619e-19,3.484025519755018345e-05,7.596614462827425487e-04,2.141841711060977501e-05,0.000000000000000000e+00,4.062236688580359717e-03,0.000000000000000000e+00,0.000000000000000000e+00,0.000000000000000000e+00,0.000000000000000000e+00,4.010149678363242060e-05,2.031199230744804380e-19,2.031199230744804380e-19,1.675787462605894801e-19,1.345274326658756407e-20,3.129998129579227711e-04,3.129998129579227711e-04,8.238104060561041164e-02,1.676122673142986606e-03,1.676122673142986606e-03,1.990334922714209406e-20,3.484025519754834030e-05,2.730674814029475546e-04,2.730674814029475546e-04,1.672885922484898487e-05,0.000000000000000000e+00,0.000000000000000000e+00,0.000000000000000000e+00,0.000000000000000000e+00,4.635401535122799302e-03,5.501828688316454889e-04,7.539659410659472676e-06,2.639197300531027220e-19,2.468449899875469484e-19,4.392296684114390635e-20,3.651487979814758810e-20,3.606044515743070389e-02,4.170874264375321050e-02,2.481281424667476643e-02,2.961833990636905814e-20,8.780407896875189656e-19,3.484025519755056292e-05,2.724086102126798900e-04,2.141841711061209927e-05,1.689056811747377600e-05,1.236271912429505264e-05,0.000000000000000000e+00,0.000000000000000000e+00,0.000000000000000000e+00,0.000000000000000000e+00,5.501828688316454889e-04,7.539659410659614977e-06,7.539659410659428630e-06,7.539659410659465053e-06,7.539659410659465053e-06,1.875311571514332726e-02,2.986092648765930474e-02,4.170874264375321050e-02,1.243386651989288180e-18,2.628957168277105290e-19,8.402425100953376751e-19,8.402425100953376751e-19,3.015069731178255606e-05,0.000000000000000000e+00,1.689056811747377600e-05,0.000000000000000000e+00,0.000000000000000000e+00,0.000000000000000000e+00,0.000000000000000000e+00,0.000000000000000000e+00,2.425955046170857649e-05,7.539659410659592108e-06,7.539659410660628029e-06,7.539659410659614977e-06,2.117910775406505255e-03,2.677795192116461109e-02,3.629767521781247092e-02,5.798167335466306548e-03,2.840879903307997565e-20,1.316751941795113862e-20,1.406197904414518193e-03,2.198723624374161671e-19,7.001009411049038435e-03,2.594626610374113567e-05,1.624766176925252588e-03,0.000000000000000000e+00,0.000000000000000000e+00,0.000000000000000000e+00,0.000000000000000000e+00,0.000000000000000000e+00,2.551460013876069750e-04,7.539659410660072375e-06,7.539659410660628029e-06,1.907563295332601614e-03,7.989567452898816910e-03,2.677795192116461109e-02,2.212096051440588448e-02,6.399840253912438340e-03,4.815615484552804779e-19,1.316751941795113862e-20,5.131569543977470872e-19,1.676122673142985955e-03,7.001009411049038435e-03,1.064010080275212530e-20,1.212399477761353858e-02,0.000000000000000000e+00,0.000000000000000000e+00,0.000000000000000000e+00,0.000000000000000000e+00,0.000000000000000000e+00,7.539659410659493852e-06,7.539659410659493852e-06,7.539659410659428630e-06,7.216272769058435128e-03,7.216272769058435128e-03,1.302304813327134769e-02,8.863662410686607568e-03,8.631025849600579627e-04,1.764575370937571852e-19,3.459570590914018877e-20,1.352266190651694905e-19,1.352266190651694905e-19,1.676122673142986172e-03,1.791326737788834786e-03,1.791326737788834786e-03,0.000000000000000000e+00,0.000000000000000000e+00,0.000000000000000000e+00,0.000000000000000000e+00,0.000000000000000000e+00,0.000000000000000000e+00,1.719519392625145499e-02,4.789201293543156671e-03,7.008549070459699909e-03,4.560963310764432435e-04,1.349003728579007216e-20,3.826097967061351662e-03,8.631025849600579627e-04,3.467588993973078003e-20,5.807156332028371114e-20,2.704542856043921662e-19,9.607957330611468039e-21,2.687033839890867054e-03,3.926757276583998880e-04,0.000000000000000000e+00,0.000000000000000000e+00,0.000000000000000000e+00,0.000000000000000000e+00,0.000000000000000000e+00,0.000000000000000000e+00,0.000000000000000000e+00,9.093901950429313097e-03,4.789201293543156671e-03,8.786382632917805538e-03,4.560963310764444361e-04,1.865750747770879986e-02,1.865750747770879986e-02,4.654867030942926205e-04,8.447945550346906622e-20,8.447945550346906622e-20,5.062801849528341951e-20,7.485780793288221284e-20,2.687033839890867054e-03,8.812328710142232693e-03,0.000000000000000000e+00,0.000000000000000000e+00,0.000000000000000000e+00,0.000000000000000000e+00,0.000000000000000000e+00,0.000000000000000000e+00,0.000000000000000000e+00,0.000000000000000000e+00,7.907379901020179661e-04,7.539659410659438795e-06,1.004366507773715896e-03,3.280951356371451146e-19,5.111709284484008964e-20,4.654867030942921868e-04,9.607957330611471048e-21,7.809459298320573393e-20,3.607515121820758311e-20,3.762085215331296238e-19,5.766592997577473399e-19,0.000000000000000000e+00,0.000000000000000000e+00,0.000000000000000000e+00,0.000000000000000000e+00,0.000000000000000000e+00,0.000000000000000000e+00,0.000000000000000000e+00,0.000000000000000000e+00,0.000000000000000000e+00,0.000000000000000000e+00,5.020186227196635036e-04,1.004366507773715896e-03,3.473951821267576810e-03,8.978469477573268830e-20,4.654867030942921868e-04,4.654867030942921868e-04,1.767162869119191831e-19,3.607515121820758311e-20,5.537409829587692313e-20,1.004366507773716763e-03,0.000000000000000000e+00,0.000000000000000000e+00,0.000000000000000000e+00,0.000000000000000000e+00,0.000000000000000000e+00,0.000000000000000000e+00,0.000000000000000000e+00,0.000000000000000000e+00,0.000000000000000000e+00,0.000000000000000000e+00,0.000000000000000000e+00,2.210432783703484422e-02,1.732608373018345660e-03,1.732608373018345660e-03,4.392296684114390033e-20,9.607957330611468039e-21,9.607957330611468039e-21,6.683723557231702820e-20,1.260483278240683274e-03,0.000000000000000000e+00,0.000000000000000000e+00,0.000000000000000000e+00,0.000000000000000000e+00,0.000000000000000000e+00,0.000000000000000000e+00
0.000000000000000000e+00,0.000000000000000000e+00,0.000000000000000000e+00,0.000000000000000000e+00,0.000000000000000000e+00,4.803978665305725744e-21,5.974590245286997046e-20,1.029937717097799958e-19,3.836436476879823250e-20,4.803978665305728001e-21,7.024650059585227940e-20,6.656973554288958375e-21,2.178626769932993197e-05,6.392505285329385051e-04,3.607612365392823262e-02,0.000000000000000000e+00,0.000000000000000000e+00,0.000000000000000000e+00,0.000000000000000000e+00,0.000000000000000000e+00,0.000000000000000000e+00,0.000000000000000000e+00,0.000000000000000000e+00,0.000000000000000000e+00,1.098028099638420803e-03,4.803978665305732515e-21,5.974590245286997046e-20,2.516815888641684213e-19,4.803978665305725744e-21,4.803978665305728001e-21,1.431431751045626825e-20,5.325665027632280786e-20,2.178626769932993197e-05,4.112023629947176694e-04,1.559015152652189684e-03,0.000000000000000000e+00,0.000000000000000000e+00,0.000000000000000000e+00,0.000000000000000000e+00,0.000000000000000000e+00,0.000000000000000000e+00,0.000000000000000000e+00,0.000000000000000000e+00,5.738637398164510083e-21,4.803978665305725744e-21,1.491169660605699825e-20,4.591718417241631666e-19,4.803978665305732515e-21,4.803978665305732515e-21,4.803978665305725744e-21,1.485720613769005601e-20,1.485720613769005601e-20,2.178626769932781777e-05,1.733927315246371599e-05,1.515620310218314151e-05,1.335116211395777526e-03,0.000000000000000000e+00,0.000000000000000000e+00,0.000000000000000000e+00,0.000000000000000000e+00,0.000000000000000000e+00,0.000000000000000000e+00,0.000000000000000000e+00,3.769829705329729138e-06,4.803978665305725744e-21,4.412067252088373283e-20,4.803978665305725744e-21,1.491169660605699825e-20,4.803978665305728001e-21,2.593240539367559392e-20,7.114961914135352426e-04,2.471070710191285564e-20,4.494450810423390383e-03,9.262934085704464804e-04,1.515620310218314151e-05,1.289227860558325291e-05,0.000000000000000000e+00,0.000000000000000000e+00,0.000000000000000000e+00,0.000000000000000000e+00,0.000000000000000000e+00,0.000000000000000000e+00,3.769829705329762172e-06,3.769829705329762172e-06,3.212223090854337236e-03,4.803978665305747561e-21,4.803978665305747561e-21,3.129055620032459347e-03,4.803978665305725744e-21,2.593240539367559392e-20,1.537361704054304090e-19,8.039378044038913811e-04,9.284764786207375716e-04,9.284764786207375716e-04,1.515620310219827630e-05,1.070920855530731679e-05,1.070920855530731679e-05,0.000000000000000000e+00,0.000000000000000000e+00,0.000000000000000000e+00,0.000000000000000000e+00,0.000000000000000000e+00,3.769829705329790972e-06,3.769829705329991718e-06,3.578946404097222214e-03,4.803978665305729505e-21,3.265513973951624915e-03,6.906550927064565286e-20,1.253410819626224583e-20,7.307724957915425702e-21,1.112587030349621899e-02,4.073447268831931981e-04,5.507008666898045336e-03,1.733927315246221843e-05,1.507534865589307374e-05,1.289227860558411011e-05,3.117318679063338545e-03,0.000000000000000000e+00,0.000000000000000000e+00,0.000000000000000000e+00,0.000000000000000000e+00,0.000000000000000000e+00,3.769829705330157737e-06,3.769829705330025600e-06,3.578946404097222214e-03,8.039378044038909474e-04,3.501358360147517241e-20,6.906550927064565286e-20,4.803978665305725744e-21,4.591718417241631666e-19,1.147440507231129239e-02,4.073447268831931981e-04,6.823329836948595493e-20,1.733927315246405141e-05,1.507534865589307374e-05,1.297313305189036977e-05,8.445284058738795516e-06,0.000000000000000000e+00,0.000000000000000000e+00,0.000000000000000000e+00,0.000000000000000000e+00,0.000000000000000000e+00,3.049127272622457704e-04,3.769829705330046776e-06,8.039378044038913811e-04,4.803978665305728001e-21,4.803978665305728001e-21,3.265513973951624915e-03,1.395695503177905167e-02,5.317121492851398235e-02,6.520907599659300780e-02,6.425982118372710618e-05,5.482569021363814434e-04,5.482569021363814434e-04,1.507534865589306019e-05,1.070920855530913283e-05,0.000000000000000000e+00,0.000000000000000000e+00,0.000000000000000000e+00,0.000000000000000000e+00,0.000000000000000000e+00,8.418311662768218715e-04,3.049127272622457704e-04,3.769829705330009506e-06,1.238774628593178532e-19,2.444217206509776464e-20,4.803978665305725744e-21,6.726371633293772253e-21,2.476596722759436681e-02,5.317121492851398235e-02,8.494219679703195192e-02,0.000000000000000000e+00,5.980440887870859672e-20,1.742012759877506462e-05,1.515620310220830856e-05,1.070920855530487226e-05,0.000000000000000000e+00,2.122929706034475811e-02,0.000000000000000000e+00,0.000000000000000000e+00,0.000000000000000000e+00,0.000000000000000000e+00,2.005074839181618320e-05,1.015599615372400866e-19,1.015599615372400866e-19,8.378937313029459559e-20,2.533935569446426478e-02,1.564999064789611416e-04,1.564999064789611416e-04,1.089425706372570968e-01,8.380613365714920018e-04,8.380613365714920018e-04,9.951674613571033488e-21,1.742012759877412949e-05,1.273056971300041024e-05,1.273056971300041024e-05,8.364429612424480575e-06,0.000000000000000000e+00,0.000000000000000000e+00,0.000000000000000000e+00,0.000000000000000000e+00,9.289270740355237699e-03,1.512882634273491809e-04,3.769829705329730832e-06,1.319598650265511684e-19,1.234224949937733057e-19,2.196148342057192007e-20,1.825743989907376998e-20,4.373020376014591371e-02,4.855675138178354444e-02,5.833735383699892307e-02,1.480916995318450800e-20,7.273084366466793709e-20,1.742012759877525774e-05,1.515620310220604867e-05,1.070920855530603269e-05,1.105778483258298972e-02,1.966700516735708434e-02,0.000000000000000000e+00,0.000000000000000000e+00,0.000000000000000000e+00,0.000000000000000000e+00,1.512882634273491809e-04,3.769829705329801983e-06,3.769829705329708809e-06,3.769829705329726597e-06,3.769829705329726597e-06,9.070276305331687397e-03,2.786909540032826704e-02,4.855675138178354444e-02,6.216933259946431269e-19,9.931624797465577088e-04,5.162141155802004086e-19,5.162141155802004086e-19,1.507534865589135934e-05,0.000000000000000000e+00,1.105778483258298972e-02,0.000000000000000000e+00,0.000000000000000000e+00,0.000000000000000000e+00,0.000000000000000000e+00,0.000000000000000000e+00,3.769829705329729985e-06,3.769829705329790972e-06,3.769829705330308509e-06,3.769829705329801983e-06,7.939408253348704658e-04,1.338897596058228473e-02,1.616149413063340187e-02,2.899083667733148937e-03,1.420439951653996676e-20,1.019537000014430778e-03,7.030989522072581205e-04,3.501358360147517241e-20,3.500504705524514447e-03,1.297313305187054920e-05,8.123830884626251012e-04,0.000000000000000000e+00,0.000000000000000000e+00,0.000000000000000000e+00,0.000000000000000000e+00,0.000000000000000000e+00,3.769829705329858734e-06,3.769829705330030682e-06,3.769829705330308509e-06,9.537816476662993974e-04,3.994783726449402383e-03,1.338897596058228473e-02,1.106048025720292663e-02,3.199920126956214833e-03,2.407807742276399019e-19,1.019537000014430778e-03,2.565784771988732065e-19,8.380613365714915681e-04,3.500504705524514447e-03,5.320050401376054373e-21,6.061997388806758882e-03,0.000000000000000000e+00,0.000000000000000000e+00,0.000000000000000000e+00,0.000000000000000000e+00,0.000000000000000000e+00,3.769829705329741844e-06,3.769829705329741844e-06,3.769829705329708809e-06,3.608136384529212794e-03,3.608136384529212794e-03,6.511524066635665173e-03,3.199920126956214833e-03,1.848068953028022965e-20,8.822876854687844813e-20,1.729785295457007031e-20,1.749336608139522671e-03,1.749336608139522671e-03,8.380613365714920018e-04,8.146470129591933378e-04,8.146470129591933378e-04,0.000000000000000000e+00,0.000000000000000000e+00,0.000000000000000000e+00,0.000000000000000000e+00,0.000000000000000000e+00,0.000000000000000000e+00,8.597596963125715350e-03,2.394600646771574866e-03,3.504274535229844750e-03,2.280481655382213236e-04,1.515112291896192516e-02,4.803978665305734772e-21,1.848068953028022965e-20,1.733794496986536594e-20,2.903578166014180742e-20,1.404026304175462832e-19,3.059764361481071925e-19,2.594891634288701577e-19,1.963378638291996730e-04,0.000000000000000000e+00,0.000000000000000000e+00,0.000000000000000000e+00,0.000000000000000000e+00,0.000000000000000000e+00,0.000000000000000000e+00,0.000000000000000000e+00,6.642792022108368749e-03,2.394600646771574866e-03,4.393191316458895830e-03,2.280481655382218657e-04,5.215143649652061869e-02,5.215143649652061869e-02,1.491169660605699825e-20,4.223972775173446691e-20,4.223972775173446691e-20,2.531400924764166762e-20,3.742890396644105225e-20,2.594891634288701577e-19,7.505365885491707689e-03,0.000000000000000000e+00,0.000000000000000000e+00,0.000000000000000000e+00,0.000000000000000000e+00,0.000000000000000000e+00,0.000000000000000000e+00,0.000000000000000000e+00,0.000000000000000000e+00,3.953689950510083867e-04,3.769829705329713892e-06,1.029937717097799958e-19,1.640475678185723406e-19,2.555854642242000871e-20,2.170659090521673842e-20,4.803978665305728001e-21,3.904729649160281280e-20,1.803757560910376447e-20,1.881042607665645712e-19,2.883296498788732848e-19,0.000000000000000000e+00,0.000000000000000000e+00,0.000000000000000000e+00,0.000000000000000000e+00,0.000000000000000000e+00,0.000000000000000000e+00,0.000000000000000000e+00,0.000000000000000000e+00,0.000000000000000000e+00,0.000000000000000000e+00,9.386291960035007820e-03,1.029937717097799958e-19,1.445310343097866738e-03,3.265513973951624915e-03,2.170659090521673842e-20,2.283338475517375021e-20,8.835814345595944712e-20,1.803757560910376447e-20,3.085844906641657778e-20,3.064918115551742896e-03,0.000000000000000000e+00,0.000000000000000000e+00,0.000000000000000000e+00,0.000000000000000000e+00,0.000000000000000000e+00,0.000000000000000000e+00,0.000000000000000000e+00,0.000000000000000000e+00,0.000000000000000000e+00,0.000000000000000000e+00,0.000000000000000000e+00,1.054998066463054898e-02,8.663041865091716375e-04,8.663041865091716375e-04,2.196148342057192007e-20,4.803978665305725744e-21,4.803978665305725744e-21,3.341861778615845993e-20,3.695159754672079980e-03,0.000000000000000000e+00,0.000000000000000000e+00,0.000000000000000000e+00,0.000000000000000000e+00,0.000000000000000000e+00,0.000000000000000000e+00
0.000000000000000000e+00,0.000000000000000000e+00,0.000000000000000000e+00,0.000000000000000000e+00,0.000000000000000000e+00,5.348564374458874594e-04,0.000000000000000000e+00,0.000000000000000000e+00,2.298678458827964717e-20,0.000000000000000000e+00,0.000000000000000000e+00,0.000000000000000000e+00,0.000000000000000000e+00,0.000000000000000000e+00,5.139316975716164831e-02,0.000000000000000000e+00,0.000000000000000000e+00,0.000000000000000000e+00,0.000000000000000000e+00,0.000000000000000000e+00,0.000000000000000000e+00,0.000000000000000000e+00,0.000000000000000000e+00,0.000000000000000000e+00,1.372535124548024919e-03,0.000000000000000000e+00,0.000000000000000000e+00,0.000000000000000000e+00,0.000000000000000000e+00,0.000000000000000000e+00,4.367526004413718591e-20,0.000000000000000000e+00,0.000000000000000000e+00,2.252714814930528991e-04,1.712819849708615508e-03,0.000000000000000000e+00,0.000000000000000000e+00,0.000000000000000000e+00,0.000000000000000000e+00,0.000000000000000000e+00,0.000000000000000000e+00,0.000000000000000000e+00,0.000000000000000000e+00,0.000000000000000000e+00,0.000000000000000000e+00,2.563182439279107583e-20,0.000000000000000000e+00,0.000000000000000000e+00,0.000000000000000000e+00,1.406906001761121235e-21,2.006206510999483661e-02,2.006206510999483661e-02,0.000000000000000000e+00,0.000000000000000000e+00,0.000000000000000000e+00,1.367719709064963091e-03,0.000000000000000000e+00,0.000000000000000000e+00,0.000000000000000000e+00,0.000000000000000000e+00,0.000000000000000000e+00,0.000000000000000000e+00,0.000000000000000000e+00,0.000000000000000000e+00,0.000000000000000000e+00,0.000000000000000000e+00,9.889351341616029656e-20,1.216122736272814477e-20,0.000000000000000000e+00,2.384554384848655112e-20,0.000000000000000000e+00,0.000000000000000000e+00,0.000000000000000000e+00,0.000000000000000000e+00,0.000000000000000000e+00,0.000000000000000000e+00,0.000000000000000000e+00,0.000000000000000000e+00,0.000000000000000000e+00,0.000000000000000000e+00,0.000000000000000000e+00,0.000000000000000000e+00,0.000000000000000000e+00,0.000000000000000000e+00,5.164237885572594875e-21,2.058253604826093628e-03,2.058253604826093628e-03,3.911319525040570823e-03,0.000000000000000000e+00,2.384554384848655112e-20,2.006206510999483661e-02,0.000000000000000000e+00,2.252714814930528991e-04,2.252714814930528991e-04,0.000000000000000000e+00,0.000000000000000000e+00,0.000000000000000000e+00,0.000000000000000000e+00,0.000000000000000000e+00,0.000000000000000000e+00,0.000000000000000000e+00,0.000000000000000000e+00,1.198286591505996675e-04,7.327779598061239660e-21,2.051919940468696548e-03,0.000000000000000000e+00,4.378020212273324614e-03,2.961277448337976451e-04,2.535468461469841931e-05,0.000000000000000000e+00,3.964249898097685139e-21,0.000000000000000000e+00,0.000000000000000000e+00,2.252714814930528991e-04,0.000000000000000000e+00,0.000000000000000000e+00,0.000000000000000000e+00,0.000000000000000000e+00,0.000000000000000000e+00,0.000000000000000000e+00,0.000000000000000000e+00,0.000000000000000000e+00,0.000000000000000000e+00,6.527635668147741014e-21,2.051919940468696548e-03,0.000000000000000000e+00,0.000000000000000000e+00,2.961277448337976451e-04,3.896930449188021144e-04,7.868597808606181757e-03,0.000000000000000000e+00,0.000000000000000000e+00,0.000000000000000000e+00,2.252714814930528991e-04,0.000000000000000000e+00,0.000000000000000000e+00,0.000000000000000000e+00,0.000000000000000000e+00,0.000000000000000000e+00,0.000000000000000000e+00,0.000000000000000000e+00,0.000000000000000000e+00,2.161105383752941124e-36,0.000000000000000000e+00,1.301038636864939880e-21,0.000000000000000000e+00,0.000000000000000000e+00,4.378020212273324614e-03,1.963694257179676023e-02,6.433735475482327271e-02,7.979393082775083912e-02,0.000000000000000000e+00,0.000000000000000000e+00,0.000000000000000000e+00,2.252714814930528991e-04,0.000000000000000000e+00,0.000000000000000000e+00,0.000000000000000000e+00,0.000000000000000000e+00,0.000000000000000000e+00,0.000000000000000000e+00,9.037064506267513189e-03,2.161105383752941124e-36,0.000000000000000000e+00,2.648531213616335569e-36,0.000000000000000000e+00,0.000000000000000000e+00,0.000000000000000000e+00,3.104103491395619058e-02,6.433735475482327271e-02,8.928717093996177412e-02,0.000000000000000000e+00,2.867819029591209387e-20,0.000000000000000000e+00,2.252714814930528991e-04,0.000000000000000000e+00,0.000000000000000000e+00,2.457602975974364917e-02,0.000000000000000000e+00,0.000000000000000000e+00,0.000000000000000000e+00,0.000000000000000000e+00,0.000000000000000000e+00,2.148647173280447339e-03,2.148647173280447339e-03,0.000000000000000000e+00,3.167419461808031189e-02,9.356530008500434732e-05,9.356530008500434732e-05,1.289238750996195282e-01,0.000000000000000000e+00,0.000000000000000000e+00,4.997386227180684971e-19,0.000000000000000000e+00,0.000000000000000000e+00,0.000000000000000000e+00,1.637040452729151395e-35,0.000000000000000000e+00,0.000000000000000000e+00,0.000000000000000000e+00,0.000000000000000000e+00,9.111039645753989807e-03,0.000000000000000000e+00,0.000000000000000000e+00,0.000000000000000000e+00,0.000000000000000000e+00,0.000000000000000000e+00,0.000000000000000000e+00,3.872326882625960753e-02,5.671577805541265505e-02,9.763387422420112538e-02,0.000000000000000000e+00,1.533937747148788688e-19,0.000000000000000000e+00,0.000000000000000000e+00,7.582992155070242930e-05,1.381167443565530298e-02,2.457602975974364917e-02,0.000000000000000000e+00,0.000000000000000000e+00,0.000000000000000000e+00,0.000000000000000000e+00,0.000000000000000000e+00,0.000000000000000000e+00,0.000000000000000000e+00,0.000000000000000000e+00,0.000000000000000000e+00,0.000000000000000000e+00,3.666637240611751031e-02,5.671577805541265505e-02,0.000000000000000000e+00,1.241453099683195943e-03,1.201160756656651379e-19,1.201160756656651379e-19,1.287854403862025368e-19,0.000000000000000000e+00,1.381167443565530298e-02,0.000000000000000000e+00,0.000000000000000000e+00,0.000000000000000000e+00,0.000000000000000000e+00,0.000000000000000000e+00,0.000000000000000000e+00,0.000000000000000000e+00,0.000000000000000000e+00,0.000000000000000000e+00,0.000000000000000000e+00,0.000000000000000000e+00,6.579956746769954554e-04,1.560481027227363440e-02,0.000000000000000000e+00,1.274421250018037497e-03,0.000000000000000000e+00,0.000000000000000000e+00,0.000000000000000000e+00,0.000000000000000000e+00,2.252714814930530346e-04,0.000000000000000000e+00,0.000000000000000000e+00,0.000000000000000000e+00,0.000000000000000000e+00,0.000000000000000000e+00,0.000000000000000000e+00,1.216122736272814477e-20,0.000000000000000000e+00,0.000000000000000000e+00,0.000000000000000000e+00,0.000000000000000000e+00,0.000000000000000000e+00,0.000000000000000000e+00,1.216122736272814477e-20,1.274421250018037497e-03,0.000000000000000000e+00,1.865895096902039287e-36,0.000000000000000000e+00,9.005780937236900190e-04,0.000000000000000000e+00,0.000000000000000000e+00,0.000000000000000000e+00,0.000000000000000000e+00,0.000000000000000000e+00,0.000000000000000000e+00,0.000000000000000000e+00,0.000000000000000000e+00,0.000000000000000000e+00,1.216122736272814477e-20,1.216122736272814477e-20,4.273702546759619696e-20,2.849642962934011638e-20,0.000000000000000000e+00,0.000000000000000000e+00,0.000000000000000000e+00,2.186670760174401658e-03,2.186670760174401658e-03,0.000000000000000000e+00,0.000000000000000000e+00,0.000000000000000000e+00,0.000000000000000000e+00,0.000000000000000000e+00,0.000000000000000000e+00,0.000000000000000000e+00,0.000000000000000000e+00,0.000000000000000000e+00,0.000000000000000000e+00,1.775748496541697238e-37,1.301038636864841703e-21,0.000000000000000000e+00,1.893890364870239387e-02,0.000000000000000000e+00,0.000000000000000000e+00,0.000000000000000000e+00,0.000000000000000000e+00,6.469359519187971230e-21,3.764655718535014492e-19,5.876117774560090188e-20,9.881628349916781254e-04,0.000000000000000000e+00,0.000000000000000000e+00,0.000000000000000000e+00,0.000000000000000000e+00,0.000000000000000000e+00,0.000000000000000000e+00,0.000000000000000000e+00,2.619801308617145455e-03,1.775748496541697238e-37,2.161105383752941124e-36,0.000000000000000000e+00,5.444701170387523936e-02,5.444701170387523936e-02,0.000000000000000000e+00,5.882409168697615094e-20,5.882409168697615094e-20,1.406906001761121235e-21,0.000000000000000000e+00,5.876117774560090188e-20,6.363567682770012932e-03,0.000000000000000000e+00,0.000000000000000000e+00,0.000000000000000000e+00,0.000000000000000000e+00,0.000000000000000000e+00,0.000000000000000000e+00,0.000000000000000000e+00,0.000000000000000000e+00,0.000000000000000000e+00,0.000000000000000000e+00,2.352094227172607001e-03,0.000000000000000000e+00,0.000000000000000000e+00,0.000000000000000000e+00,0.000000000000000000e+00,3.162755414748202465e-19,0.000000000000000000e+00,0.000000000000000000e+00,9.881628349916785591e-04,0.000000000000000000e+00,0.000000000000000000e+00,0.000000000000000000e+00,0.000000000000000000e+00,0.000000000000000000e+00,0.000000000000000000e+00,0.000000000000000000e+00,0.000000000000000000e+00,0.000000000000000000e+00,0.000000000000000000e+00,1.193159971680424723e-02,2.352094227172607001e-03,6.933926508079208234e-19,4.081892467439526481e-03,0.000000000000000000e+00,0.000000000000000000e+00,0.000000000000000000e+00,0.000000000000000000e+00,3.964249898097685139e-21,3.831147644439674392e-03,0.000000000000000000e+00,0.000000000000000000e+00,0.000000000000000000e+00,0.000000000000000000e+00,0.000000000000000000e+00,0.000000000000000000e+00,0.000000000000000000e+00,0.000000000000000000e+00,0.000000000000000000e+00,0.000000000000000000e+00,0.000000000000000000e+00,1.254581474742377844e-03,0.000000000000000000e+00,0.000000000000000000e+00,0.000000000000000000e+00,1.406906001761121235e-21,1.406906001761121235e-21,0.000000000000000000e+00,3.831147644439670923e-03,0.000000000000000000e+00,0.000000000000000000e+00,0.000000000000000000e+00,0.000000000000000000e+00,0.000000000000000000e+00,0.000000000000000000e+00
0.000000000000000000e+00,0.000000000000000000e+00,0.000000000000000000e+00,0.000000000000000000e+00,0.000000000000000000e+00,1.871997531060605024e-03,0.000000000000000000e+00,0.000000000000000000e+00,8.045374605897871244e-20,0.000000000000000000e+00,0.000000000000000000e+00,0.000000000000000000e+00,0.000000000000000000e+00,0.000000000000000000e+00,5.236611652273959194e-02,0.000000000000000000e+00,0.000000000000000000e+00,0.000000000000000000e+00,0.000000000000000000e+00,0.000000000000000000e+00,0.000000000000000000e+00,0.000000000000000000e+00,0.000000000000000000e+00,0.000000000000000000e+00,6.223669162543090440e-19,0.000000000000000000e+00,0.000000000000000000e+00,0.000000000000000000e+00,0.000000000000000000e+00,0.000000000000000000e+00,1.528634101544800725e-19,0.000000000000000000e+00,0.000000000000000000e+00,7.884501852256846181e-04,1.207850492252782702e-03,0.000000000000000000e+00,0.000000000000000000e+00,0.000000000000000000e+00,0.000000000000000000e+00,0.000000000000000000e+00,0.000000000000000000e+00,0.000000000000000000e+00,0.000000000000000000e+00,0.000000000000000000e+00,0.000000000000000000e+00,8.971138537476871426e-20,0.000000000000000000e+00,0.000000000000000000e+00,0.000000000000000000e+00,4.924171006163920747e-21,7.021722788498188650e-02,7.021722788498188650e-02,0.000000000000000000e+00,0.000000000000000000e+00,0.000000000000000000e+00,0.000000000000000000e+00,0.000000000000000000e+00,0.000000000000000000e+00,0.000000000000000000e+00,0.000000000000000000e+00,0.000000000000000000e+00,0.000000000000000000e+00,0.000000000000000000e+00,0.000000000000000000e+00,0.000000000000000000e+00,0.000000000000000000e+00,3.461272969565608393e-19,4.256429576954847737e-20,0.000000000000000000e+00,8.345940346970288831e-20,0.000000000000000000e+00,0.000000000000000000e+00,0.000000000000000000e+00,0.000000000000000000e+00,0.000000000000000000e+00,0.000000000000000000e+00,0.000000000000000000e+00,0.000000000000000000e+00,0.000000000000000000e+00,0.000000000000000000e+00,0.000000000000000000e+00,0.000000000000000000e+00,0.000000000000000000e+00,0.000000000000000000e+00,0.000000000000000000e+00,7.203887616891323578e-03,7.203887616891323578e-03,0.000000000000000000e+00,0.000000000000000000e+00,8.345940346970288831e-20,7.021722788498188650e-02,0.000000000000000000e+00,7.884501852256846181e-04,7.884501852256846181e-04,0.000000000000000000e+00,0.000000000000000000e+00,0.000000000000000000e+00,0.000000000000000000e+00,0.000000000000000000e+00,0.000000000000000000e+00,0.000000000000000000e+00,0.000000000000000000e+00,4.194003070270986263e-04,2.564722859321432452e-20,7.181719791640433365e-03,0.000000000000000000e+00,1.036447106918291080e-03,1.036447106918291080e-03,8.874139615144440829e-05,0.000000000000000000e+00,0.000000000000000000e+00,0.000000000000000000e+00,0.000000000000000000e+00,7.884501852256846181e-04,0.000000000000000000e+00,0.000000000000000000e+00,0.000000000000000000e+00,0.000000000000000000e+00,0.000000000000000000e+00,0.000000000000000000e+00,0.000000000000000000e+00,0.000000000000000000e+00,0.000000000000000000e+00,0.000000000000000000e+00,7.181719791640433365e-03,0.000000000000000000e+00,0.000000000000000000e+00,1.036447106918291080e-03,1.363925657215806506e-03,2.754009233012161967e-02,0.000000000000000000e+00,0.000000000000000000e+00,0.000000000000000000e+00,7.884501852256846181e-04,0.000000000000000000e+00,0.000000000000000000e+00,0.000000000000000000e+00,0.000000000000000000e+00,0.000000000000000000e+00,0.000000000000000000e+00,0.000000000000000000e+00,0.000000000000000000e+00,0.000000000000000000e+00,0.000000000000000000e+00,0.000000000000000000e+00,0.000000000000000000e+00,0.000000000000000000e+00,1.036447106918291080e-03,8.228598044422901284e-03,7.820700172415875895e-02,7.787952317386123702e-02,0.000000000000000000e+00,0.000000000000000000e+00,0.000000000000000000e+00,7.884501852256846181e-04,0.000000000000000000e+00,0.000000000000000000e+00,0.000000000000000000e+00,0.000000000000000000e+00,0.000000000000000000e+00,0.000000000000000000e+00,3.162972577193627621e-02,0.000000000000000000e+00,0.000000000000000000e+00,0.000000000000000000e+00,0.000000000000000000e+00,0.000000000000000000e+00,0.000000000000000000e+00,8.534928852889404286e-04,7.820700172415875895e-02,7.787952317386123702e-02,0.000000000000000000e+00,1.003736660356922774e-19,0.000000000000000000e+00,7.884501852256846181e-04,0.000000000000000000e+00,0.000000000000000000e+00,0.000000000000000000e+00,0.000000000000000000e+00,0.000000000000000000e+00,0.000000000000000000e+00,0.000000000000000000e+00,0.000000000000000000e+00,7.520265106481560484e-03,7.520265106481560484e-03,0.000000000000000000e+00,0.000000000000000000e+00,3.274785502975149920e-04,3.274785502975149920e-04,1.206780405617664809e-01,0.000000000000000000e+00,0.000000000000000000e+00,1.749085179513238633e-18,0.000000000000000000e+00,0.000000000000000000e+00,0.000000000000000000e+00,5.729641584552026406e-35,0.000000000000000000e+00,0.000000000000000000e+00,0.000000000000000000e+00,0.000000000000000000e+00,8.463812560913628507e-04,0.000000000000000000e+00,0.000000000000000000e+00,0.000000000000000000e+00,0.000000000000000000e+00,0.000000000000000000e+00,0.000000000000000000e+00,3.274785502975153173e-04,5.851424187060581122e-02,1.272403865897992759e-01,0.000000000000000000e+00,3.010053425652636339e-19,0.000000000000000000e+00,0.000000000000000000e+00,2.654047254274583467e-04,0.000000000000000000e+00,0.000000000000000000e+00,0.000000000000000000e+00,0.000000000000000000e+00,0.000000000000000000e+00,0.000000000000000000e+00,0.000000000000000000e+00,0.000000000000000000e+00,0.000000000000000000e+00,0.000000000000000000e+00,0.000000000000000000e+00,0.000000000000000000e+00,5.148574458078433724e-02,5.851424187060581122e-02,0.000000000000000000e+00,5.018683301784606647e-20,0.000000000000000000e+00,0.000000000000000000e+00,0.000000000000000000e+00,0.000000000000000000e+00,0.000000000000000000e+00,0.000000000000000000e+00,0.000000000000000000e+00,0.000000000000000000e+00,0.000000000000000000e+00,0.000000000000000000e+00,0.000000000000000000e+00,0.000000000000000000e+00,0.000000000000000000e+00,0.000000000000000000e+00,0.000000000000000000e+00,0.000000000000000000e+00,0.000000000000000000e+00,5.461683595295768745e-02,0.000000000000000000e+00,8.765818254828364093e-19,0.000000000000000000e+00,0.000000000000000000e+00,0.000000000000000000e+00,0.000000000000000000e+00,7.884501852256850518e-04,0.000000000000000000e+00,0.000000000000000000e+00,0.000000000000000000e+00,0.000000000000000000e+00,0.000000000000000000e+00,0.000000000000000000e+00,4.256429576954847737e-20,0.000000000000000000e+00,0.000000000000000000e+00,0.000000000000000000e+00,0.000000000000000000e+00,0.000000000000000000e+00,0.000000000000000000e+00,4.256429576954847737e-20,8.765818254828364093e-19,0.000000000000000000e+00,0.000000000000000000e+00,0.000000000000000000e+00,3.152023328032912790e-03,0.000000000000000000e+00,0.000000000000000000e+00,0.000000000000000000e+00,0.000000000000000000e+00,0.000000000000000000e+00,0.000000000000000000e+00,0.000000000000000000e+00,0.000000000000000000e+00,0.000000000000000000e+00,4.256429576954847737e-20,4.256429576954847737e-20,1.495795891365865840e-19,9.973750370269035616e-20,0.000000000000000000e+00,0.000000000000000000e+00,0.000000000000000000e+00,7.328053334956712689e-20,7.328053334956712689e-20,0.000000000000000000e+00,0.000000000000000000e+00,0.000000000000000000e+00,0.000000000000000000e+00,0.000000000000000000e+00,0.000000000000000000e+00,0.000000000000000000e+00,0.000000000000000000e+00,0.000000000000000000e+00,0.000000000000000000e+00,0.000000000000000000e+00,0.000000000000000000e+00,0.000000000000000000e+00,0.000000000000000000e+00,0.000000000000000000e+00,0.000000000000000000e+00,0.000000000000000000e+00,0.000000000000000000e+00,0.000000000000000000e+00,0.000000000000000000e+00,0.000000000000000000e+00,3.458569922470871270e-03,0.000000000000000000e+00,0.000000000000000000e+00,0.000000000000000000e+00,0.000000000000000000e+00,0.000000000000000000e+00,0.000000000000000000e+00,0.000000000000000000e+00,0.000000000000000000e+00,0.000000000000000000e+00,0.000000000000000000e+00,0.000000000000000000e+00,0.000000000000000000e+00,0.000000000000000000e+00,0.000000000000000000e+00,2.058843209044163778e-19,2.058843209044163778e-19,4.924171006163920747e-21,0.000000000000000000e+00,0.000000000000000000e+00,3.458569922470869536e-03,0.000000000000000000e+00,0.000000000000000000e+00,0.000000000000000000e+00,0.000000000000000000e+00,0.000000000000000000e+00,0.000000000000000000e+00,0.000000000000000000e+00,0.000000000000000000e+00,0.000000000000000000e+00,0.000000000000000000e+00,8.232329795104119732e-03,0.000000000000000000e+00,0.000000000000000000e+00,0.000000000000000000e+00,0.000000000000000000e+00,1.106964395161870165e-18,0.000000000000000000e+00,0.000000000000000000e+00,3.458569922470873005e-03,0.000000000000000000e+00,0.000000000000000000e+00,0.000000000000000000e+00,0.000000000000000000e+00,0.000000000000000000e+00,0.000000000000000000e+00,0.000000000000000000e+00,0.000000000000000000e+00,0.000000000000000000e+00,0.000000000000000000e+00,7.120646886225591400e-04,8.232329795104119732e-03,3.823535238423048185e-20,0.000000000000000000e+00,0.000000000000000000e+00,0.000000000000000000e+00,0.000000000000000000e+00,0.000000000000000000e+00,0.000000000000000000e+00,0.000000000000000000e+00,0.000000000000000000e+00,0.000000000000000000e+00,0.000000000000000000e+00,0.000000000000000000e+00,0.000000000000000000e+00,0.000000000000000000e+00,0.000000000000000000e+00,0.000000000000000000e+00,0.000000000000000000e+00,0.000000000000000000e+00,0.000000000000000000e+00,4.391035161598319525e-03,0.000000000000000000e+00,0.000000000000000000e+00,0.000000000000000000e+00,4.924171006163920747e-21,4.924171006163920747e-21,0.000000000000000000e+00,7.944780482076557899e-19,0.000000000000000000e+00,0.000000000000000000e+00,0.000000000000000000e+00,0.000000000000000000e+00,0.000000000000000000e+00,0.000000000000000000e+00
0.000000000000000000e+00,0.000000000000000000e+00,0.000000000000000000e+00,0.000000000000000000e+00,0.000000000000000000e+00,5.348564374458857247e-04,5.042263404148532862e-20,1.097735652687953583e-19,2.298678458827957194e-20,0.000000000000000000e+00,3.504670651106990432e-35,0.000000000000000000e+00,0.000000000000000000e+00,9.608325693533582138e-20,1.967492229733748543e-02,0.000000000000000000e+00,0.000000000000000000e+00,0.000000000000000000e+00,0.000000000000000000e+00,0.000000000000000000e+00,0.000000000000000000e+00,0.000000000000000000e+00,0.000000000000000000e+00,0.000000000000000000e+00,2.109195231771314775e-04,1.360902758304469553e-03,5.042263404148532862e-20,1.172730863487084184e-18,0.000000000000000000e+00,0.000000000000000000e+00,1.128456625651460014e-03,0.000000000000000000e+00,0.000000000000000000e+00,2.368001969532581782e-02,2.680416452721673219e-03,0.000000000000000000e+00,0.000000000000000000e+00,0.000000000000000000e+00,0.000000000000000000e+00,0.000000000000000000e+00,0.000000000000000000e+00,0.000000000000000000e+00,0.000000000000000000e+00,5.846629237028188632e-03,0.000000000000000000e+00,2.563182439279099759e-20,8.090666852584749592e-04,2.149534031275354922e-34,2.149534031275354922e-34,1.406906001761116344e-21,2.198375605397953625e-02,2.198375605397953625e-02,0.000000000000000000e+00,6.781928828857698271e-21,3.265496915474937186e-36,0.000000000000000000e+00,0.000000000000000000e+00,0.000000000000000000e+00,0.000000000000000000e+00,0.000000000000000000e+00,0.000000000000000000e+00,0.000000000000000000e+00,0.000000000000000000e+00,0.000000000000000000e+00,0.000000000000000000e+00,0.000000000000000000e+00,9.023175817632667116e-04,1.044943934047670372e-03,2.558225978766378647e-19,2.742059216636827301e-20,1.921690943984769896e-03,2.201854834891344911e-04,0.000000000000000000e+00,2.521895902156585223e-36,3.265496915474937186e-36,0.000000000000000000e+00,0.000000000000000000e+00,0.000000000000000000e+00,0.000000000000000000e+00,0.000000000000000000e+00,0.000000000000000000e+00,0.000000000000000000e+00,0.000000000000000000e+00,0.000000000000000000e+00,0.000000000000000000e+00,2.058253604826087123e-03,2.058253604826087123e-03,0.000000000000000000e+00,3.575048317881793355e-21,2.742059216636827301e-20,2.198375605397953625e-02,0.000000000000000000e+00,2.252714814930522214e-04,2.252714814930522214e-04,1.301042606982606476e-18,0.000000000000000000e+00,0.000000000000000000e+00,0.000000000000000000e+00,0.000000000000000000e+00,0.000000000000000000e+00,0.000000000000000000e+00,0.000000000000000000e+00,1.198286591505993287e-04,7.327779598061217090e-21,2.051919940468690043e-03,0.000000000000000000e+00,2.961277448337967235e-04,7.194636028052968368e-02,1.502711836094079711e-03,0.000000000000000000e+00,5.822011493890999045e-04,0.000000000000000000e+00,3.932969241437497440e-22,2.252714814930522214e-04,2.139437275214570487e-21,0.000000000000000000e+00,1.638000747250294212e-22,0.000000000000000000e+00,0.000000000000000000e+00,0.000000000000000000e+00,0.000000000000000000e+00,0.000000000000000000e+00,0.000000000000000000e+00,0.000000000000000000e+00,2.051919940468690043e-03,0.000000000000000000e+00,0.000000000000000000e+00,7.194636028052968368e-02,2.083207539318182675e-03,7.868597808606155736e-03,0.000000000000000000e+00,0.000000000000000000e+00,0.000000000000000000e+00,2.252714814930522214e-04,2.139437275214570487e-21,0.000000000000000000e+00,0.000000000000000000e+00,0.000000000000000000e+00,0.000000000000000000e+00,0.000000000000000000e+00,0.000000000000000000e+00,0.000000000000000000e+00,0.000000000000000000e+00,0.000000000000000000e+00,0.000000000000000000e+00,0.000000000000000000e+00,0.000000000000000000e+00,2.961277448337967235e-04,2.109013732386060685e-02,4.256871676036284163e-02,7.293066896845358527e-02,1.981387049999603908e-20,0.000000000000000000e+00,0.000000000000000000e+00,2.252714814930523298e-04,1.044193928739045407e-22,0.000000000000000000e+00,0.000000000000000000e+00,0.000000000000000000e+00,0.000000000000000000e+00,0.000000000000000000e+00,9.037064506267483699e-03,0.000000000000000000e+00,0.000000000000000000e+00,0.000000000000000000e+00,0.000000000000000000e+00,0.000000000000000000e+00,0.000000000000000000e+00,4.600124530025538031e-04,4.256871676036284163e-02,1.176305663500921972e-01,0.000000000000000000e+00,2.690822982345738219e-19,2.595195636438447530e-20,2.252714814930522214e-04,0.000000000000000000e+00,0.000000000000000000e+00,0.000000000000000000e+00,0.000000000000000000e+00,0.000000000000000000e+00,0.000000000000000000e+00,0.000000000000000000e+00,0.000000000000000000e+00,2.148647173280440401e-03,2.148647173280440401e-03,0.000000000000000000e+00,0.000000000000000000e+00,9.356530008500403561e-05,9.356530008500403561e-05,5.990679646562527966e-02,0.000000000000000000e+00,0.000000000000000000e+00,4.997386227180668601e-19,0.000000000000000000e+00,0.000000000000000000e+00,0.000000000000000000e+00,8.222305923369552241e-20,0.000000000000000000e+00,0.000000000000000000e+00,0.000000000000000000e+00,0.000000000000000000e+00,1.767452106590910663e-03,0.000000000000000000e+00,0.000000000000000000e+00,2.905111991237483650e-37,0.000000000000000000e+00,0.000000000000000000e+00,0.000000000000000000e+00,2.931400555733609456e-02,9.904661195548500330e-02,1.278603106696852565e-01,1.620616497496136460e-20,1.096806829358516746e-19,3.394263945161826322e-21,0.000000000000000000e+00,7.582992155070219890e-05,0.000000000000000000e+00,6.732342561381683861e-03,0.000000000000000000e+00,0.000000000000000000e+00,0.000000000000000000e+00,0.000000000000000000e+00,0.000000000000000000e+00,0.000000000000000000e+00,0.000000000000000000e+00,0.000000000000000000e+00,0.000000000000000000e+00,0.000000000000000000e+00,1.471021273736691781e-02,9.904661195548500330e-02,0.000000000000000000e+00,2.349039268503383719e-20,3.932969241437500261e-22,3.932969241437500261e-22,0.000000000000000000e+00,2.459525711977416317e-04,0.000000000000000000e+00,0.000000000000000000e+00,0.000000000000000000e+00,0.000000000000000000e+00,0.000000000000000000e+00,0.000000000000000000e+00,5.895543562790621882e-05,0.000000000000000000e+00,0.000000000000000000e+00,0.000000000000000000e+00,0.000000000000000000e+00,0.000000000000000000e+00,1.980864588820312969e-03,1.823684729883412459e-02,0.000000000000000000e+00,2.504519501379525857e-19,0.000000000000000000e+00,1.638000747250294212e-22,0.000000000000000000e+00,0.000000000000000000e+00,2.562943989130085382e-03,0.000000000000000000e+00,0.000000000000000000e+00,0.000000000000000000e+00,0.000000000000000000e+00,0.000000000000000000e+00,1.039537927567012529e-04,1.216122736272810716e-20,0.000000000000000000e+00,0.000000000000000000e+00,0.000000000000000000e+00,0.000000000000000000e+00,0.000000000000000000e+00,7.066999166153742351e-02,1.216122736272810716e-20,2.504519501379525857e-19,3.932969241437497440e-22,3.646684944699172482e-24,0.000000000000000000e+00,9.005780937236872001e-04,2.337672507637032944e-03,0.000000000000000000e+00,0.000000000000000000e+00,0.000000000000000000e+00,0.000000000000000000e+00,0.000000000000000000e+00,0.000000000000000000e+00,0.000000000000000000e+00,0.000000000000000000e+00,1.257872309810475868e-02,1.257872309810475868e-02,4.273702546759605853e-20,2.849642962934002610e-20,0.000000000000000000e+00,0.000000000000000000e+00,0.000000000000000000e+00,2.093729524273340980e-20,2.093729524273340980e-20,7.120975779411146904e-20,0.000000000000000000e+00,0.000000000000000000e+00,0.000000000000000000e+00,0.000000000000000000e+00,0.000000000000000000e+00,0.000000000000000000e+00,0.000000000000000000e+00,0.000000000000000000e+00,3.103994369458635988e-20,1.322548841889669737e-02,0.000000000000000000e+00,3.708659839535058081e-19,0.000000000000000000e+00,7.159566179293006243e-04,0.000000000000000000e+00,0.000000000000000000e+00,0.000000000000000000e+00,5.810223982474967300e-37,0.000000000000000000e+00,0.000000000000000000e+00,1.111348574697661705e-03,0.000000000000000000e+00,0.000000000000000000e+00,0.000000000000000000e+00,0.000000000000000000e+00,0.000000000000000000e+00,0.000000000000000000e+00,0.000000000000000000e+00,0.000000000000000000e+00,1.322548841889669737e-02,0.000000000000000000e+00,0.000000000000000000e+00,0.000000000000000000e+00,0.000000000000000000e+00,5.393032118945598747e-22,5.882409168697597038e-20,5.882409168697597038e-20,1.406906001761116344e-21,1.044193928739049169e-22,0.000000000000000000e+00,2.349065593296143992e-03,0.000000000000000000e+00,0.000000000000000000e+00,0.000000000000000000e+00,0.000000000000000000e+00,0.000000000000000000e+00,0.000000000000000000e+00,0.000000000000000000e+00,0.000000000000000000e+00,0.000000000000000000e+00,0.000000000000000000e+00,2.768075790824865712e-03,0.000000000000000000e+00,2.358914421472683945e-22,0.000000000000000000e+00,0.000000000000000000e+00,3.162755414748192354e-19,9.906051897007804271e-05,0.000000000000000000e+00,9.881628349916755233e-04,0.000000000000000000e+00,0.000000000000000000e+00,0.000000000000000000e+00,0.000000000000000000e+00,0.000000000000000000e+00,0.000000000000000000e+00,0.000000000000000000e+00,0.000000000000000000e+00,0.000000000000000000e+00,0.000000000000000000e+00,2.034470538921592277e-04,2.768075790824865712e-03,1.092438639549439501e-20,0.000000000000000000e+00,0.000000000000000000e+00,0.000000000000000000e+00,0.000000000000000000e+00,9.906051897007804271e-05,1.128492673083104453e-04,1.360902758304469553e-03,0.000000000000000000e+00,0.000000000000000000e+00,0.000000000000000000e+00,0.000000000000000000e+00,0.000000000000000000e+00,0.000000000000000000e+00,0.000000000000000000e+00,0.000000000000000000e+00,0.000000000000000000e+00,0.000000000000000000e+00,0.000000000000000000e+00,1.670563038394639807e-03,9.491536043724067189e-04,9.491536043724067189e-04,2.905111991237483650e-37,1.406906001761116344e-21,1.406906001761116344e-21,0.000000000000000000e+00,4.630682351203527312e-04,0.000000000000000000e+00,0.000000000000000000e+00,0.000000000000000000e+00,0.000000000000000000e+00,0.000000000000000000e+00,0.000000000000000000e+00
0.000000000000000000e+00,0.000000000000000000e+00,0.000000000000000000e+00,0.000000000000000000e+00,0.000000000000000000e+00,6.962970402058555469e-03,4.033810723318812086e-20,8.781885221503597128e-20,0.000000000000000000e+00,0.000000000000000000e+00,2.803736520885582510e-35,0.000000000000000000e+00,0.000000000000000000e+00,9.754204752344628479e-04,2.417615214710564647e-02,0.000000000000000000e+00,0.000000000000000000e+00,0.000000000000000000e+00,0.000000000000000000e+00,0.000000000000000000e+00,0.000000000000000000e+00,0.000000000000000000e+00,0.000000000000000000e+00,0.000000000000000000e+00,1.687356185417044447e-04,1.088722206643571912e-03,4.033810723318812086e-20,9.381846907896641889e-19,0.000000000000000000e+00,0.000000000000000000e+00,9.027653005211647369e-04,0.000000000000000000e+00,0.000000000000000000e+00,1.876379857106614396e-02,1.868253049662410960e-03,0.000000000000000000e+00,0.000000000000000000e+00,0.000000000000000000e+00,0.000000000000000000e+00,0.000000000000000000e+00,0.000000000000000000e+00,0.000000000000000000e+00,0.000000000000000000e+00,4.677303389622534599e-03,0.000000000000000000e+00,0.000000000000000000e+00,6.472533482067776255e-04,1.719627225020277651e-34,1.719627225020277651e-34,0.000000000000000000e+00,1.537352755187808414e-03,1.537352755187808414e-03,0.000000000000000000e+00,5.425543063086139809e-21,2.868164613054433110e-19,8.694732489621578018e-21,0.000000000000000000e+00,0.000000000000000000e+00,0.000000000000000000e+00,0.000000000000000000e+00,0.000000000000000000e+00,0.000000000000000000e+00,0.000000000000000000e+00,0.000000000000000000e+00,0.000000000000000000e+00,0.000000000000000000e+00,7.218540654106108106e-04,8.359551472381333490e-04,2.046580783013095792e-19,2.860038654305423926e-21,1.537352755187810366e-03,1.599060506807236607e-03,0.000000000000000000e+00,2.017516721725260829e-36,2.868164613054433110e-19,0.000000000000000000e+00,0.000000000000000000e+00,0.000000000000000000e+00,0.000000000000000000e+00,0.000000000000000000e+00,0.000000000000000000e+00,0.000000000000000000e+00,0.000000000000000000e+00,0.000000000000000000e+00,0.000000000000000000e+00,0.000000000000000000e+00,0.000000000000000000e+00,0.000000000000000000e+00,2.860038654305423926e-21,2.860038654305423926e-21,1.537352755187808414e-03,0.000000000000000000e+00,0.000000000000000000e+00,0.000000000000000000e+00,1.040834085586081329e-18,0.000000000000000000e+00,0.000000000000000000e+00,0.000000000000000000e+00,0.000000000000000000e+00,0.000000000000000000e+00,0.000000000000000000e+00,0.000000000000000000e+00,1.405963045614918281e-19,8.963014415795103470e-21,0.000000000000000000e+00,0.000000000000000000e+00,0.000000000000000000e+00,5.762353473773023510e-02,1.181885721183501079e-03,9.082557031203211169e-20,4.657609195112782756e-04,0.000000000000000000e+00,3.146375393149986855e-22,1.065312330148667125e-36,1.711549820171650371e-21,2.868164613054433110e-19,1.310400597800230668e-22,0.000000000000000000e+00,0.000000000000000000e+00,0.000000000000000000e+00,0.000000000000000000e+00,0.000000000000000000e+00,0.000000000000000000e+00,0.000000000000000000e+00,0.000000000000000000e+00,0.000000000000000000e+00,0.000000000000000000e+00,5.762353473773023510e-02,2.732090718785305534e-03,1.198999351094325342e-03,0.000000000000000000e+00,0.000000000000000000e+00,0.000000000000000000e+00,9.467379115468118099e-23,1.711549820171650371e-21,0.000000000000000000e+00,3.466780188013311552e-04,0.000000000000000000e+00,0.000000000000000000e+00,0.000000000000000000e+00,0.000000000000000000e+00,0.000000000000000000e+00,0.000000000000000000e+00,0.000000000000000000e+00,0.000000000000000000e+00,0.000000000000000000e+00,0.000000000000000000e+00,0.000000000000000000e+00,2.401921674843233295e-02,6.509249540914463505e-02,4.646676989426751225e-02,1.585109639999677469e-20,0.000000000000000000e+00,0.000000000000000000e+00,1.008757695620462156e-19,8.606632317436037002e-04,3.466780187999504779e-04,0.000000000000000000e+00,0.000000000000000000e+00,0.000000000000000000e+00,0.000000000000000000e+00,8.606632317436037002e-04,0.000000000000000000e+00,0.000000000000000000e+00,0.000000000000000000e+00,0.000000000000000000e+00,0.000000000000000000e+00,0.000000000000000000e+00,1.512412376164959035e-02,6.509249540914463505e-02,1.252168273209958993e-01,0.000000000000000000e+00,1.923232863509287854e-19,2.076156509150750621e-20,5.046174350127175628e-20,8.606632317436032666e-04,3.466780187999504779e-04,0.000000000000000000e+00,0.000000000000000000e+00,0.000000000000000000e+00,0.000000000000000000e+00,0.000000000000000000e+00,0.000000000000000000e+00,0.000000000000000000e+00,0.000000000000000000e+00,0.000000000000000000e+00,0.000000000000000000e+00,0.000000000000000000e+00,0.000000000000000000e+00,7.828322245282767766e-02,1.715023201687850690e-02,1.715023201687850690e-02,0.000000000000000000e+00,0.000000000000000000e+00,0.000000000000000000e+00,0.000000000000000000e+00,6.577844738695615311e-20,0.000000000000000000e+00,0.000000000000000000e+00,0.000000000000000000e+00,0.000000000000000000e+00,2.081166344195445328e-03,7.556929195399303932e-04,0.000000000000000000e+00,2.324089592989978735e-37,0.000000000000000000e+00,2.080899445887255707e-03,1.571180583008196336e-03,2.337635220580078915e-02,1.238039431169805499e-01,1.311460690096679649e-01,1.296493197996904594e-20,1.894332519090690034e-20,2.715411156129451428e-21,0.000000000000000000e+00,0.000000000000000000e+00,8.606632317436037002e-04,5.385874049105328007e-03,0.000000000000000000e+00,0.000000000000000000e+00,0.000000000000000000e+00,0.000000000000000000e+00,7.556929195399303932e-04,0.000000000000000000e+00,0.000000000000000000e+00,0.000000000000000000e+00,0.000000000000000000e+00,1.748601263784627726e-18,3.688340969429254722e-19,1.238039431169805499e-01,4.299013952141763489e-02,7.321038029662257485e-21,3.146375393149988736e-22,3.146375393149988736e-22,0.000000000000000000e+00,1.967620569581926494e-04,8.606632317436037002e-04,0.000000000000000000e+00,0.000000000000000000e+00,0.000000000000000000e+00,0.000000000000000000e+00,0.000000000000000000e+00,9.078275802459285018e-04,0.000000000000000000e+00,0.000000000000000000e+00,0.000000000000000000e+00,0.000000000000000000e+00,1.105478970652792967e-03,1.584691671056245128e-03,2.105629621248427188e-03,0.000000000000000000e+00,0.000000000000000000e+00,2.868164613054433110e-19,1.310400597800230668e-22,0.000000000000000000e+00,0.000000000000000000e+00,1.870138006109619893e-03,0.000000000000000000e+00,0.000000000000000000e+00,0.000000000000000000e+00,0.000000000000000000e+00,0.000000000000000000e+00,9.438262659489642797e-04,0.000000000000000000e+00,0.000000000000000000e+00,0.000000000000000000e+00,0.000000000000000000e+00,1.105478970652792967e-03,3.981336190808032818e-04,5.653599332922973342e-02,0.000000000000000000e+00,0.000000000000000000e+00,3.146375393149986855e-22,2.917347955759327185e-24,0.000000000000000000e+00,1.558416210494758937e-20,1.870138006109619893e-03,0.000000000000000000e+00,0.000000000000000000e+00,0.000000000000000000e+00,0.000000000000000000e+00,0.000000000000000000e+00,0.000000000000000000e+00,0.000000000000000000e+00,0.000000000000000000e+00,1.006297847848377017e-02,1.006297847848377017e-02,1.105478970652792967e-03,0.000000000000000000e+00,0.000000000000000000e+00,0.000000000000000000e+00,0.000000000000000000e+00,0.000000000000000000e+00,0.000000000000000000e+00,5.696780623528898264e-20,0.000000000000000000e+00,0.000000000000000000e+00,0.000000000000000000e+00,0.000000000000000000e+00,0.000000000000000000e+00,0.000000000000000000e+00,0.000000000000000000e+00,0.000000000000000000e+00,2.483195495566900124e-20,1.058039073511731973e-02,8.963014415795114002e-21,2.966927871628035776e-19,0.000000000000000000e+00,5.727652943434383311e-04,0.000000000000000000e+00,0.000000000000000000e+00,0.000000000000000000e+00,4.648179185979957469e-37,0.000000000000000000e+00,0.000000000000000000e+00,9.854859176478999430e-05,0.000000000000000000e+00,0.000000000000000000e+00,0.000000000000000000e+00,0.000000000000000000e+00,0.000000000000000000e+00,0.000000000000000000e+00,0.000000000000000000e+00,0.000000000000000000e+00,1.058039073511731973e-02,0.000000000000000000e+00,0.000000000000000000e+00,0.000000000000000000e+00,0.000000000000000000e+00,4.314425695156462823e-22,0.000000000000000000e+00,0.000000000000000000e+00,0.000000000000000000e+00,8.353551429912362787e-23,0.000000000000000000e+00,1.088722206643572129e-03,0.000000000000000000e+00,0.000000000000000000e+00,0.000000000000000000e+00,0.000000000000000000e+00,0.000000000000000000e+00,0.000000000000000000e+00,0.000000000000000000e+00,0.000000000000000000e+00,0.000000000000000000e+00,0.000000000000000000e+00,3.327852509218114790e-04,0.000000000000000000e+00,1.887131537178140526e-22,0.000000000000000000e+00,0.000000000000000000e+00,0.000000000000000000e+00,7.924841517606214685e-05,0.000000000000000000e+00,0.000000000000000000e+00,0.000000000000000000e+00,0.000000000000000000e+00,0.000000000000000000e+00,0.000000000000000000e+00,0.000000000000000000e+00,0.000000000000000000e+00,0.000000000000000000e+00,0.000000000000000000e+00,0.000000000000000000e+00,0.000000000000000000e+00,8.373415219972252754e-21,3.327852509218114790e-04,0.000000000000000000e+00,0.000000000000000000e+00,0.000000000000000000e+00,0.000000000000000000e+00,0.000000000000000000e+00,7.924841517606214685e-05,9.027941384664802554e-05,1.088722206643571912e-03,0.000000000000000000e+00,0.000000000000000000e+00,0.000000000000000000e+00,0.000000000000000000e+00,0.000000000000000000e+00,0.000000000000000000e+00,0.000000000000000000e+00,0.000000000000000000e+00,0.000000000000000000e+00,0.000000000000000000e+00,0.000000000000000000e+00,3.327852509218115875e-04,7.593228834979227080e-04,7.593228834979227080e-04,2.324089592989978735e-37,0.000000000000000000e+00,0.000000000000000000e+00,0.000000000000000000e+00,1.335716461418398962e-03,0.000000000000000000e+00,0.000000000000000000e+00,0.000000000000000000e+00,0.000000000000000000e+00,0.000000000000000000e+00,0.000000000000000000e+00
0.000000000000000000e+00,0.000000000000000000e+00,0.000000000000000000e+00,0.000000000000000000e+00,0.000000000000000000e+00,1.392594080411703461e-02,0.000000000000000000e+00,0.000000000000000000e+00,0.000000000000000000e+00,0.000000000000000000e+00,5.421454147289700580e-20,7.905425319272815538e-05,0.000000000000000000e+00,1.950840950468914854e-03,4.086812816698762868e-02,0.000000000000000000e+00,0.000000000000000000e+00,0.000000000000000000e+00,0.000000000000000000e+00,0.000000000000000000e+00,0.000000000000000000e+00,0.000000000000000000e+00,0.000000000000000000e+00,0.000000000000000000e+00,0.000000000000000000e+00,0.000000000000000000e+00,0.000000000000000000e+00,0.000000000000000000e+00,0.000000000000000000e+00,0.000000000000000000e+00,7.214057030448712547e-20,0.000000000000000000e+00,0.000000000000000000e+00,5.690342383561432406e-05,5.690342383561429018e-05,0.000000000000000000e+00,0.000000000000000000e+00,0.000000000000000000e+00,0.000000000000000000e+00,0.000000000000000000e+00,0.000000000000000000e+00,0.000000000000000000e+00,0.000000000000000000e+00,3.256068543644483689e-04,0.000000000000000000e+00,0.000000000000000000e+00,0.000000000000000000e+00,8.854969748858306050e-21,8.854969748858306050e-21,0.000000000000000000e+00,0.000000000000000000e+00,0.000000000000000000e+00,0.000000000000000000e+00,5.132434460663078655e-05,5.736329226108834443e-19,5.690342383561423597e-05,0.000000000000000000e+00,0.000000000000000000e+00,0.000000000000000000e+00,0.000000000000000000e+00,0.000000000000000000e+00,0.000000000000000000e+00,0.000000000000000000e+00,0.000000000000000000e+00,0.000000000000000000e+00,0.000000000000000000e+00,0.000000000000000000e+00,0.000000000000000000e+00,0.000000000000000000e+00,0.000000000000000000e+00,4.882808882960668756e-03,3.174830267008237148e-03,0.000000000000000000e+00,0.000000000000000000e+00,5.736329226108834443e-19,5.690342383561429018e-05,0.000000000000000000e+00,0.000000000000000000e+00,0.000000000000000000e+00,0.000000000000000000e+00,0.000000000000000000e+00,0.000000000000000000e+00,0.000000000000000000e+00,0.000000000000000000e+00,0.000000000000000000e+00,0.000000000000000000e+00,0.000000000000000000e+00,0.000000000000000000e+00,0.000000000000000000e+00,0.000000000000000000e+00,0.000000000000000000e+00,0.000000000000000000e+00,5.579048457511565057e-20,5.579048457511565057e-20,5.690342383561437827e-05,5.690342383561422242e-05,5.690342383561422242e-05,0.000000000000000000e+00,0.000000000000000000e+00,0.000000000000000000e+00,0.000000000000000000e+00,0.000000000000000000e+00,2.811926091229820673e-19,1.792602883159010763e-20,0.000000000000000000e+00,0.000000000000000000e+00,0.000000000000000000e+00,6.066974183474507657e-04,0.000000000000000000e+00,7.021722788498277294e-03,2.635508622262802648e-04,0.000000000000000000e+00,0.000000000000000000e+00,0.000000000000000000e+00,8.859083215653797424e-20,5.690342383561478485e-05,5.690342383561429018e-05,0.000000000000000000e+00,0.000000000000000000e+00,0.000000000000000000e+00,0.000000000000000000e+00,0.000000000000000000e+00,0.000000000000000000e+00,0.000000000000000000e+00,0.000000000000000000e+00,0.000000000000000000e+00,0.000000000000000000e+00,6.066974183474507657e-04,2.754558246531594885e-03,9.419721490686913667e-03,0.000000000000000000e+00,0.000000000000000000e+00,2.158980720897516579e-20,0.000000000000000000e+00,8.859083215653797424e-20,5.690342383561454768e-05,7.502594614382726568e-04,0.000000000000000000e+00,0.000000000000000000e+00,0.000000000000000000e+00,0.000000000000000000e+00,0.000000000000000000e+00,0.000000000000000000e+00,0.000000000000000000e+00,0.000000000000000000e+00,0.000000000000000000e+00,0.000000000000000000e+00,0.000000000000000000e+00,1.805585859899530576e-02,1.170863404653021411e-01,2.063928236694847693e-02,0.000000000000000000e+00,0.000000000000000000e+00,0.000000000000000000e+00,0.000000000000000000e+00,1.734211921570760935e-03,6.933560375998971612e-04,0.000000000000000000e+00,0.000000000000000000e+00,0.000000000000000000e+00,0.000000000000000000e+00,1.721326463487197860e-03,0.000000000000000000e+00,0.000000000000000000e+00,0.000000000000000000e+00,0.000000000000000000e+00,0.000000000000000000e+00,0.000000000000000000e+00,4.153120175809822678e-02,1.170863404653021411e-01,1.095066974277422722e-01,0.000000000000000000e+00,0.000000000000000000e+00,9.298626457734856011e-20,8.335005541102053790e-20,1.721326463487196992e-03,6.933560375998971612e-04,0.000000000000000000e+00,0.000000000000000000e+00,0.000000000000000000e+00,0.000000000000000000e+00,0.000000000000000000e+00,0.000000000000000000e+00,0.000000000000000000e+00,0.000000000000000000e+00,0.000000000000000000e+00,0.000000000000000000e+00,0.000000000000000000e+00,0.000000000000000000e+00,1.359682603768488651e-01,3.430046403375682645e-02,3.430046403375682645e-02,0.000000000000000000e+00,0.000000000000000000e+00,0.000000000000000000e+00,0.000000000000000000e+00,0.000000000000000000e+00,0.000000000000000000e+00,0.000000000000000000e+00,0.000000000000000000e+00,0.000000000000000000e+00,1.721326463487197860e-03,1.511385839079852546e-03,0.000000000000000000e+00,0.000000000000000000e+00,0.000000000000000000e+00,4.161798891774487995e-03,3.142361166016375325e-03,1.628547533899394684e-03,1.266814969342653641e-01,1.276469960814275717e-01,1.355980608822355849e-19,6.900032551095982994e-20,0.000000000000000000e+00,0.000000000000000000e+00,2.949135977564571501e-19,1.721326463487197860e-03,2.768322798780831496e-20,0.000000000000000000e+00,0.000000000000000000e+00,0.000000000000000000e+00,0.000000000000000000e+00,1.511385839079852546e-03,0.000000000000000000e+00,0.000000000000000000e+00,0.000000000000000000e+00,0.000000000000000000e+00,3.497202527569236194e-18,1.849646255732761285e-03,1.266814969342653641e-01,9.372167379572435286e-02,0.000000000000000000e+00,0.000000000000000000e+00,0.000000000000000000e+00,0.000000000000000000e+00,9.694100091772172888e-20,1.721326463487197860e-03,0.000000000000000000e+00,0.000000000000000000e+00,0.000000000000000000e+00,0.000000000000000000e+00,0.000000000000000000e+00,1.721326463487197860e-03,0.000000000000000000e+00,0.000000000000000000e+00,0.000000000000000000e+00,0.000000000000000000e+00,2.210957941305573791e-03,0.000000000000000000e+00,5.285754561122193778e-04,0.000000000000000000e+00,0.000000000000000000e+00,6.278474640837804982e-19,0.000000000000000000e+00,0.000000000000000000e+00,0.000000000000000000e+00,0.000000000000000000e+00,0.000000000000000000e+00,0.000000000000000000e+00,0.000000000000000000e+00,0.000000000000000000e+00,0.000000000000000000e+00,1.721326463487197860e-03,0.000000000000000000e+00,0.000000000000000000e+00,0.000000000000000000e+00,0.000000000000000000e+00,2.210957941305573791e-03,7.962672381616022269e-04,4.172103831078857077e-20,0.000000000000000000e+00,0.000000000000000000e+00,0.000000000000000000e+00,6.674380587131231415e-20,0.000000000000000000e+00,9.808157339383089972e-20,6.674380587131231415e-20,0.000000000000000000e+00,0.000000000000000000e+00,0.000000000000000000e+00,0.000000000000000000e+00,0.000000000000000000e+00,0.000000000000000000e+00,0.000000000000000000e+00,0.000000000000000000e+00,0.000000000000000000e+00,0.000000000000000000e+00,2.478456886599388932e-03,1.383981561613010711e-03,0.000000000000000000e+00,0.000000000000000000e+00,0.000000000000000000e+00,0.000000000000000000e+00,0.000000000000000000e+00,0.000000000000000000e+00,0.000000000000000000e+00,0.000000000000000000e+00,0.000000000000000000e+00,0.000000000000000000e+00,0.000000000000000000e+00,0.000000000000000000e+00,0.000000000000000000e+00,0.000000000000000000e+00,0.000000000000000000e+00,0.000000000000000000e+00,1.792602883159013171e-20,0.000000000000000000e+00,3.858349325930066640e-04,2.487525450194777161e-04,0.000000000000000000e+00,0.000000000000000000e+00,0.000000000000000000e+00,0.000000000000000000e+00,0.000000000000000000e+00,9.808157339383089972e-20,1.723374854124667522e-18,0.000000000000000000e+00,0.000000000000000000e+00,0.000000000000000000e+00,0.000000000000000000e+00,0.000000000000000000e+00,0.000000000000000000e+00,0.000000000000000000e+00,0.000000000000000000e+00,0.000000000000000000e+00,0.000000000000000000e+00,1.455030463039205290e-19,0.000000000000000000e+00,0.000000000000000000e+00,0.000000000000000000e+00,0.000000000000000000e+00,0.000000000000000000e+00,6.674380587131231415e-20,0.000000000000000000e+00,9.808157339383089972e-20,7.450231413153417663e-19,0.000000000000000000e+00,0.000000000000000000e+00,0.000000000000000000e+00,0.000000000000000000e+00,0.000000000000000000e+00,0.000000000000000000e+00,0.000000000000000000e+00,0.000000000000000000e+00,0.000000000000000000e+00,5.690342383561429018e-05,5.690342383561456801e-05,0.000000000000000000e+00,0.000000000000000000e+00,0.000000000000000000e+00,0.000000000000000000e+00,0.000000000000000000e+00,0.000000000000000000e+00,0.000000000000000000e+00,0.000000000000000000e+00,0.000000000000000000e+00,0.000000000000000000e+00,0.000000000000000000e+00,0.000000000000000000e+00,0.000000000000000000e+00,0.000000000000000000e+00,0.000000000000000000e+00,0.000000000000000000e+00,0.000000000000000000e+00,0.000000000000000000e+00,5.690342383561429018e-05,5.690342383561456801e-05,0.000000000000000000e+00,0.000000000000000000e+00,0.000000000000000000e+00,0.000000000000000000e+00,0.000000000000000000e+00,0.000000000000000000e+00,1.351523060133547381e-19,2.492255616140262261e-04,0.000000000000000000e+00,0.000000000000000000e+00,0.000000000000000000e+00,0.000000000000000000e+00,0.000000000000000000e+00,0.000000000000000000e+00,0.000000000000000000e+00,0.000000000000000000e+00,0.000000000000000000e+00,0.000000000000000000e+00,0.000000000000000000e+00,5.398582020261958014e-05,0.000000000000000000e+00,0.000000000000000000e+00,0.000000000000000000e+00,0.000000000000000000e+00,0.000000000000000000e+00,0.000000000000000000e+00,2.364190026274193713e-03,0.000000000000000000e+00,0.000000000000000000e+00,0.000000000000000000e+00,0.000000000000000000e+00,0.000000000000000000e+00,0.000000000000000000e+00
0.000000000000000000e+00,0.000000000000000000e+00,0.000000000000000000e+00,0.000000000000000000e+00,0.000000000000000000e+00,2.320990134019498830e-03,0.000000000000000000e+00,0.000000000000000000e+00,0.000000000000000000e+00,0.000000000000000000e+00,3.252872488373781829e-19,4.743255191563633486e-04,0.000000000000000000e+00,3.251401584114849055e-04,7.143291333538998034e-03,0.000000000000000000e+00,0.000000000000000000e+00,0.000000000000000000e+00,0.000000000000000000e+00,0.000000000000000000e+00,0.000000000000000000e+00,0.000000000000000000e+00,0.000000000000000000e+00,0.000000000000000000e+00,0.000000000000000000e+00,0.000000000000000000e+00,0.000000000000000000e+00,0.000000000000000000e+00,0.000000000000000000e+00,0.000000000000000000e+00,3.282749203093098655e-19,0.000000000000000000e+00,0.000000000000000000e+00,3.414205430136818650e-04,3.414205430136817024e-04,0.000000000000000000e+00,0.000000000000000000e+00,0.000000000000000000e+00,0.000000000000000000e+00,0.000000000000000000e+00,0.000000000000000000e+00,0.000000000000000000e+00,0.000000000000000000e+00,1.953641126186666903e-03,0.000000000000000000e+00,0.000000000000000000e+00,0.000000000000000000e+00,5.312981849314920736e-20,5.312981849314920736e-20,0.000000000000000000e+00,0.000000000000000000e+00,0.000000000000000000e+00,0.000000000000000000e+00,3.079460676397810601e-04,9.560548710181355429e-20,3.414205430136812145e-04,0.000000000000000000e+00,0.000000000000000000e+00,0.000000000000000000e+00,0.000000000000000000e+00,0.000000000000000000e+00,0.000000000000000000e+00,0.000000000000000000e+00,0.000000000000000000e+00,0.000000000000000000e+00,0.000000000000000000e+00,0.000000000000000000e+00,0.000000000000000000e+00,0.000000000000000000e+00,0.000000000000000000e+00,2.929685329776366559e-02,2.448340201863643661e-03,0.000000000000000000e+00,0.000000000000000000e+00,9.560548710181355429e-20,3.414205430136817024e-04,0.000000000000000000e+00,0.000000000000000000e+00,0.000000000000000000e+00,0.000000000000000000e+00,0.000000000000000000e+00,0.000000000000000000e+00,0.000000000000000000e+00,0.000000000000000000e+00,0.000000000000000000e+00,0.000000000000000000e+00,0.000000000000000000e+00,0.000000000000000000e+00,0.000000000000000000e+00,0.000000000000000000e+00,0.000000000000000000e+00,0.000000000000000000e+00,3.347429074506899553e-19,3.347429074506899553e-19,3.414205430136821903e-04,3.414205430136813229e-04,3.414205430136813229e-04,0.000000000000000000e+00,0.000000000000000000e+00,0.000000000000000000e+00,0.000000000000000000e+00,0.000000000000000000e+00,4.686543485383021616e-20,2.987671471931673572e-21,0.000000000000000000e+00,0.000000000000000000e+00,0.000000000000000000e+00,1.011162363912414871e-04,0.000000000000000000e+00,4.213033673098916243e-02,1.581305173357662724e-03,0.000000000000000000e+00,0.000000000000000000e+00,0.000000000000000000e+00,5.315449929392216103e-19,3.414205430136813229e-04,3.414205430136817024e-04,0.000000000000000000e+00,0.000000000000000000e+00,0.000000000000000000e+00,0.000000000000000000e+00,0.000000000000000000e+00,0.000000000000000000e+00,0.000000000000000000e+00,0.000000000000000000e+00,0.000000000000000000e+00,0.000000000000000000e+00,1.011162363912414871e-04,4.590930410885976296e-04,4.253000318135394253e-02,0.000000000000000000e+00,0.000000000000000000e+00,1.295388432538494600e-19,0.000000000000000000e+00,5.315449929392216103e-19,3.414205430136832745e-04,4.569798826141239752e-04,0.000000000000000000e+00,0.000000000000000000e+00,0.000000000000000000e+00,0.000000000000000000e+00,0.000000000000000000e+00,0.000000000000000000e+00,0.000000000000000000e+00,0.000000000000000000e+00,0.000000000000000000e+00,0.000000000000000000e+00,0.000000000000000000e+00,3.009309766499209532e-03,1.318616148507568142e-01,5.473089401050527936e-02,0.000000000000000000e+00,0.000000000000000000e+00,0.000000000000000000e+00,0.000000000000000000e+00,3.642004924159095505e-04,1.155593395999825711e-04,0.000000000000000000e+00,0.000000000000000000e+00,0.000000000000000000e+00,0.000000000000000000e+00,2.868877439145321815e-04,0.000000000000000000e+00,0.000000000000000000e+00,0.000000000000000000e+00,0.000000000000000000e+00,0.000000000000000000e+00,0.000000000000000000e+00,7.475656852993091406e-02,1.318616148507568142e-01,8.638375662539814204e-02,0.000000000000000000e+00,0.000000000000000000e+00,5.579175874640848125e-19,1.389167590183671619e-20,2.868877439145319647e-04,1.155593395999825711e-04,0.000000000000000000e+00,0.000000000000000000e+00,0.000000000000000000e+00,0.000000000000000000e+00,0.000000000000000000e+00,0.000000000000000000e+00,0.000000000000000000e+00,0.000000000000000000e+00,0.000000000000000000e+00,0.000000000000000000e+00,0.000000000000000000e+00,0.000000000000000000e+00,1.398272924925645089e-01,5.716744005626120395e-03,5.716744005626120395e-03,0.000000000000000000e+00,0.000000000000000000e+00,0.000000000000000000e+00,0.000000000000000000e+00,0.000000000000000000e+00,0.000000000000000000e+00,0.000000000000000000e+00,0.000000000000000000e+00,0.000000000000000000e+00,2.868877439145321815e-04,2.518976398466414406e-04,0.000000000000000000e+00,0.000000000000000000e+00,0.000000000000000000e+00,6.936331486290794532e-04,5.237268610027278476e-04,9.771285203396252311e-03,8.410671183706418252e-02,8.989970672003741448e-02,8.135883652934038318e-19,4.140019530657540685e-19,0.000000000000000000e+00,0.000000000000000000e+00,1.769481586538722197e-18,2.868877439145321815e-04,1.660993679268479277e-19,0.000000000000000000e+00,0.000000000000000000e+00,0.000000000000000000e+00,0.000000000000000000e+00,2.518976398466414406e-04,0.000000000000000000e+00,0.000000000000000000e+00,0.000000000000000000e+00,0.000000000000000000e+00,5.828670879282038496e-19,1.109787753439643240e-02,8.410671183706418252e-02,6.077841502447584726e-02,0.000000000000000000e+00,0.000000000000000000e+00,0.000000000000000000e+00,0.000000000000000000e+00,5.816460055063234881e-19,2.868877439145321815e-04,0.000000000000000000e+00,0.000000000000000000e+00,0.000000000000000000e+00,0.000000000000000000e+00,0.000000000000000000e+00,2.868877439145321815e-04,0.000000000000000000e+00,0.000000000000000000e+00,0.000000000000000000e+00,0.000000000000000000e+00,3.684929902175943309e-04,0.000000000000000000e+00,3.171452736673278754e-03,0.000000000000000000e+00,0.000000000000000000e+00,4.208927359391918335e-19,0.000000000000000000e+00,0.000000000000000000e+00,0.000000000000000000e+00,0.000000000000000000e+00,0.000000000000000000e+00,0.000000000000000000e+00,0.000000000000000000e+00,0.000000000000000000e+00,0.000000000000000000e+00,2.868877439145321815e-04,0.000000000000000000e+00,0.000000000000000000e+00,0.000000000000000000e+00,0.000000000000000000e+00,3.684929902175943309e-04,1.327112063602666403e-04,2.503262298647284635e-19,0.000000000000000000e+00,0.000000000000000000e+00,0.000000000000000000e+00,4.004628352278691423e-19,0.000000000000000000e+00,5.884894403629784890e-19,4.004628352278691423e-19,0.000000000000000000e+00,0.000000000000000000e+00,0.000000000000000000e+00,0.000000000000000000e+00,0.000000000000000000e+00,0.000000000000000000e+00,0.000000000000000000e+00,0.000000000000000000e+00,0.000000000000000000e+00,0.000000000000000000e+00,1.973486661980466093e-03,8.303889369677965385e-03,0.000000000000000000e+00,0.000000000000000000e+00,0.000000000000000000e+00,0.000000000000000000e+00,0.000000000000000000e+00,0.000000000000000000e+00,0.000000000000000000e+00,0.000000000000000000e+00,0.000000000000000000e+00,0.000000000000000000e+00,0.000000000000000000e+00,0.000000000000000000e+00,0.000000000000000000e+00,0.000000000000000000e+00,0.000000000000000000e+00,0.000000000000000000e+00,2.987671471931679590e-21,0.000000000000000000e+00,2.315009595558012445e-03,1.492515270116848624e-03,0.000000000000000000e+00,0.000000000000000000e+00,0.000000000000000000e+00,0.000000000000000000e+00,0.000000000000000000e+00,5.884894403629784890e-19,8.593716538181169410e-19,0.000000000000000000e+00,0.000000000000000000e+00,0.000000000000000000e+00,0.000000000000000000e+00,0.000000000000000000e+00,0.000000000000000000e+00,0.000000000000000000e+00,0.000000000000000000e+00,0.000000000000000000e+00,0.000000000000000000e+00,8.730182778235128221e-19,0.000000000000000000e+00,0.000000000000000000e+00,0.000000000000000000e+00,0.000000000000000000e+00,0.000000000000000000e+00,4.004628352278691423e-19,0.000000000000000000e+00,5.884894403629784890e-19,1.123946799328551256e-18,0.000000000000000000e+00,0.000000000000000000e+00,0.000000000000000000e+00,0.000000000000000000e+00,0.000000000000000000e+00,0.000000000000000000e+00,0.000000000000000000e+00,0.000000000000000000e+00,0.000000000000000000e+00,3.414205430136817024e-04,3.414205430136833829e-04,0.000000000000000000e+00,0.000000000000000000e+00,0.000000000000000000e+00,0.000000000000000000e+00,0.000000000000000000e+00,0.000000000000000000e+00,0.000000000000000000e+00,0.000000000000000000e+00,0.000000000000000000e+00,0.000000000000000000e+00,0.000000000000000000e+00,0.000000000000000000e+00,0.000000000000000000e+00,0.000000000000000000e+00,0.000000000000000000e+00,0.000000000000000000e+00,0.000000000000000000e+00,0.000000000000000000e+00,3.414205430136817024e-04,3.414205430136833829e-04,0.000000000000000000e+00,0.000000000000000000e+00,0.000000000000000000e+00,0.000000000000000000e+00,0.000000000000000000e+00,0.000000000000000000e+00,8.109138360801187990e-19,1.495353369684139684e-03,0.000000000000000000e+00,0.000000000000000000e+00,0.000000000000000000e+00,0.000000000000000000e+00,0.000000000000000000e+00,0.000000000000000000e+00,0.000000000000000000e+00,0.000000000000000000e+00,0.000000000000000000e+00,0.000000000000000000e+00,0.000000000000000000e+00,3.239149212157136455e-04,0.000000000000000000e+00,0.000000000000000000e+00,0.000000000000000000e+00,0.000000000000000000e+00,0.000000000000000000e+00,0.000000000000000000e+00,2.923751635553814478e-03,0.000000000000000000e+00,0.000000000000000000e+00,0.000000000000000000e+00,0.000000000000000000e+00,0.000000000000000000e+00,0.000000000000000000e+00
0.000000000000000000e+00,0.000000000000000000e+00,0.000000000000000000e+00,0.000000000000000000e+00,0.000000000000000000e+00,0.000000000000000000e+00,0.000000000000000000e+00,0.000000000000000000e+00,0.000000000000000000e+00,0.000000000000000000e+00,1.626436244186885618e-19,2.371627595781808612e-04,0.000000000000000000e+00,0.000000000000000000e+00,1.707102715068400652e-04,0.000000000000000000e+00,0.000000000000000000e+00,0.000000000000000000e+00,0.000000000000000000e+00,0.000000000000000000e+00,0.000000000000000000e+00,0.000000000000000000e+00,0.000000000000000000e+00,0.000000000000000000e+00,0.000000000000000000e+00,0.000000000000000000e+00,0.000000000000000000e+00,0.000000000000000000e+00,0.000000000000000000e+00,0.000000000000000000e+00,1.626436244186885618e-19,0.000000000000000000e+00,0.000000000000000000e+00,1.707102715068403904e-04,3.521838154125643463e-03,0.000000000000000000e+00,0.000000000000000000e+00,0.000000000000000000e+00,0.000000000000000000e+00,0.000000000000000000e+00,0.000000000000000000e+00,0.000000000000000000e+00,0.000000000000000000e+00,9.768205630933299820e-04,0.000000000000000000e+00,0.000000000000000000e+00,0.000000000000000000e+00,2.656490924657451641e-20,2.656490924657451641e-20,0.000000000000000000e+00,0.000000000000000000e+00,0.000000000000000000e+00,0.000000000000000000e+00,1.230391526963711766e-03,0.000000000000000000e+00,1.707102715068400652e-04,0.000000000000000000e+00,0.000000000000000000e+00,0.000000000000000000e+00,0.000000000000000000e+00,0.000000000000000000e+00,0.000000000000000000e+00,0.000000000000000000e+00,0.000000000000000000e+00,0.000000000000000000e+00,0.000000000000000000e+00,0.000000000000000000e+00,0.000000000000000000e+00,0.000000000000000000e+00,9.862600632118069706e-04,1.464842664888178422e-02,1.817948861080132331e-03,3.987049517730367060e-02,0.000000000000000000e+00,0.000000000000000000e+00,1.707102715068402820e-04,0.000000000000000000e+00,0.000000000000000000e+00,0.000000000000000000e+00,0.000000000000000000e+00,0.000000000000000000e+00,0.000000000000000000e+00,0.000000000000000000e+00,0.000000000000000000e+00,0.000000000000000000e+00,0.000000000000000000e+00,0.000000000000000000e+00,0.000000000000000000e+00,0.000000000000000000e+00,9.862600632118069706e-04,1.749523384685312041e-03,0.000000000000000000e+00,1.673714537253443999e-19,1.673714537253443999e-19,1.707102715068405531e-04,1.707102715068400652e-04,1.707102715068400652e-04,0.000000000000000000e+00,0.000000000000000000e+00,0.000000000000000000e+00,0.000000000000000000e+00,0.000000000000000000e+00,0.000000000000000000e+00,0.000000000000000000e+00,0.000000000000000000e+00,0.000000000000000000e+00,0.000000000000000000e+00,0.000000000000000000e+00,0.000000000000000000e+00,2.189141085547650564e-02,2.540175971364139283e-03,0.000000000000000000e+00,0.000000000000000000e+00,0.000000000000000000e+00,2.657724964696098422e-19,1.707102715068400652e-04,1.201165307983229329e-03,0.000000000000000000e+00,0.000000000000000000e+00,0.000000000000000000e+00,0.000000000000000000e+00,0.000000000000000000e+00,0.000000000000000000e+00,0.000000000000000000e+00,0.000000000000000000e+00,0.000000000000000000e+00,0.000000000000000000e+00,0.000000000000000000e+00,4.928594679354195670e-20,2.281469175017982257e-02,0.000000000000000000e+00,0.000000000000000000e+00,6.476942162692451334e-20,0.000000000000000000e+00,2.657724964696098422e-19,1.707102715068410409e-04,1.100612966154167899e-03,0.000000000000000000e+00,0.000000000000000000e+00,0.000000000000000000e+00,0.000000000000000000e+00,0.000000000000000000e+00,0.000000000000000000e+00,0.000000000000000000e+00,0.000000000000000000e+00,0.000000000000000000e+00,0.000000000000000000e+00,0.000000000000000000e+00,0.000000000000000000e+00,7.235809705430341909e-02,6.005107545373079142e-02,0.000000000000000000e+00,0.000000000000000000e+00,0.000000000000000000e+00,0.000000000000000000e+00,3.865637425068859642e-05,0.000000000000000000e+00,0.000000000000000000e+00,0.000000000000000000e+00,0.000000000000000000e+00,0.000000000000000000e+00,0.000000000000000000e+00,0.000000000000000000e+00,0.000000000000000000e+00,0.000000000000000000e+00,0.000000000000000000e+00,2.622984802405709990e-04,0.000000000000000000e+00,3.488641795041309140e-02,7.235809705430341909e-02,1.129070133475693627e-01,0.000000000000000000e+00,0.000000000000000000e+00,2.789587937320414914e-19,0.000000000000000000e+00,0.000000000000000000e+00,0.000000000000000000e+00,0.000000000000000000e+00,0.000000000000000000e+00,0.000000000000000000e+00,0.000000000000000000e+00,0.000000000000000000e+00,0.000000000000000000e+00,0.000000000000000000e+00,0.000000000000000000e+00,0.000000000000000000e+00,0.000000000000000000e+00,0.000000000000000000e+00,0.000000000000000000e+00,1.381241263979028633e-01,0.000000000000000000e+00,0.000000000000000000e+00,0.000000000000000000e+00,0.000000000000000000e+00,0.000000000000000000e+00,0.000000000000000000e+00,0.000000000000000000e+00,0.000000000000000000e+00,0.000000000000000000e+00,0.000000000000000000e+00,0.000000000000000000e+00,0.000000000000000000e+00,0.000000000000000000e+00,0.000000000000000000e+00,1.072127369807684234e-03,0.000000000000000000e+00,0.000000000000000000e+00,4.858207728363372240e-04,2.480989584315216462e-02,7.171697922510492096e-02,1.131603335116393855e-01,4.067941826467005196e-19,2.070009765328763120e-19,0.000000000000000000e+00,0.000000000000000000e+00,8.847407932693580171e-19,0.000000000000000000e+00,8.304968396342369905e-20,0.000000000000000000e+00,0.000000000000000000e+00,0.000000000000000000e+00,0.000000000000000000e+00,0.000000000000000000e+00,0.000000000000000000e+00,0.000000000000000000e+00,0.000000000000000000e+00,0.000000000000000000e+00,2.631347575270551273e-04,2.027669682607723123e-02,7.171697922510492096e-02,8.054437028722506720e-02,0.000000000000000000e+00,0.000000000000000000e+00,0.000000000000000000e+00,0.000000000000000000e+00,2.908230027531607811e-19,0.000000000000000000e+00,0.000000000000000000e+00,0.000000000000000000e+00,0.000000000000000000e+00,0.000000000000000000e+00,0.000000000000000000e+00,0.000000000000000000e+00,0.000000000000000000e+00,0.000000000000000000e+00,0.000000000000000000e+00,1.238631899891083112e-03,1.238631899891083112e-03,0.000000000000000000e+00,1.585726368336633739e-03,0.000000000000000000e+00,0.000000000000000000e+00,1.626436244186885618e-19,0.000000000000000000e+00,0.000000000000000000e+00,0.000000000000000000e+00,0.000000000000000000e+00,0.000000000000000000e+00,0.000000000000000000e+00,0.000000000000000000e+00,0.000000000000000000e+00,0.000000000000000000e+00,0.000000000000000000e+00,0.000000000000000000e+00,0.000000000000000000e+00,0.000000000000000000e+00,1.248088898408769923e-02,1.238631899891083112e-03,3.351127882618804184e-03,1.251631149323637984e-19,0.000000000000000000e+00,0.000000000000000000e+00,0.000000000000000000e+00,2.002314176139338730e-19,0.000000000000000000e+00,2.942447201814881853e-19,8.237168729993084217e-04,0.000000000000000000e+00,0.000000000000000000e+00,0.000000000000000000e+00,0.000000000000000000e+00,0.000000000000000000e+00,0.000000000000000000e+00,0.000000000000000000e+00,0.000000000000000000e+00,1.238631899891083112e-03,1.238631899891083112e-03,8.024968358814330623e-04,4.151944684838968815e-03,0.000000000000000000e+00,0.000000000000000000e+00,0.000000000000000000e+00,0.000000000000000000e+00,0.000000000000000000e+00,0.000000000000000000e+00,0.000000000000000000e+00,0.000000000000000000e+00,0.000000000000000000e+00,0.000000000000000000e+00,0.000000000000000000e+00,0.000000000000000000e+00,0.000000000000000000e+00,0.000000000000000000e+00,0.000000000000000000e+00,0.000000000000000000e+00,0.000000000000000000e+00,0.000000000000000000e+00,1.157504797779002319e-03,7.462576350584216017e-04,0.000000000000000000e+00,0.000000000000000000e+00,0.000000000000000000e+00,0.000000000000000000e+00,0.000000000000000000e+00,2.942447201814881853e-19,2.942447201814881853e-19,0.000000000000000000e+00,0.000000000000000000e+00,0.000000000000000000e+00,0.000000000000000000e+00,0.000000000000000000e+00,0.000000000000000000e+00,0.000000000000000000e+00,8.607547881161764112e-04,0.000000000000000000e+00,0.000000000000000000e+00,4.365091389117549666e-19,0.000000000000000000e+00,0.000000000000000000e+00,0.000000000000000000e+00,0.000000000000000000e+00,0.000000000000000000e+00,2.002314176139338730e-19,0.000000000000000000e+00,2.942447201814881853e-19,5.141706561133670696e-19,0.000000000000000000e+00,0.000000000000000000e+00,0.000000000000000000e+00,0.000000000000000000e+00,0.000000000000000000e+00,0.000000000000000000e+00,0.000000000000000000e+00,0.000000000000000000e+00,0.000000000000000000e+00,1.707102715068402820e-04,1.707102715068411223e-04,0.000000000000000000e+00,0.000000000000000000e+00,0.000000000000000000e+00,0.000000000000000000e+00,0.000000000000000000e+00,0.000000000000000000e+00,0.000000000000000000e+00,0.000000000000000000e+00,0.000000000000000000e+00,0.000000000000000000e+00,0.000000000000000000e+00,0.000000000000000000e+00,0.000000000000000000e+00,0.000000000000000000e+00,0.000000000000000000e+00,0.000000000000000000e+00,0.000000000000000000e+00,0.000000000000000000e+00,1.707102715068402820e-04,1.707102715068411223e-04,0.000000000000000000e+00,0.000000000000000000e+00,0.000000000000000000e+00,0.000000000000000000e+00,0.000000000000000000e+00,0.000000000000000000e+00,4.054569180400580513e-19,7.476766848420674568e-04,0.000000000000000000e+00,0.000000000000000000e+00,0.000000000000000000e+00,0.000000000000000000e+00,0.000000000000000000e+00,0.000000000000000000e+00,0.000000000000000000e+00,0.000000000000000000e+00,0.000000000000000000e+00,0.000000000000000000e+00,0.000000000000000000e+00,1.619574606078562806e-04,0.000000000000000000e+00,0.000000000000000000e+00,1.030455036476388966e-03,0.000000000000000000e+00,0.000000000000000000e+00,0.000000000000000000e+00,1.300998838889884466e-03,0.000000000000000000e+00,0.000000000000000000e+00,0.000000000000000000e+00,0.000000000000000000e+00,0.000000000000000000e+00,0.000000000000000000e+00
0.000000000000000000e+00,0.000000000000000000e+00,0.000000000000000000e+00,0.000000000000000000e+00,0.000000000000000000e+00,3.567494743234506972e-04,1.275117598067744861e-09,6.544048238384825926e-06,0.000000000000000000e+00,0.000000000000000000e+00,0.000000000000000000e+00,1.008513956478599031e-22,0.000000000000000000e+00,0.000000000000000000e+00,0.000000000000000000e+00,0.000000000000000000e+00,0.000000000000000000e+00,0.000000000000000000e+00,0.000000000000000000e+00,0.000000000000000000e+00,0.000000000000000000e+00,0.000000000000000000e+00,0.000000000000000000e+00,0.000000000000000000e+00,8.483688839683920280e-06,1.275117598065964354e-09,1.275117598067744861e-09,6.390926953902588761e-03,0.000000000000000000e+00,0.000000000000000000e+00,0.000000000000000000e+00,0.000000000000000000e+00,0.000000000000000000e+00,1.982064384718762993e-04,4.188909853273489400e-03,0.000000000000000000e+00,0.000000000000000000e+00,0.000000000000000000e+00,0.000000000000000000e+00,0.000000000000000000e+00,0.000000000000000000e+00,0.000000000000000000e+00,0.000000000000000000e+00,4.043199050110911595e-06,1.275117598226103212e-09,1.275117598067942764e-09,1.275117598070276033e-09,0.000000000000000000e+00,0.000000000000000000e+00,0.000000000000000000e+00,0.000000000000000000e+00,0.000000000000000000e+00,0.000000000000000000e+00,1.345523116429772452e-03,2.084263076576958957e-04,2.378495215132189950e-04,0.000000000000000000e+00,0.000000000000000000e+00,0.000000000000000000e+00,0.000000000000000000e+00,0.000000000000000000e+00,0.000000000000000000e+00,0.000000000000000000e+00,1.275117598068216354e-09,1.275117598226103212e-09,1.275117598065964354e-09,1.275117598066042523e-09,1.239124952342597619e-02,0.000000000000000000e+00,1.232825079014754268e-03,0.000000000000000000e+00,1.038663475188704791e-03,4.983811897162941651e-02,0.000000000000000000e+00,2.084263076576958957e-04,1.907106159208386065e-08,0.000000000000000000e+00,0.000000000000000000e+00,0.000000000000000000e+00,0.000000000000000000e+00,0.000000000000000000e+00,0.000000000000000000e+00,1.275117598072643838e-09,1.275117598072643838e-09,1.275117598070116594e-09,1.275117598669863897e-09,1.275117598669863897e-09,3.444798963611470735e-06,0.000000000000000000e+00,1.232825079014754268e-03,9.229929981937187375e-03,0.000000000000000000e+00,0.000000000000000000e+00,0.000000000000000000e+00,2.216488777869368784e-08,1.608772919775057288e-08,1.608772919775057288e-08,0.000000000000000000e+00,0.000000000000000000e+00,0.000000000000000000e+00,0.000000000000000000e+00,0.000000000000000000e+00,5.419344762929484329e-04,1.275117598238303713e-09,1.275117598071600349e-09,1.275117598077438797e-09,1.275117598474646584e-09,1.137463392455807119e-05,0.000000000000000000e+00,3.825183296482029694e-03,2.186904230856630618e-03,0.000000000000000000e+00,0.000000000000000000e+00,7.769945612790381479e-04,2.205439398636244531e-08,1.907106159200887507e-08,2.400591450642124841e-03,0.000000000000000000e+00,0.000000000000000000e+00,0.000000000000000000e+00,0.000000000000000000e+00,0.000000000000000000e+00,1.275117598161528324e-09,1.275117598068423769e-09,1.275117598071600349e-09,1.275117598066263587e-09,1.275117598802005380e-09,1.137463392455807119e-05,0.000000000000000000e+00,4.979284414861171945e-03,2.982358161361833268e-05,0.000000000000000000e+00,5.347536848905082470e-03,2.514822017303006595e-08,2.205439398636244531e-08,1.918155538439406963e-08,1.162391362212166976e-03,0.000000000000000000e+00,0.000000000000000000e+00,0.000000000000000000e+00,0.000000000000000000e+00,0.000000000000000000e+00,1.275117598071889656e-09,1.275117598172781496e-09,1.275117598084765756e-09,1.275117598071298842e-09,1.275117598071298842e-09,1.137450834906068293e-05,0.000000000000000000e+00,3.177660210301029575e-02,4.994587957248376731e-02,8.441985427372124609e-03,9.188613919615092123e-08,9.188613919615092123e-08,2.205439398638817724e-08,1.608772919772287888e-08,1.299390301110216268e-08,0.000000000000000000e+00,0.000000000000000000e+00,0.000000000000000000e+00,0.000000000000000000e+00,1.275117598099097281e-09,1.275117598071889656e-09,1.275117598069668469e-09,1.275117598066098564e-09,1.275117598070994026e-09,3.278743754183109389e-04,1.149542100690352315e-09,1.580195819998952804e-03,3.177660210301029575e-02,1.246606158985212737e-01,3.446326847028508609e-06,3.443122527049599912e-06,2.525871396531565472e-08,2.216488777872094178e-08,1.608772919771133805e-08,1.299390301110216268e-08,9.900076824436681133e-09,0.000000000000000000e+00,0.000000000000000000e+00,0.000000000000000000e+00,0.000000000000000000e+00,1.275117598065964354e-09,1.275117598073987386e-09,1.275117598073987386e-09,1.275117598066012538e-09,1.275117598066006541e-09,1.168043949474792704e-05,1.168043949474792704e-05,1.240256545272871852e-01,3.661604225864554027e-05,3.661604225864554027e-05,3.686411103824338347e-05,2.525871396531929763e-08,0.000000000000000000e+00,0.000000000000000000e+00,1.288340921869781724e-08,0.000000000000000000e+00,0.000000000000000000e+00,0.000000000000000000e+00,0.000000000000000000e+00,1.275117598069159133e-09,1.275117598067077739e-09,1.275117598125397488e-09,1.340160487377198674e-03,1.275117598091905772e-09,1.275117598065972626e-09,2.126902005926811084e-03,2.984852914206408137e-02,7.558814671709719601e-02,1.276592652296200670e-01,3.446326847028602206e-06,5.459352292271291368e-05,2.525871396530748218e-08,2.505803996144463476e-06,1.608772919771915987e-08,1.299390301147666871e-08,9.900076824418799142e-09,0.000000000000000000e+00,0.000000000000000000e+00,0.000000000000000000e+00,0.000000000000000000e+00,1.275117598067077739e-09,1.275117598065964354e-09,1.275117598072752612e-09,1.275117598078856998e-09,1.275117598078856998e-09,2.312797010460434285e-03,3.694962961660909484e-02,7.558814671709719601e-02,7.781887421611033417e-02,5.459672724269183170e-05,1.441862775307010986e-06,1.441862775307010986e-06,2.205439398636023177e-08,0.000000000000000000e+00,1.299390301147666871e-08,0.000000000000000000e+00,0.000000000000000000e+00,0.000000000000000000e+00,0.000000000000000000e+00,0.000000000000000000e+00,1.275117598068376206e-09,1.275117598444688791e-09,1.275117598065964354e-09,1.275117598069914555e-09,1.548291149981446783e-03,6.428716198200033760e-03,6.560645237839663260e-03,6.168641680414622096e-03,0.000000000000000000e+00,0.000000000000000000e+00,5.118162577441722578e-05,2.514822017303360297e-08,2.205439398636753743e-08,1.918155538439829156e-08,1.299390301109494802e-08,0.000000000000000000e+00,0.000000000000000000e+00,0.000000000000000000e+00,0.000000000000000000e+00,0.000000000000000000e+00,1.275117598073915008e-09,1.275117598435613999e-09,1.275117598065964354e-09,1.024877410224471279e-06,1.775702943646949306e-02,6.428716198200033760e-03,4.188909853273491135e-03,2.096260980987257861e-04,0.000000000000000000e+00,0.000000000000000000e+00,0.000000000000000000e+00,2.514822017303280888e-08,2.205439398636753743e-08,1.907106159204164135e-08,1.029646091249131895e-03,0.000000000000000000e+00,0.000000000000000000e+00,0.000000000000000000e+00,0.000000000000000000e+00,0.000000000000000000e+00,1.275117598068297417e-09,1.275117598068297417e-09,1.275117598181447246e-09,1.548291149981446783e-03,1.548291149981446783e-03,4.830792715538145647e-03,0.000000000000000000e+00,0.000000000000000000e+00,0.000000000000000000e+00,0.000000000000000000e+00,2.813155256723998138e-08,2.813155256723998138e-08,2.216488777870607900e-08,1.608772919773890633e-08,1.608772919773890633e-08,0.000000000000000000e+00,0.000000000000000000e+00,0.000000000000000000e+00,0.000000000000000000e+00,0.000000000000000000e+00,0.000000000000000000e+00,1.275117598601494111e-09,1.024877410224467256e-06,1.275117598811090098e-09,1.284403831953478319e-04,1.275117598067049202e-09,0.000000000000000000e+00,0.000000000000000000e+00,0.000000000000000000e+00,7.359273560339480054e-03,0.000000000000000000e+00,2.514822017308333969e-08,2.216488777869554072e-08,1.907106159203752530e-08,0.000000000000000000e+00,0.000000000000000000e+00,0.000000000000000000e+00,0.000000000000000000e+00,0.000000000000000000e+00,0.000000000000000000e+00,0.000000000000000000e+00,1.137948089468622352e-03,1.024877410224467256e-06,1.275117598067334372e-09,1.275117598066039628e-09,0.000000000000000000e+00,0.000000000000000000e+00,0.000000000000000000e+00,0.000000000000000000e+00,0.000000000000000000e+00,0.000000000000000000e+00,0.000000000000000000e+00,2.216488777869554072e-08,3.618385420748414087e-05,0.000000000000000000e+00,0.000000000000000000e+00,0.000000000000000000e+00,0.000000000000000000e+00,0.000000000000000000e+00,0.000000000000000000e+00,0.000000000000000000e+00,0.000000000000000000e+00,4.669704338057911741e-03,1.275117598068109234e-09,1.275117598320538494e-09,1.275117598066925952e-09,0.000000000000000000e+00,0.000000000000000000e+00,0.000000000000000000e+00,5.115040039566331716e-05,0.000000000000000000e+00,0.000000000000000000e+00,0.000000000000000000e+00,0.000000000000000000e+00,0.000000000000000000e+00,0.000000000000000000e+00,0.000000000000000000e+00,0.000000000000000000e+00,0.000000000000000000e+00,0.000000000000000000e+00,0.000000000000000000e+00,0.000000000000000000e+00,0.000000000000000000e+00,1.275117598076306180e-09,1.275117598320538494e-09,1.275117598068343739e-09,0.000000000000000000e+00,0.000000000000000000e+00,0.000000000000000000e+00,5.115040039566331716e-05,0.000000000000000000e+00,0.000000000000000000e+00,3.289039486207189828e-05,0.000000000000000000e+00,0.000000000000000000e+00,0.000000000000000000e+00,0.000000000000000000e+00,0.000000000000000000e+00,0.000000000000000000e+00,0.000000000000000000e+00,0.000000000000000000e+00,0.000000000000000000e+00,0.000000000000000000e+00,0.000000000000000000e+00,1.275117598186344776e-09,0.000000000000000000e+00,0.000000000000000000e+00,1.288068795595481708e-03,0.000000000000000000e+00,0.000000000000000000e+00,0.000000000000000000e+00,0.000000000000000000e+00,0.000000000000000000e+00,0.000000000000000000e+00,0.000000000000000000e+00,0.000000000000000000e+00,0.000000000000000000e+00,0.000000000000000000e+00
0.000000000000000000e+00,0.000000000000000000e+00,0.000000000000000000e+00,0.000000000000000000e+00,0.000000000000000000e+00,1.248623160132072670e-03,4.462911593237090365e-09,2.290416883434680519e-05,0.000000000000000000e+00,0.000000000000000000e+00,0.000000000000000000e+00,0.000000000000000000e+00,0.000000000000000000e+00,0.000000000000000000e+00,0.000000000000000000e+00,0.000000000000000000e+00,0.000000000000000000e+00,0.000000000000000000e+00,0.000000000000000000e+00,0.000000000000000000e+00,0.000000000000000000e+00,0.000000000000000000e+00,0.000000000000000000e+00,0.000000000000000000e+00,2.969291093889360494e-05,4.462911593230858386e-09,4.462911593237090365e-09,2.236824433865897480e-02,0.000000000000000000e+00,0.000000000000000000e+00,0.000000000000000000e+00,0.000000000000000000e+00,0.000000000000000000e+00,6.937225346515643641e-04,0.000000000000000000e+00,0.000000000000000000e+00,0.000000000000000000e+00,0.000000000000000000e+00,0.000000000000000000e+00,0.000000000000000000e+00,0.000000000000000000e+00,0.000000000000000000e+00,0.000000000000000000e+00,1.415119667538813595e-05,4.462911593791344389e-09,4.462911593237782715e-09,4.462911593245949469e-09,0.000000000000000000e+00,0.000000000000000000e+00,0.000000000000000000e+00,0.000000000000000000e+00,0.000000000000000000e+00,0.000000000000000000e+00,0.000000000000000000e+00,7.294920768019328566e-04,8.324733252962632571e-04,0.000000000000000000e+00,0.000000000000000000e+00,0.000000000000000000e+00,0.000000000000000000e+00,0.000000000000000000e+00,0.000000000000000000e+00,0.000000000000000000e+00,4.462911593238740590e-09,4.462911593791344389e-09,4.462911593230858386e-09,4.462911593231132183e-09,4.336937333199075012e-02,0.000000000000000000e+00,0.000000000000000000e+00,0.000000000000000000e+00,0.000000000000000000e+00,0.000000000000000000e+00,0.000000000000000000e+00,7.294920768019328566e-04,6.674871557229325419e-08,0.000000000000000000e+00,0.000000000000000000e+00,0.000000000000000000e+00,0.000000000000000000e+00,0.000000000000000000e+00,0.000000000000000000e+00,4.462911593254236165e-09,4.462911593254236165e-09,4.462911593245391122e-09,4.462911595344506683e-09,4.462911595344506683e-09,1.205679637264010226e-05,0.000000000000000000e+00,0.000000000000000000e+00,2.465059012878184630e-02,0.000000000000000000e+00,0.000000000000000000e+00,0.000000000000000000e+00,7.757710722542761295e-08,5.630705219212678506e-08,5.630705219212678506e-08,0.000000000000000000e+00,0.000000000000000000e+00,0.000000000000000000e+00,0.000000000000000000e+00,0.000000000000000000e+00,1.896770667025312251e-03,4.462911593834045934e-09,4.462911593250584162e-09,4.462911593271018832e-09,4.462911594661246398e-09,3.981121873595309924e-05,0.000000000000000000e+00,9.773330644015856480e-03,0.000000000000000000e+00,0.000000000000000000e+00,0.000000000000000000e+00,2.719480964476622947e-03,7.719037895226826741e-08,6.674871557203080633e-08,3.893829292663235353e-03,0.000000000000000000e+00,0.000000000000000000e+00,0.000000000000000000e+00,0.000000000000000000e+00,0.000000000000000000e+00,4.462911593565332176e-09,4.462911593239466028e-09,4.462911593250584162e-09,4.462911593231905597e-09,4.462911595807001562e-09,3.981121873595309924e-05,0.000000000000000000e+00,9.773330644015856480e-03,1.043825356476637612e-04,0.000000000000000000e+00,1.871637897116771795e-02,8.801877060560489499e-08,7.719037895226826741e-08,6.713544384537898727e-08,4.547866053879078614e-08,0.000000000000000000e+00,0.000000000000000000e+00,0.000000000000000000e+00,0.000000000000000000e+00,0.000000000000000000e+00,4.462911593251596631e-09,4.462911593604718381e-09,4.462911593296663086e-09,4.462911593249528680e-09,4.462911593249528680e-09,3.981077922171224033e-05,0.000000000000000000e+00,4.743268848767247942e-02,2.749190402965224350e-02,2.954694899580232598e-02,3.216014871865269935e-07,3.216014871865269935e-07,7.719037895235833084e-08,5.630705219202986596e-08,4.547866053885739734e-08,0.000000000000000000e+00,0.000000000000000000e+00,0.000000000000000000e+00,0.000000000000000000e+00,4.462911593346823318e-09,4.462911593251596631e-09,4.462911593243822788e-09,4.462911593231328225e-09,4.462911593248462444e-09,4.462911594123859415e-09,4.023397352416217695e-09,5.530685369996313563e-03,4.743268848767247942e-02,9.564241312095141112e-02,1.206214396459973481e-05,1.205092884467355395e-05,8.840549887860446894e-08,7.757710722552299680e-08,5.630705219198947308e-08,4.547866053885739734e-08,3.465026888552825410e-08,0.000000000000000000e+00,0.000000000000000000e+00,0.000000000000000000e+00,0.000000000000000000e+00,4.462911593230858386e-09,4.462911593258938687e-09,4.462911593258938687e-09,4.462911593231027131e-09,4.462911593231005624e-09,4.088153823161759049e-05,4.088153823161759049e-05,9.342004832163210148e-02,1.281561479052589065e-04,1.281561479052589065e-04,1.290243886338513543e-04,8.840549887861721413e-08,0.000000000000000000e+00,0.000000000000000000e+00,4.509193226544218830e-08,0.000000000000000000e+00,0.000000000000000000e+00,0.000000000000000000e+00,0.000000000000000000e+00,4.462911593242040214e-09,4.462911593234755234e-09,4.462911593438874458e-09,4.462911593230957648e-09,4.462911593321653039e-09,4.462911593230887338e-09,5.318691139584851013e-03,1.730124406586302718e-02,9.253126968305096234e-02,1.061376857797971807e-01,1.206214396460006008e-05,1.910773302294944661e-04,8.840549887857585510e-08,8.770313986505589131e-06,5.630705219201684283e-08,4.547866054016816759e-08,3.465026888546566630e-08,0.000000000000000000e+00,0.000000000000000000e+00,0.000000000000000000e+00,0.000000000000000000e+00,4.462911593234755234e-09,4.462911593230858386e-09,4.462911593254617495e-09,4.462911593275982743e-09,4.462911593275982743e-09,6.943574972430630911e-03,6.488976215053604557e-02,9.253126968305096234e-02,2.159024588145109363e-02,1.910885453494206893e-04,5.046519713574519286e-06,5.046519713574519286e-06,7.719037895226051177e-08,0.000000000000000000e+00,4.547866054016816759e-08,0.000000000000000000e+00,0.000000000000000000e+00,0.000000000000000000e+00,0.000000000000000000e+00,0.000000000000000000e+00,4.462911593239299764e-09,4.462911594556393811e-09,4.462911593230858386e-09,4.462911593244683883e-09,4.462911593310449705e-09,1.708149213167658304e-02,2.296225833243873207e-02,2.159024588145109363e-02,0.000000000000000000e+00,0.000000000000000000e+00,1.791356902104596126e-04,8.801877060561726961e-08,7.719037895228608157e-08,6.713544384539377065e-08,4.547866053883214517e-08,0.000000000000000000e+00,0.000000000000000000e+00,0.000000000000000000e+00,0.000000000000000000e+00,0.000000000000000000e+00,4.462911593258685569e-09,4.462911594524631730e-09,4.462911593230858386e-09,3.587070935785635396e-06,7.545713722259695527e-03,1.708149213167658304e-02,0.000000000000000000e+00,7.336913433455374053e-04,0.000000000000000000e+00,0.000000000000000000e+00,0.000000000000000000e+00,8.801877060561450352e-08,7.719037895228608157e-08,6.674871557214548665e-08,0.000000000000000000e+00,0.000000000000000000e+00,0.000000000000000000e+00,0.000000000000000000e+00,0.000000000000000000e+00,0.000000000000000000e+00,4.462911593239024313e-09,4.462911593239024313e-09,4.462911593635048612e-09,4.462911593249171338e-09,4.462911593249171338e-09,1.690777450438344515e-02,0.000000000000000000e+00,0.000000000000000000e+00,0.000000000000000000e+00,0.000000000000000000e+00,9.846043398533956261e-08,9.846043398533956261e-08,7.757710722547098368e-08,5.630705219208596204e-08,5.630705219208596204e-08,0.000000000000000000e+00,0.000000000000000000e+00,0.000000000000000000e+00,0.000000000000000000e+00,0.000000000000000000e+00,0.000000000000000000e+00,4.462911595105212431e-09,3.587070935785621843e-06,4.462911595838798385e-09,4.495413411837156903e-04,4.462911593234655145e-09,0.000000000000000000e+00,0.000000000000000000e+00,0.000000000000000000e+00,2.575745746118808521e-02,0.000000000000000000e+00,8.801877060579136135e-08,7.757710722543409805e-08,6.674871557213108709e-08,0.000000000000000000e+00,0.000000000000000000e+00,0.000000000000000000e+00,0.000000000000000000e+00,0.000000000000000000e+00,0.000000000000000000e+00,0.000000000000000000e+00,2.170161151319186172e-04,3.587070935785621843e-06,4.462911593235653552e-09,4.462911593231121430e-09,0.000000000000000000e+00,0.000000000000000000e+00,0.000000000000000000e+00,0.000000000000000000e+00,0.000000000000000000e+00,0.000000000000000000e+00,0.000000000000000000e+00,7.757710722543409805e-08,1.266434897261940187e-04,0.000000000000000000e+00,0.000000000000000000e+00,0.000000000000000000e+00,0.000000000000000000e+00,0.000000000000000000e+00,0.000000000000000000e+00,0.000000000000000000e+00,0.000000000000000000e+00,1.634396518320262864e-02,4.462911593238365050e-09,4.462911594121867564e-09,4.462911593234224184e-09,0.000000000000000000e+00,0.000000000000000000e+00,0.000000000000000000e+00,1.790264013848209324e-04,0.000000000000000000e+00,0.000000000000000000e+00,0.000000000000000000e+00,0.000000000000000000e+00,0.000000000000000000e+00,0.000000000000000000e+00,0.000000000000000000e+00,0.000000000000000000e+00,0.000000000000000000e+00,0.000000000000000000e+00,0.000000000000000000e+00,0.000000000000000000e+00,0.000000000000000000e+00,4.462911593267054983e-09,4.462911594121867564e-09,4.462911593239186441e-09,0.000000000000000000e+00,0.000000000000000000e+00,0.000000000000000000e+00,1.790264013848209324e-04,0.000000000000000000e+00,0.000000000000000000e+00,1.151163820172511934e-04,0.000000000000000000e+00,0.000000000000000000e+00,0.000000000000000000e+00,0.000000000000000000e+00,0.000000000000000000e+00,0.000000000000000000e+00,0.000000000000000000e+00,0.000000000000000000e+00,0.000000000000000000e+00,0.000000000000000000e+00,0.000000000000000000e+00,4.462911593652189449e-09,0.000000000000000000e+00,0.000000000000000000e+00,0.000000000000000000e+00,0.000000000000000000e+00,0.000000000000000000e+00,0.000000000000000000e+00,0.000000000000000000e+00,0.000000000000000000e+00,0.000000000000000000e+00,0.000000000000000000e+00,0.000000000000000000e+00,0.000000000000000000e+00,0.000000000000000000e+00
