0.000000000000000000e+00,0.000000000000000000e+00,0.000000000000000000e+00,0.000000000000000000e+00,0.000000000000000000e+00,0.000000000000000000e+00,0.000000000000000000e+00,0.000000000000000000e+00,0.000000000000000000e+00,0.000000000000000000e+00,0.000000000000000000e+00,0.000000000000000000e+00,0.000000000000000000e+00,0.000000000000000000e+00,0.000000000000000000e+00,0.000000000000000000e+00,0.000000000000000000e+00,0.000000000000000000e+00,0.000000000000000000e+00,0.000000000000000000e+00,0.000000000000000000e+00,0.000000000000000000e+00,0.000000000000000000e+00,0.000000000000000000e+00,0.000000000000000000e+00,0.000000000000000000e+00,0.000000000000000000e+00,0.000000000000000000e+00,4.647664315886220962e-03,0.000000000000000000e+00,0.000000000000000000e+00,0.000000000000000000e+00,0.000000000000000000e+00,0.000000000000000000e+00,0.000000000000000000e+00,0.000000000000000000e+00,0.000000000000000000e+00,0.000000000000000000e+00,0.000000000000000000e+00,0.000000000000000000e+00,0.000000000000000000e+00,0.000000000000000000e+00,0.000000000000000000e+00,0.000000000000000000e+00,0.000000000000000000e+00,0.000000000000000000e+00,4.647664315886221829e-03,0.000000000000000000e+00,0.000000000000000000e+00,0.000000000000000000e+00,0.000000000000000000e+00,0.000000000000000000e+00,0.000000000000000000e+00,0.000000000000000000e+00,0.000000000000000000e+00,0.000000000000000000e+00,0.000000000000000000e+00,0.000000000000000000e+00,0.000000000000000000e+00,0.000000000000000000e+00,0.000000000000000000e+00,0.000000000000000000e+00,0.000000000000000000e+00,0.000000000000000000e+00,0.000000000000000000e+00,1.584186885702271739e-03,0.000000000000000000e+00,0.000000000000000000e+00,0.000000000000000000e+00,0.000000000000000000e+00,6.355412363022685418e-19,0.000000000000000000e+00,0.000000000000000000e+00,0.000000000000000000e+00,0.000000000000000000e+00,0.000000000000000000e+00,4.050659899962187616e-02,0.000000000000000000e+00,0.000000000000000000e+00,0.000000000000000000e+00,0.000000000000000000e+00,0.000000000000000000e+00,4.647664315886219227e-03,4.647664315886219227e-03,6.355412363022685418e-19,0.000000000000000000e+00,0.000000000000000000e+00,6.355412363022685418e-19,6.355412363022685418e-19,0.000000000000000000e+00,3.763112072875689900e-18,0.000000000000000000e+00,0.000000000000000000e+00,0.000000000000000000e+00,0.000000000000000000e+00,0.000000000000000000e+00,0.000000000000000000e+00,0.000000000000000000e+00,0.000000000000000000e+00,0.000000000000000000e+00,0.000000000000000000e+00,4.647664315886218360e-03,4.647664315886218360e-03,0.000000000000000000e+00,8.923306671085197235e-19,0.000000000000000000e+00,0.000000000000000000e+00,0.000000000000000000e+00,6.355412363022685418e-19,0.000000000000000000e+00,0.000000000000000000e+00,0.000000000000000000e+00,0.000000000000000000e+00,6.355412363022685418e-19,4.626353510608076369e-02,0.000000000000000000e+00,0.000000000000000000e+00,0.000000000000000000e+00,0.000000000000000000e+00,0.000000000000000000e+00,0.000000000000000000e+00,0.000000000000000000e+00,6.355412363022685418e-19,0.000000000000000000e+00,8.923306671085197235e-19,9.173793836719079516e-19,0.000000000000000000e+00,0.000000000000000000e+00,0.000000000000000000e+00,0.000000000000000000e+00,0.000000000000000000e+00,0.000000000000000000e+00,0.000000000000000000e+00,0.000000000000000000e+00,4.626353510608076369e-02,4.626353510608076369e-02,0.000000000000000000e+00,0.000000000000000000e+00,0.000000000000000000e+00,0.000000000000000000e+00,0.000000000000000000e+00,0.000000000000000000e+00,9.123188418820915338e-19,0.000000000000000000e+00,0.000000000000000000e+00,0.000000000000000000e+00,0.000000000000000000e+00,0.000000000000000000e+00,6.217855614585910372e-03,4.626353510608076369e-02,5.424439942310988610e-02,0.000000000000000000e+00,0.000000000000000000e+00,0.000000000000000000e+00,0.000000000000000000e+00,6.355412363022685418e-19,0.000000000000000000e+00,0.000000000000000000e+00,0.000000000000000000e+00,0.000000000000000000e+00,0.000000000000000000e+00,0.000000000000000000e+00,9.123188418820915338e-19,6.355412363022685418e-19,0.000000000000000000e+00,0.000000000000000000e+00,0.000000000000000000e+00,2.950124354930046006e-04,6.533772709505303311e-02,4.626353510608076369e-02,3.075595928819493605e-02,3.075595928819493605e-02,0.000000000000000000e+00,6.355412363022685418e-19,6.372200643270254453e-19,0.000000000000000000e+00,0.000000000000000000e+00,0.000000000000000000e+00,0.000000000000000000e+00,0.000000000000000000e+00,0.000000000000000000e+00,0.000000000000000000e+00,0.000000000000000000e+00,0.000000000000000000e+00,0.000000000000000000e+00,0.000000000000000000e+00,1.907419198897226942e-02,6.533772709505303311e-02,6.533772709505303311e-02,3.075595928819493605e-02,3.075595928819493605e-02,3.075595928819493605e-02,0.000000000000000000e+00,0.000000000000000000e+00,0.000000000000000000e+00,0.000000000000000000e+00,0.000000000000000000e+00,7.639359517053940845e-19,7.639359517053940845e-19,7.746582185915346179e-19,0.000000000000000000e+00,0.000000000000000000e+00,0.000000000000000000e+00,6.355412363022685418e-19,0.000000000000000000e+00,0.000000000000000000e+00,1.907419198897226942e-02,1.907419198897226942e-02,3.075595928819493605e-02,4.411240286668209609e-02,5.368359982161994420e-02,0.000000000000000000e+00,0.000000000000000000e+00,0.000000000000000000e+00,8.050220685554774103e-19,0.000000000000000000e+00,6.664834835342310420e-04,6.444614117928553983e-19,6.664834835342302831e-04,1.974067547250649840e-02,6.355412363022685418e-19,0.000000000000000000e+00,0.000000000000000000e+00,0.000000000000000000e+00,0.000000000000000000e+00,0.000000000000000000e+00,0.000000000000000000e+00,0.000000000000000000e+00,2.292764053342500816e-02,4.411240286668209609e-02,0.000000000000000000e+00,0.000000000000000000e+00,0.000000000000000000e+00,0.000000000000000000e+00,6.664834835342302831e-04,6.664834835342310420e-04,6.664834835342310420e-04,6.664834835342302831e-04,1.974067547250649840e-02,1.974067547250649840e-02,0.000000000000000000e+00,0.000000000000000000e+00,0.000000000000000000e+00,0.000000000000000000e+00,0.000000000000000000e+00,0.000000000000000000e+00,0.000000000000000000e+00,0.000000000000000000e+00,0.000000000000000000e+00,0.000000000000000000e+00,1.812525936506878890e-02,0.000000000000000000e+00,6.664834835342303915e-04,6.664834835342302831e-04,6.664834835342303915e-04,6.664834835342303915e-04,6.664834835342303915e-04,1.974067547250649840e-02,1.974067547250649840e-02,0.000000000000000000e+00,0.000000000000000000e+00,0.000000000000000000e+00,0.000000000000000000e+00,7.980864317029113739e-03,0.000000000000000000e+00,3.666996761348030468e-04,1.564409197051737934e-18,0.000000000000000000e+00,0.000000000000000000e+00,0.000000000000000000e+00,6.664834835342312589e-04,0.000000000000000000e+00,0.000000000000000000e+00,6.664834835342321262e-04,6.664834835342303915e-04,6.664834835342307168e-04,0.000000000000000000e+00,6.664834835342303915e-04,0.000000000000000000e+00,0.000000000000000000e+00,7.980864317029112004e-03,7.980864317029113739e-03,7.980864317029113739e-03,7.980864317029113739e-03,0.000000000000000000e+00,0.000000000000000000e+00,0.000000000000000000e+00,0.000000000000000000e+00,0.000000000000000000e+00,0.000000000000000000e+00,0.000000000000000000e+00,6.664834835342312589e-04,2.359412401695924061e-02,2.359412401695924061e-02,0.000000000000000000e+00,6.664834835342310420e-04,6.664834835342310420e-04,0.000000000000000000e+00,0.000000000000000000e+00,0.000000000000000000e+00,0.000000000000000000e+00,0.000000000000000000e+00,2.800841025815062856e-03,0.000000000000000000e+00,8.647347800563342721e-03,0.000000000000000000e+00,5.789359310516616592e-18,0.000000000000000000e+00,0.000000000000000000e+00,0.000000000000000000e+00,1.111924919177277246e-02,2.214409858705548373e-04,0.000000000000000000e+00,6.664834835342328852e-04,0.000000000000000000e+00,0.000000000000000000e+00,0.000000000000000000e+00,0.000000000000000000e+00,0.000000000000000000e+00,0.000000000000000000e+00,0.000000000000000000e+00,0.000000000000000000e+00,2.979792672143931863e-03,0.000000000000000000e+00,8.647347800563342721e-03,0.000000000000000000e+00,9.556831298516781103e-19,0.000000000000000000e+00,0.000000000000000000e+00,0.000000000000000000e+00,0.000000000000000000e+00,0.000000000000000000e+00,0.000000000000000000e+00,0.000000000000000000e+00,0.000000000000000000e+00,0.000000000000000000e+00,0.000000000000000000e+00,0.000000000000000000e+00,0.000000000000000000e+00,0.000000000000000000e+00,0.000000000000000000e+00,0.000000000000000000e+00,0.000000000000000000e+00,2.194481365222302957e-02,0.000000000000000000e+00,2.292764053342501163e-02,0.000000000000000000e+00,0.000000000000000000e+00,0.000000000000000000e+00,0.000000000000000000e+00,0.000000000000000000e+00,0.000000000000000000e+00,0.000000000000000000e+00,0.000000000000000000e+00,0.000000000000000000e+00,0.000000000000000000e+00,0.000000000000000000e+00,0.000000000000000000e+00,0.000000000000000000e+00,0.000000000000000000e+00,0.000000000000000000e+00,0.000000000000000000e+00,0.000000000000000000e+00,0.000000000000000000e+00,0.000000000000000000e+00,0.000000000000000000e+00,0.000000000000000000e+00,0.000000000000000000e+00,0.000000000000000000e+00,0.000000000000000000e+00,0.000000000000000000e+00,0.000000000000000000e+00,0.000000000000000000e+00,0.000000000000000000e+00,0.000000000000000000e+00,0.000000000000000000e+00,0.000000000000000000e+00,0.000000000000000000e+00,0.000000000000000000e+00,0.000000000000000000e+00,0.000000000000000000e+00,0.000000000000000000e+00,0.000000000000000000e+00,0.000000000000000000e+00,0.000000000000000000e+00,0.000000000000000000e+00,0.000000000000000000e+00,0.000000000000000000e+00,0.000000000000000000e+00,0.000000000000000000e+00,0.000000000000000000e+00,0.000000000000000000e+00,0.000000000000000000e+00,0.000000000000000000e+00,0.000000000000000000e+00,0.000000000000000000e+00,0.000000000000000000e+00,0.000000000000000000e+00,0.000000000000000000e+00,0.000000000000000000e+00
0.000000000000000000e+00,0.000000000000000000e+00,0.000000000000000000e+00,0.000000000000000000e+00,0.000000000000000000e+00,0.000000000000000000e+00,0.000000000000000000e+00,0.000000000000000000e+00,0.000000000000000000e+00,0.000000000000000000e+00,0.000000000000000000e+00,0.000000000000000000e+00,0.000000000000000000e+00,0.000000000000000000e+00,0.000000000000000000e+00,0.000000000000000000e+00,0.000000000000000000e+00,0.000000000000000000e+00,0.000000000000000000e+00,0.000000000000000000e+00,0.000000000000000000e+00,0.000000000000000000e+00,0.000000000000000000e+00,0.000000000000000000e+00,0.000000000000000000e+00,0.000000000000000000e+00,0.000000000000000000e+00,0.000000000000000000e+00,1.106586741877671823e-03,0.000000000000000000e+00,0.000000000000000000e+00,0.000000000000000000e+00,0.000000000000000000e+00,0.000000000000000000e+00,4.891040775905883264e-02,0.000000000000000000e+00,0.000000000000000000e+00,0.000000000000000000e+00,0.000000000000000000e+00,0.000000000000000000e+00,0.000000000000000000e+00,0.000000000000000000e+00,0.000000000000000000e+00,0.000000000000000000e+00,0.000000000000000000e+00,0.000000000000000000e+00,1.537706993347278794e-03,0.000000000000000000e+00,0.000000000000000000e+00,0.000000000000000000e+00,0.000000000000000000e+00,0.000000000000000000e+00,0.000000000000000000e+00,0.000000000000000000e+00,0.000000000000000000e+00,0.000000000000000000e+00,0.000000000000000000e+00,0.000000000000000000e+00,0.000000000000000000e+00,0.000000000000000000e+00,0.000000000000000000e+00,0.000000000000000000e+00,0.000000000000000000e+00,0.000000000000000000e+00,0.000000000000000000e+00,3.771873537386362212e-04,0.000000000000000000e+00,0.000000000000000000e+00,0.000000000000000000e+00,0.000000000000000000e+00,1.513193419767305868e-19,0.000000000000000000e+00,0.000000000000000000e+00,0.000000000000000000e+00,0.000000000000000000e+00,0.000000000000000000e+00,9.644428333243304508e-03,0.000000000000000000e+00,0.000000000000000000e+00,0.000000000000000000e+00,0.000000000000000000e+00,0.000000000000000000e+00,1.106586741877671389e-03,1.106586741877671389e-03,1.730891392764801250e-19,0.000000000000000000e+00,0.000000000000000000e+00,1.513193419767305868e-19,1.513193419767305868e-19,0.000000000000000000e+00,8.959790649704022839e-19,0.000000000000000000e+00,0.000000000000000000e+00,0.000000000000000000e+00,0.000000000000000000e+00,0.000000000000000000e+00,0.000000000000000000e+00,0.000000000000000000e+00,0.000000000000000000e+00,0.000000000000000000e+00,0.000000000000000000e+00,1.106586741877670955e-03,1.106586741877670955e-03,0.000000000000000000e+00,2.124596826448856118e-19,0.000000000000000000e+00,0.000000000000000000e+00,0.000000000000000000e+00,1.513193419767305868e-19,0.000000000000000000e+00,0.000000000000000000e+00,0.000000000000000000e+00,0.000000000000000000e+00,1.513193419767305868e-19,1.101512740620970432e-02,0.000000000000000000e+00,0.000000000000000000e+00,0.000000000000000000e+00,0.000000000000000000e+00,0.000000000000000000e+00,1.833034741387798566e-05,1.833034741387798566e-05,1.513193419767305868e-19,0.000000000000000000e+00,2.124596826448856118e-19,2.184236627790256615e-19,0.000000000000000000e+00,0.000000000000000000e+00,0.000000000000000000e+00,0.000000000000000000e+00,0.000000000000000000e+00,0.000000000000000000e+00,0.000000000000000000e+00,0.000000000000000000e+00,1.101512740620970432e-02,1.101512740620970432e-02,0.000000000000000000e+00,0.000000000000000000e+00,0.000000000000000000e+00,0.000000000000000000e+00,0.000000000000000000e+00,0.000000000000000000e+00,2.172187718766884879e-19,0.000000000000000000e+00,0.000000000000000000e+00,0.000000000000000000e+00,0.000000000000000000e+00,0.000000000000000000e+00,1.480441812996645574e-03,4.095203454123796938e-02,2.082248439176920263e-02,2.993690713502826159e-02,0.000000000000000000e+00,0.000000000000000000e+00,0.000000000000000000e+00,1.513193419767305868e-19,0.000000000000000000e+00,0.000000000000000000e+00,0.000000000000000000e+00,0.000000000000000000e+00,0.000000000000000000e+00,0.000000000000000000e+00,2.172187718766884879e-19,1.513193419767305868e-19,0.000000000000000000e+00,0.000000000000000000e+00,0.000000000000000000e+00,7.024105606976300273e-05,4.578708532012880361e-02,4.095203454123796938e-02,3.727931539986555076e-02,7.322847449570221712e-03,0.000000000000000000e+00,1.513193419767305868e-19,1.517190629350061043e-19,0.000000000000000000e+00,0.000000000000000000e+00,0.000000000000000000e+00,0.000000000000000000e+00,0.000000000000000000e+00,0.000000000000000000e+00,0.000000000000000000e+00,0.000000000000000000e+00,0.000000000000000000e+00,0.000000000000000000e+00,0.000000000000000000e+00,4.541474283088636071e-03,4.549350882432660892e-02,4.549350882432660892e-02,4.676713966122666988e-02,8.007869293752170603e-02,8.007869293752170603e-02,0.000000000000000000e+00,0.000000000000000000e+00,0.000000000000000000e+00,0.000000000000000000e+00,0.000000000000000000e+00,1.818895123108081475e-19,1.818895123108081475e-19,1.844424329979844328e-19,0.000000000000000000e+00,0.000000000000000000e+00,0.000000000000000000e+00,1.513193419767305868e-19,0.000000000000000000e+00,0.000000000000000000e+00,4.541474283088636071e-03,4.541474283088636071e-03,8.007869293752170603e-02,8.325879855144723007e-02,8.553765496928956991e-02,0.000000000000000000e+00,0.000000000000000000e+00,0.000000000000000000e+00,1.916719210846374649e-19,0.000000000000000000e+00,1.586865436986264902e-04,1.534431932840131809e-19,1.586865436986262734e-04,4.700160826787262019e-03,1.513193419767305868e-19,0.000000000000000000e+00,0.000000000000000000e+00,0.000000000000000000e+00,0.000000000000000000e+00,0.000000000000000000e+00,0.000000000000000000e+00,0.000000000000000000e+00,7.821480751971934819e-02,8.325879855144723007e-02,0.000000000000000000e+00,0.000000000000000000e+00,0.000000000000000000e+00,0.000000000000000000e+00,1.586865436986262734e-04,1.586865436986340796e-04,1.586865436986264902e-04,1.586865436986262734e-04,4.700160826787262019e-03,4.700160826787262019e-03,0.000000000000000000e+00,0.000000000000000000e+00,0.000000000000000000e+00,0.000000000000000000e+00,0.000000000000000000e+00,0.000000000000000000e+00,0.000000000000000000e+00,0.000000000000000000e+00,0.000000000000000000e+00,0.000000000000000000e+00,4.384640512699400708e-03,6.980476813097973227e-05,2.284913118296060192e-04,2.284913118296131749e-04,2.284913118296060192e-04,1.586865436986262734e-04,1.586865436986262734e-04,6.411332858441490257e-03,6.411332858441490257e-03,0.000000000000000000e+00,0.000000000000000000e+00,0.000000000000000000e+00,0.000000000000000000e+00,1.900205789768836563e-03,0.000000000000000000e+00,8.730944669876265600e-05,3.724783802504138856e-19,0.000000000000000000e+00,0.000000000000000000e+00,6.980476813097973227e-05,2.284913118296062360e-04,6.980476813097973227e-05,6.980476813097973227e-05,2.284913118296065071e-04,2.284913118296060192e-04,2.284913118296132833e-04,6.980476813097969161e-05,1.586865436986262734e-04,0.000000000000000000e+00,0.000000000000000000e+00,1.900205789768836563e-03,1.900205789768836563e-03,1.900205789768836563e-03,1.900205789768836563e-03,0.000000000000000000e+00,0.000000000000000000e+00,0.000000000000000000e+00,0.000000000000000000e+00,6.980476813097973227e-05,6.980476813097973227e-05,6.980476813097973227e-05,2.284913118296135002e-04,6.568241582329520378e-03,6.568241582329520378e-03,9.505930068630352161e-04,1.018023121311539218e-03,1.018023121311539218e-03,0.000000000000000000e+00,0.000000000000000000e+00,0.000000000000000000e+00,0.000000000000000000e+00,2.935764958022074318e-04,8.577900737915644235e-04,2.935764958022074318e-04,2.352468829269670214e-03,0.000000000000000000e+00,1.378418883456337137e-18,6.980476813097973227e-05,6.980476813097973227e-05,6.980476813097973227e-05,2.717245051886410176e-03,1.003317051117928564e-03,9.505930068630345656e-04,1.109279550561661273e-03,0.000000000000000000e+00,0.000000000000000000e+00,0.000000000000000000e+00,0.000000000000000000e+00,0.000000000000000000e+00,0.000000000000000000e+00,0.000000000000000000e+00,0.000000000000000000e+00,1.003050941550763259e-03,2.261848708158359052e-04,2.352468829269670214e-03,6.980476813098696932e-05,6.980476813097996266e-05,6.980476813098696932e-05,6.980476813098696932e-05,6.980476813097973227e-05,8.291117469490701932e-04,8.291117469490701932e-04,9.505930068630345656e-04,0.000000000000000000e+00,0.000000000000000000e+00,0.000000000000000000e+00,0.000000000000000000e+00,0.000000000000000000e+00,0.000000000000000000e+00,0.000000000000000000e+00,0.000000000000000000e+00,0.000000000000000000e+00,0.000000000000000000e+00,5.518532127283880956e-03,6.980476813097969161e-05,5.528766799898839068e-03,6.980476813097969161e-05,6.980476813097969161e-05,6.980476813097969161e-05,0.000000000000000000e+00,6.980476813097969161e-05,0.000000000000000000e+00,0.000000000000000000e+00,0.000000000000000000e+00,0.000000000000000000e+00,0.000000000000000000e+00,0.000000000000000000e+00,0.000000000000000000e+00,0.000000000000000000e+00,0.000000000000000000e+00,0.000000000000000000e+00,0.000000000000000000e+00,0.000000000000000000e+00,0.000000000000000000e+00,0.000000000000000000e+00,0.000000000000000000e+00,6.980476813097969161e-05,0.000000000000000000e+00,0.000000000000000000e+00,0.000000000000000000e+00,0.000000000000000000e+00,0.000000000000000000e+00,0.000000000000000000e+00,0.000000000000000000e+00,0.000000000000000000e+00,0.000000000000000000e+00,0.000000000000000000e+00,0.000000000000000000e+00,0.000000000000000000e+00,0.000000000000000000e+00,0.000000000000000000e+00,0.000000000000000000e+00,0.000000000000000000e+00,0.000000000000000000e+00,0.000000000000000000e+00,0.000000000000000000e+00,0.000000000000000000e+00,0.000000000000000000e+00,0.000000000000000000e+00,0.000000000000000000e+00,0.000000000000000000e+00,0.000000000000000000e+00,0.000000000000000000e+00,0.000000000000000000e+00,0.000000000000000000e+00,0.000000000000000000e+00,0.000000000000000000e+00,0.000000000000000000e+00,0.000000000000000000e+00,0.000000000000000000e+00
0.000000000000000000e+00,0.000000000000000000e+00,0.000000000000000000e+00,0.000000000000000000e+00,0.000000000000000000e+00,0.000000000000000000e+00,0.000000000000000000e+00,0.000000000000000000e+00,0.000000000000000000e+00,0.000000000000000000e+00,0.000000000000000000e+00,0.000000000000000000e+00,0.000000000000000000e+00,0.000000000000000000e+00,0.000000000000000000e+00,0.000000000000000000e+00,0.000000000000000000e+00,0.000000000000000000e+00,0.000000000000000000e+00,0.000000000000000000e+00,0.000000000000000000e+00,0.000000000000000000e+00,0.000000000000000000e+00,0.000000000000000000e+00,0.000000000000000000e+00,0.000000000000000000e+00,0.000000000000000000e+00,0.000000000000000000e+00,0.000000000000000000e+00,0.000000000000000000e+00,0.000000000000000000e+00,0.000000000000000000e+00,0.000000000000000000e+00,0.000000000000000000e+00,5.702258293811145184e-02,0.000000000000000000e+00,0.000000000000000000e+00,0.000000000000000000e+00,0.000000000000000000e+00,0.000000000000000000e+00,0.000000000000000000e+00,0.000000000000000000e+00,0.000000000000000000e+00,0.000000000000000000e+00,0.000000000000000000e+00,0.000000000000000000e+00,2.694501571685041941e-04,0.000000000000000000e+00,0.000000000000000000e+00,0.000000000000000000e+00,0.000000000000000000e+00,0.000000000000000000e+00,0.000000000000000000e+00,0.000000000000000000e+00,0.000000000000000000e+00,0.000000000000000000e+00,0.000000000000000000e+00,0.000000000000000000e+00,0.000000000000000000e+00,0.000000000000000000e+00,0.000000000000000000e+00,0.000000000000000000e+00,0.000000000000000000e+00,0.000000000000000000e+00,0.000000000000000000e+00,0.000000000000000000e+00,0.000000000000000000e+00,0.000000000000000000e+00,0.000000000000000000e+00,0.000000000000000000e+00,0.000000000000000000e+00,0.000000000000000000e+00,0.000000000000000000e+00,0.000000000000000000e+00,0.000000000000000000e+00,0.000000000000000000e+00,0.000000000000000000e+00,0.000000000000000000e+00,0.000000000000000000e+00,0.000000000000000000e+00,0.000000000000000000e+00,0.000000000000000000e+00,1.357508576653220075e-03,1.357508576653220075e-03,1.360612331234346132e-20,0.000000000000000000e+00,0.000000000000000000e+00,0.000000000000000000e+00,0.000000000000000000e+00,0.000000000000000000e+00,0.000000000000000000e+00,0.000000000000000000e+00,0.000000000000000000e+00,0.000000000000000000e+00,0.000000000000000000e+00,0.000000000000000000e+00,0.000000000000000000e+00,0.000000000000000000e+00,0.000000000000000000e+00,0.000000000000000000e+00,0.000000000000000000e+00,0.000000000000000000e+00,0.000000000000000000e+00,0.000000000000000000e+00,0.000000000000000000e+00,0.000000000000000000e+00,0.000000000000000000e+00,0.000000000000000000e+00,0.000000000000000000e+00,0.000000000000000000e+00,0.000000000000000000e+00,0.000000000000000000e+00,0.000000000000000000e+00,0.000000000000000000e+00,0.000000000000000000e+00,0.000000000000000000e+00,0.000000000000000000e+00,0.000000000000000000e+00,0.000000000000000000e+00,0.000000000000000000e+00,1.145646713367374146e-05,1.145646713367374146e-05,0.000000000000000000e+00,0.000000000000000000e+00,0.000000000000000000e+00,0.000000000000000000e+00,0.000000000000000000e+00,0.000000000000000000e+00,0.000000000000000000e+00,0.000000000000000000e+00,2.004436040657034112e-19,0.000000000000000000e+00,0.000000000000000000e+00,0.000000000000000000e+00,0.000000000000000000e+00,0.000000000000000000e+00,0.000000000000000000e+00,0.000000000000000000e+00,0.000000000000000000e+00,0.000000000000000000e+00,2.271661694731532733e-19,0.000000000000000000e+00,0.000000000000000000e+00,0.000000000000000000e+00,0.000000000000000000e+00,0.000000000000000000e+00,0.000000000000000000e+00,0.000000000000000000e+00,0.000000000000000000e+00,1.871056695939266393e-02,4.941969497369159796e-03,1.871056695939266393e-02,0.000000000000000000e+00,0.000000000000000000e+00,0.000000000000000000e+00,0.000000000000000000e+00,0.000000000000000000e+00,0.000000000000000000e+00,0.000000000000000000e+00,0.000000000000000000e+00,0.000000000000000000e+00,0.000000000000000000e+00,0.000000000000000000e+00,0.000000000000000000e+00,0.000000000000000000e+00,0.000000000000000000e+00,0.000000000000000000e+00,0.000000000000000000e+00,9.035068623064998472e-02,1.871056695939266393e-02,9.017942643031551242e-02,0.000000000000000000e+00,0.000000000000000000e+00,0.000000000000000000e+00,0.000000000000000000e+00,0.000000000000000000e+00,0.000000000000000000e+00,0.000000000000000000e+00,0.000000000000000000e+00,0.000000000000000000e+00,0.000000000000000000e+00,0.000000000000000000e+00,0.000000000000000000e+00,0.000000000000000000e+00,0.000000000000000000e+00,0.000000000000000000e+00,0.000000000000000000e+00,9.016720092077359916e-02,9.016720092077359916e-02,9.610931659366622748e-02,4.547240342996968637e-02,4.547240342996968637e-02,0.000000000000000000e+00,0.000000000000000000e+00,0.000000000000000000e+00,0.000000000000000000e+00,0.000000000000000000e+00,0.000000000000000000e+00,0.000000000000000000e+00,0.000000000000000000e+00,0.000000000000000000e+00,0.000000000000000000e+00,0.000000000000000000e+00,0.000000000000000000e+00,0.000000000000000000e+00,0.000000000000000000e+00,0.000000000000000000e+00,0.000000000000000000e+00,1.169290373913506043e-01,4.547240342996968637e-02,4.547240342996968637e-02,0.000000000000000000e+00,0.000000000000000000e+00,0.000000000000000000e+00,0.000000000000000000e+00,0.000000000000000000e+00,0.000000000000000000e+00,0.000000000000000000e+00,0.000000000000000000e+00,0.000000000000000000e+00,0.000000000000000000e+00,0.000000000000000000e+00,0.000000000000000000e+00,0.000000000000000000e+00,0.000000000000000000e+00,0.000000000000000000e+00,0.000000000000000000e+00,0.000000000000000000e+00,4.547240342996968637e-02,4.547240342996968637e-02,0.000000000000000000e+00,0.000000000000000000e+00,0.000000000000000000e+00,0.000000000000000000e+00,0.000000000000000000e+00,4.734349486520035001e-18,0.000000000000000000e+00,0.000000000000000000e+00,0.000000000000000000e+00,0.000000000000000000e+00,0.000000000000000000e+00,0.000000000000000000e+00,0.000000000000000000e+00,0.000000000000000000e+00,0.000000000000000000e+00,0.000000000000000000e+00,3.753220363030040918e-02,0.000000000000000000e+00,0.000000000000000000e+00,0.000000000000000000e+00,4.318910539712690795e-05,4.362798008186233436e-05,4.362798008186236147e-05,4.362798008186684736e-05,4.362798008186233436e-05,0.000000000000000000e+00,0.000000000000000000e+00,1.069482519783893082e-03,1.069482519783893082e-03,0.000000000000000000e+00,0.000000000000000000e+00,0.000000000000000000e+00,0.000000000000000000e+00,0.000000000000000000e+00,0.000000000000000000e+00,0.000000000000000000e+00,0.000000000000000000e+00,0.000000000000000000e+00,0.000000000000000000e+00,4.362798008186317462e-05,4.362798008186233436e-05,4.362798008186233436e-05,4.362798008186233436e-05,4.362798008186236825e-05,4.362798008186233436e-05,4.362798008186684736e-05,4.362798008186231404e-05,0.000000000000000000e+00,0.000000000000000000e+00,0.000000000000000000e+00,0.000000000000000000e+00,0.000000000000000000e+00,0.000000000000000000e+00,0.000000000000000000e+00,0.000000000000000000e+00,0.000000000000000000e+00,0.000000000000000000e+00,0.000000000000000000e+00,4.362798008186233436e-05,4.362798008186233436e-05,4.362798008186233436e-05,1.190129712290858774e-02,5.941206292893965899e-04,5.941206292893965899e-04,5.941206292893975657e-04,1.464268441937674817e-02,1.464268441937674817e-02,0.000000000000000000e+00,0.000000000000000000e+00,0.000000000000000000e+00,0.000000000000000000e+00,1.834853098763796245e-04,1.193269768020100482e-04,1.834853098763796245e-04,1.834853098763796245e-04,0.000000000000000000e+00,0.000000000000000000e+00,4.362798008186233436e-05,4.362798008186233436e-05,4.362798008186233436e-05,4.362798008186684736e-05,5.941206292893965899e-04,5.941206292893965899e-04,5.941206292893965899e-04,0.000000000000000000e+00,0.000000000000000000e+00,0.000000000000000000e+00,0.000000000000000000e+00,0.000000000000000000e+00,0.000000000000000000e+00,0.000000000000000000e+00,0.000000000000000000e+00,1.834853098763802209e-04,1.413655442598974442e-04,1.834853098763796245e-04,4.362798008186684736e-05,4.362798008186233436e-05,4.362798008186684736e-05,4.362798008186684736e-05,4.362798008186273416e-05,5.181948418431687759e-04,5.181948418431687759e-04,5.941206292893965899e-04,0.000000000000000000e+00,0.000000000000000000e+00,0.000000000000000000e+00,0.000000000000000000e+00,0.000000000000000000e+00,0.000000000000000000e+00,0.000000000000000000e+00,0.000000000000000000e+00,0.000000000000000000e+00,0.000000000000000000e+00,1.834853098763796245e-04,4.362798008186231404e-05,4.362798008186231404e-05,4.362798008186231404e-05,4.362798008186231404e-05,4.362798008186231404e-05,0.000000000000000000e+00,4.362798008186231404e-05,0.000000000000000000e+00,0.000000000000000000e+00,0.000000000000000000e+00,0.000000000000000000e+00,0.000000000000000000e+00,0.000000000000000000e+00,0.000000000000000000e+00,0.000000000000000000e+00,0.000000000000000000e+00,0.000000000000000000e+00,0.000000000000000000e+00,0.000000000000000000e+00,0.000000000000000000e+00,0.000000000000000000e+00,0.000000000000000000e+00,4.362798008186231404e-05,0.000000000000000000e+00,0.000000000000000000e+00,0.000000000000000000e+00,0.000000000000000000e+00,0.000000000000000000e+00,0.000000000000000000e+00,0.000000000000000000e+00,0.000000000000000000e+00,0.000000000000000000e+00,0.000000000000000000e+00,0.000000000000000000e+00,0.000000000000000000e+00,0.000000000000000000e+00,0.000000000000000000e+00,0.000000000000000000e+00,0.000000000000000000e+00,0.000000000000000000e+00,0.000000000000000000e+00,0.000000000000000000e+00,0.000000000000000000e+00,0.000000000000000000e+00,0.000000000000000000e+00,0.000000000000000000e+00,0.000000000000000000e+00,0.000000000000000000e+00,0.000000000000000000e+00,0.000000000000000000e+00,0.000000000000000000e+00,0.000000000000000000e+00,0.000000000000000000e+00,0.000000000000000000e+00,0.000000000000000000e+00,0.000000000000000000e+00
0.000000000000000000e+00,0.000000000000000000e+00,0.000000000000000000e+00,0.000000000000000000e+00,0.000000000000000000e+00,0.000000000000000000e+00,0.000000000000000000e+00,0.000000000000000000e+00,0.000000000000000000e+00,0.000000000000000000e+00,0.000000000000000000e+00,0.000000000000000000e+00,0.000000000000000000e+00,0.000000000000000000e+00,0.000000000000000000e+00,0.000000000000000000e+00,0.000000000000000000e+00,0.000000000000000000e+00,0.000000000000000000e+00,0.000000000000000000e+00,0.000000000000000000e+00,0.000000000000000000e+00,0.000000000000000000e+00,0.000000000000000000e+00,0.000000000000000000e+00,0.000000000000000000e+00,0.000000000000000000e+00,0.000000000000000000e+00,0.000000000000000000e+00,0.000000000000000000e+00,0.000000000000000000e+00,0.000000000000000000e+00,0.000000000000000000e+00,0.000000000000000000e+00,3.836240565507835487e-02,0.000000000000000000e+00,0.000000000000000000e+00,0.000000000000000000e+00,0.000000000000000000e+00,0.000000000000000000e+00,0.000000000000000000e+00,0.000000000000000000e+00,0.000000000000000000e+00,0.000000000000000000e+00,0.000000000000000000e+00,0.000000000000000000e+00,0.000000000000000000e+00,0.000000000000000000e+00,0.000000000000000000e+00,0.000000000000000000e+00,0.000000000000000000e+00,0.000000000000000000e+00,0.000000000000000000e+00,0.000000000000000000e+00,0.000000000000000000e+00,3.906318852535051872e-03,0.000000000000000000e+00,0.000000000000000000e+00,0.000000000000000000e+00,0.000000000000000000e+00,0.000000000000000000e+00,0.000000000000000000e+00,0.000000000000000000e+00,0.000000000000000000e+00,0.000000000000000000e+00,0.000000000000000000e+00,0.000000000000000000e+00,0.000000000000000000e+00,0.000000000000000000e+00,0.000000000000000000e+00,0.000000000000000000e+00,0.000000000000000000e+00,0.000000000000000000e+00,0.000000000000000000e+00,0.000000000000000000e+00,9.172442742961671620e-04,3.297219746680730805e-04,0.000000000000000000e+00,0.000000000000000000e+00,0.000000000000000000e+00,0.000000000000000000e+00,0.000000000000000000e+00,5.592238739635787756e-03,5.592238739635787756e-03,0.000000000000000000e+00,0.000000000000000000e+00,0.000000000000000000e+00,0.000000000000000000e+00,0.000000000000000000e+00,0.000000000000000000e+00,0.000000000000000000e+00,0.000000000000000000e+00,0.000000000000000000e+00,0.000000000000000000e+00,0.000000000000000000e+00,6.218950893743286842e-03,6.218950893743286842e-03,1.934414499030392282e-03,0.000000000000000000e+00,0.000000000000000000e+00,0.000000000000000000e+00,0.000000000000000000e+00,0.000000000000000000e+00,0.000000000000000000e+00,0.000000000000000000e+00,0.000000000000000000e+00,0.000000000000000000e+00,0.000000000000000000e+00,0.000000000000000000e+00,0.000000000000000000e+00,0.000000000000000000e+00,0.000000000000000000e+00,0.000000000000000000e+00,7.052112002898006625e-04,0.000000000000000000e+00,0.000000000000000000e+00,0.000000000000000000e+00,0.000000000000000000e+00,0.000000000000000000e+00,0.000000000000000000e+00,0.000000000000000000e+00,0.000000000000000000e+00,3.390049529845225217e-04,0.000000000000000000e+00,0.000000000000000000e+00,0.000000000000000000e+00,0.000000000000000000e+00,0.000000000000000000e+00,0.000000000000000000e+00,0.000000000000000000e+00,2.733321873623227831e-19,0.000000000000000000e+00,1.794092286784164728e-03,0.000000000000000000e+00,0.000000000000000000e+00,0.000000000000000000e+00,0.000000000000000000e+00,0.000000000000000000e+00,0.000000000000000000e+00,0.000000000000000000e+00,3.097720492815727023e-19,0.000000000000000000e+00,0.000000000000000000e+00,0.000000000000000000e+00,0.000000000000000000e+00,0.000000000000000000e+00,0.000000000000000000e+00,0.000000000000000000e+00,0.000000000000000000e+00,2.810234992563154059e-03,0.000000000000000000e+00,1.440609571027479628e-02,0.000000000000000000e+00,0.000000000000000000e+00,0.000000000000000000e+00,0.000000000000000000e+00,0.000000000000000000e+00,1.920139216699272202e-04,0.000000000000000000e+00,0.000000000000000000e+00,0.000000000000000000e+00,0.000000000000000000e+00,0.000000000000000000e+00,0.000000000000000000e+00,0.000000000000000000e+00,0.000000000000000000e+00,0.000000000000000000e+00,0.000000000000000000e+00,1.008548776288577115e-01,2.810234992563154059e-03,1.244364614282526538e-01,1.748836541935464310e-03,0.000000000000000000e+00,0.000000000000000000e+00,0.000000000000000000e+00,0.000000000000000000e+00,0.000000000000000000e+00,0.000000000000000000e+00,0.000000000000000000e+00,0.000000000000000000e+00,0.000000000000000000e+00,0.000000000000000000e+00,0.000000000000000000e+00,0.000000000000000000e+00,0.000000000000000000e+00,0.000000000000000000e+00,0.000000000000000000e+00,1.124545451827537595e-01,1.124545451827537595e-01,1.341924147754186281e-01,1.795013859894608460e-02,1.795013859894608460e-02,0.000000000000000000e+00,0.000000000000000000e+00,0.000000000000000000e+00,0.000000000000000000e+00,0.000000000000000000e+00,0.000000000000000000e+00,0.000000000000000000e+00,0.000000000000000000e+00,0.000000000000000000e+00,0.000000000000000000e+00,0.000000000000000000e+00,0.000000000000000000e+00,0.000000000000000000e+00,0.000000000000000000e+00,0.000000000000000000e+00,4.148452652403832736e-03,1.301442539739983140e-01,0.000000000000000000e+00,1.244836155876492823e-02,0.000000000000000000e+00,0.000000000000000000e+00,0.000000000000000000e+00,0.000000000000000000e+00,0.000000000000000000e+00,0.000000000000000000e+00,0.000000000000000000e+00,1.957791654488837526e-19,1.988933613179986865e-06,4.948017294249139678e-03,0.000000000000000000e+00,0.000000000000000000e+00,0.000000000000000000e+00,0.000000000000000000e+00,0.000000000000000000e+00,0.000000000000000000e+00,3.383158351143357705e-03,0.000000000000000000e+00,0.000000000000000000e+00,0.000000000000000000e+00,0.000000000000000000e+00,0.000000000000000000e+00,0.000000000000000000e+00,0.000000000000000000e+00,0.000000000000000000e+00,0.000000000000000000e+00,0.000000000000000000e+00,0.000000000000000000e+00,1.988933613179986865e-06,0.000000000000000000e+00,0.000000000000000000e+00,0.000000000000000000e+00,0.000000000000000000e+00,1.958101934432948405e-03,0.000000000000000000e+00,5.706950659675759374e-02,0.000000000000000000e+00,0.000000000000000000e+00,0.000000000000000000e+00,0.000000000000000000e+00,0.000000000000000000e+00,0.000000000000000000e+00,0.000000000000000000e+00,0.000000000000000000e+00,0.000000000000000000e+00,0.000000000000000000e+00,0.000000000000000000e+00,0.000000000000000000e+00,0.000000000000000000e+00,0.000000000000000000e+00,0.000000000000000000e+00,0.000000000000000000e+00,0.000000000000000000e+00,1.958101934432948405e-03,5.889228919075212461e-03,0.000000000000000000e+00,0.000000000000000000e+00,0.000000000000000000e+00,1.142284431725799397e-18,0.000000000000000000e+00,0.000000000000000000e+00,7.613196380909634589e-03,6.267924984679957602e-04,0.000000000000000000e+00,0.000000000000000000e+00,1.327143626142518289e-03,0.000000000000000000e+00,0.000000000000000000e+00,0.000000000000000000e+00,0.000000000000000000e+00,0.000000000000000000e+00,0.000000000000000000e+00,0.000000000000000000e+00,0.000000000000000000e+00,0.000000000000000000e+00,0.000000000000000000e+00,0.000000000000000000e+00,0.000000000000000000e+00,0.000000000000000000e+00,0.000000000000000000e+00,1.616954883112734637e-02,1.920139216699273828e-04,1.920139216699273828e-04,7.744301232039317798e-19,1.931108036635979103e-02,1.931108036635979103e-02,0.000000000000000000e+00,0.000000000000000000e+00,0.000000000000000000e+00,0.000000000000000000e+00,1.706554000508384451e-03,0.000000000000000000e+00,0.000000000000000000e+00,0.000000000000000000e+00,0.000000000000000000e+00,0.000000000000000000e+00,0.000000000000000000e+00,0.000000000000000000e+00,0.000000000000000000e+00,0.000000000000000000e+00,0.000000000000000000e+00,1.920139216699269220e-04,1.920139216699270576e-04,0.000000000000000000e+00,0.000000000000000000e+00,0.000000000000000000e+00,0.000000000000000000e+00,0.000000000000000000e+00,0.000000000000000000e+00,0.000000000000000000e+00,0.000000000000000000e+00,5.940716057975596945e-03,0.000000000000000000e+00,0.000000000000000000e+00,6.131299606393590933e-04,0.000000000000000000e+00,0.000000000000000000e+00,0.000000000000000000e+00,5.517814627828013775e-19,0.000000000000000000e+00,0.000000000000000000e+00,0.000000000000000000e+00,0.000000000000000000e+00,0.000000000000000000e+00,0.000000000000000000e+00,0.000000000000000000e+00,0.000000000000000000e+00,0.000000000000000000e+00,0.000000000000000000e+00,0.000000000000000000e+00,0.000000000000000000e+00,0.000000000000000000e+00,0.000000000000000000e+00,1.327143626142518289e-03,0.000000000000000000e+00,0.000000000000000000e+00,0.000000000000000000e+00,0.000000000000000000e+00,0.000000000000000000e+00,0.000000000000000000e+00,0.000000000000000000e+00,0.000000000000000000e+00,0.000000000000000000e+00,0.000000000000000000e+00,0.000000000000000000e+00,0.000000000000000000e+00,0.000000000000000000e+00,0.000000000000000000e+00,0.000000000000000000e+00,0.000000000000000000e+00,0.000000000000000000e+00,0.000000000000000000e+00,0.000000000000000000e+00,0.000000000000000000e+00,0.000000000000000000e+00,0.000000000000000000e+00,0.000000000000000000e+00,0.000000000000000000e+00,0.000000000000000000e+00,0.000000000000000000e+00,0.000000000000000000e+00,0.000000000000000000e+00,0.000000000000000000e+00,0.000000000000000000e+00,0.000000000000000000e+00,0.000000000000000000e+00,0.000000000000000000e+00,0.000000000000000000e+00,0.000000000000000000e+00,0.000000000000000000e+00,0.000000000000000000e+00,0.000000000000000000e+00,0.000000000000000000e+00,0.000000000000000000e+00,0.000000000000000000e+00,0.000000000000000000e+00,0.000000000000000000e+00,0.000000000000000000e+00,0.000000000000000000e+00,0.000000000000000000e+00,0.000000000000000000e+00,0.000000000000000000e+00,0.000000000000000000e+00,0.000000000000000000e+00,0.000000000000000000e+00,0.000000000000000000e+00,0.000000000000000000e+00,0.000000000000000000e+00,0.000000000000000000e+00
0.000000000000000000e+00,0.000000000000000000e+00,0.000000000000000000e+00,0.000000000000000000e+00,0.000000000000000000e+00,0.000000000000000000e+00,0.000000000000000000e+00,0.000000000000000000e+00,0.000000000000000000e+00,0.000000000000000000e+00,0.000000000000000000e+00,0.000000000000000000e+00,6.360555891462366053e-05,0.000000000000000000e+00,0.000000000000000000e+00,0.000000000000000000e+00,0.000000000000000000e+00,0.000000000000000000e+00,0.000000000000000000e+00,0.000000000000000000e+00,0.000000000000000000e+00,0.000000000000000000e+00,0.000000000000000000e+00,0.000000000000000000e+00,0.000000000000000000e+00,0.000000000000000000e+00,0.000000000000000000e+00,0.000000000000000000e+00,0.000000000000000000e+00,0.000000000000000000e+00,0.000000000000000000e+00,0.000000000000000000e+00,6.360555891462366053e-05,1.073379588784763956e-04,8.014341240567436978e-03,0.000000000000000000e+00,0.000000000000000000e+00,0.000000000000000000e+00,0.000000000000000000e+00,0.000000000000000000e+00,0.000000000000000000e+00,0.000000000000000000e+00,0.000000000000000000e+00,0.000000000000000000e+00,0.000000000000000000e+00,0.000000000000000000e+00,0.000000000000000000e+00,0.000000000000000000e+00,0.000000000000000000e+00,1.786258979830576449e-20,0.000000000000000000e+00,0.000000000000000000e+00,0.000000000000000000e+00,2.539699789400292934e-04,1.005437626506190760e-03,1.428882541094150804e-02,0.000000000000000000e+00,0.000000000000000000e+00,0.000000000000000000e+00,0.000000000000000000e+00,0.000000000000000000e+00,0.000000000000000000e+00,0.000000000000000000e+00,0.000000000000000000e+00,0.000000000000000000e+00,0.000000000000000000e+00,0.000000000000000000e+00,0.000000000000000000e+00,0.000000000000000000e+00,0.000000000000000000e+00,0.000000000000000000e+00,0.000000000000000000e+00,4.438016988114521335e-04,7.655039710475413728e-04,1.005437626506190760e-03,3.057480914320557207e-03,1.099073248893576863e-03,0.000000000000000000e+00,0.000000000000000000e+00,0.000000000000000000e+00,0.000000000000000000e+00,0.000000000000000000e+00,1.282567449015248849e-02,1.282567449015248849e-02,3.908913382467713938e-04,0.000000000000000000e+00,0.000000000000000000e+00,0.000000000000000000e+00,0.000000000000000000e+00,0.000000000000000000e+00,0.000000000000000000e+00,1.249286600041172723e-06,0.000000000000000000e+00,0.000000000000000000e+00,1.183056272125661669e-03,2.072983631247762512e-02,2.072983631247762512e-02,6.448048330101307894e-03,0.000000000000000000e+00,0.000000000000000000e+00,0.000000000000000000e+00,0.000000000000000000e+00,0.000000000000000000e+00,0.000000000000000000e+00,3.875863642637557543e-04,0.000000000000000000e+00,0.000000000000000000e+00,0.000000000000000000e+00,0.000000000000000000e+00,0.000000000000000000e+00,1.249286600041139477e-06,8.473093292491048426e-05,3.611072033644225753e-04,2.350704000966002353e-03,1.421244001036683327e-04,0.000000000000000000e+00,0.000000000000000000e+00,0.000000000000000000e+00,0.000000000000000000e+00,0.000000000000000000e+00,6.830610613412378564e-06,6.830610613412378564e-06,1.130016509948408550e-03,0.000000000000000000e+00,3.875863642637557543e-04,0.000000000000000000e+00,0.000000000000000000e+00,0.000000000000000000e+00,0.000000000000000000e+00,1.249286600041138207e-06,5.446694719235365030e-04,8.473093292491048426e-05,6.523727807937377589e-03,0.000000000000000000e+00,1.421244001036683327e-04,0.000000000000000000e+00,0.000000000000000000e+00,0.000000000000000000e+00,0.000000000000000000e+00,0.000000000000000000e+00,0.000000000000000000e+00,0.000000000000000000e+00,0.000000000000000000e+00,0.000000000000000000e+00,0.000000000000000000e+00,0.000000000000000000e+00,0.000000000000000000e+00,0.000000000000000000e+00,2.746637336999692178e-05,9.669559189527604862e-03,1.249286600041158747e-06,4.959527325439701956e-02,5.434201853234953443e-04,5.434201853234953443e-04,0.000000000000000000e+00,0.000000000000000000e+00,0.000000000000000000e+00,6.400464055664239951e-04,0.000000000000000000e+00,0.000000000000000000e+00,0.000000000000000000e+00,0.000000000000000000e+00,0.000000000000000000e+00,0.000000000000000000e+00,0.000000000000000000e+00,1.202550829298949320e-03,0.000000000000000000e+00,0.000000000000000000e+00,1.168090371460215812e-02,9.669559189527604862e-03,9.511735179876175394e-02,5.829455139784880599e-03,0.000000000000000000e+00,0.000000000000000000e+00,0.000000000000000000e+00,0.000000000000000000e+00,0.000000000000000000e+00,0.000000000000000000e+00,0.000000000000000000e+00,0.000000000000000000e+00,0.000000000000000000e+00,0.000000000000000000e+00,0.000000000000000000e+00,0.000000000000000000e+00,0.000000000000000000e+00,0.000000000000000000e+00,0.000000000000000000e+00,5.110745403886647609e-02,5.110745403886647609e-02,1.272016330120419314e-01,6.202286706556174589e-02,6.202286706556174589e-02,1.276906824215519310e-04,0.000000000000000000e+00,0.000000000000000000e+00,0.000000000000000000e+00,0.000000000000000000e+00,0.000000000000000000e+00,0.000000000000000000e+00,0.000000000000000000e+00,0.000000000000000000e+00,0.000000000000000000e+00,0.000000000000000000e+00,0.000000000000000000e+00,0.000000000000000000e+00,0.000000000000000000e+00,0.000000000000000000e+00,1.412903543572982708e-02,1.133987395156344086e-01,0.000000000000000000e+00,4.268775898678209280e-02,1.193220457565660536e-03,0.000000000000000000e+00,0.000000000000000000e+00,0.000000000000000000e+00,0.000000000000000000e+00,0.000000000000000000e+00,0.000000000000000000e+00,6.525972181629457938e-19,6.629778710599955651e-06,1.649339098083046559e-02,0.000000000000000000e+00,0.000000000000000000e+00,0.000000000000000000e+00,0.000000000000000000e+00,0.000000000000000000e+00,0.000000000000000000e+00,1.241246214856138279e-02,0.000000000000000000e+00,0.000000000000000000e+00,0.000000000000000000e+00,0.000000000000000000e+00,0.000000000000000000e+00,0.000000000000000000e+00,0.000000000000000000e+00,0.000000000000000000e+00,0.000000000000000000e+00,0.000000000000000000e+00,0.000000000000000000e+00,6.629778710599955651e-06,0.000000000000000000e+00,0.000000000000000000e+00,0.000000000000000000e+00,0.000000000000000000e+00,6.527006448109828017e-03,0.000000000000000000e+00,2.076603070833424325e-02,0.000000000000000000e+00,0.000000000000000000e+00,0.000000000000000000e+00,1.181024305527375888e-03,0.000000000000000000e+00,0.000000000000000000e+00,1.249286600041153665e-06,0.000000000000000000e+00,0.000000000000000000e+00,0.000000000000000000e+00,0.000000000000000000e+00,0.000000000000000000e+00,0.000000000000000000e+00,0.000000000000000000e+00,0.000000000000000000e+00,0.000000000000000000e+00,0.000000000000000000e+00,6.527006448109828017e-03,1.963076306358404327e-02,0.000000000000000000e+00,0.000000000000000000e+00,0.000000000000000000e+00,0.000000000000000000e+00,0.000000000000000000e+00,0.000000000000000000e+00,2.675477644421093981e-02,2.090557614826693295e-03,0.000000000000000000e+00,0.000000000000000000e+00,4.423812087141727051e-03,0.000000000000000000e+00,0.000000000000000000e+00,0.000000000000000000e+00,0.000000000000000000e+00,0.000000000000000000e+00,0.000000000000000000e+00,0.000000000000000000e+00,0.000000000000000000e+00,0.000000000000000000e+00,0.000000000000000000e+00,0.000000000000000000e+00,0.000000000000000000e+00,1.249286600041138207e-06,5.439744104699524270e-04,1.789051704291755285e-04,6.412956921664656959e-04,6.412956921664656959e-04,2.816495625241077251e-04,1.954713441966267253e-03,1.954713441966267253e-03,0.000000000000000000e+00,0.000000000000000000e+00,0.000000000000000000e+00,0.000000000000000000e+00,5.688513335027948169e-03,0.000000000000000000e+00,3.152511715852905801e-04,0.000000000000000000e+00,0.000000000000000000e+00,0.000000000000000000e+00,0.000000000000000000e+00,1.249286600041245144e-06,1.249286600041138207e-06,1.249286600041138207e-06,4.461141433687582764e-05,6.412956921664642864e-04,1.025808369255928583e-03,0.000000000000000000e+00,0.000000000000000000e+00,0.000000000000000000e+00,0.000000000000000000e+00,0.000000000000000000e+00,0.000000000000000000e+00,0.000000000000000000e+00,0.000000000000000000e+00,1.980238685991865880e-02,0.000000000000000000e+00,0.000000000000000000e+00,2.043766535464530600e-03,0.000000000000000000e+00,1.249286600041139477e-06,1.249286600041139477e-06,1.249286600041138207e-06,1.370499909123826200e-04,1.370499909123826200e-04,1.370499909123826200e-04,0.000000000000000000e+00,0.000000000000000000e+00,0.000000000000000000e+00,0.000000000000000000e+00,0.000000000000000000e+00,0.000000000000000000e+00,0.000000000000000000e+00,0.000000000000000000e+00,0.000000000000000000e+00,0.000000000000000000e+00,1.045778854224416491e-03,4.423812087141727918e-03,0.000000000000000000e+00,8.988386723189249273e-04,1.249286600041138207e-06,1.249286600041158747e-06,0.000000000000000000e+00,1.249286600041172300e-06,0.000000000000000000e+00,0.000000000000000000e+00,0.000000000000000000e+00,0.000000000000000000e+00,0.000000000000000000e+00,0.000000000000000000e+00,0.000000000000000000e+00,0.000000000000000000e+00,0.000000000000000000e+00,0.000000000000000000e+00,0.000000000000000000e+00,0.000000000000000000e+00,0.000000000000000000e+00,0.000000000000000000e+00,0.000000000000000000e+00,8.988386723189249273e-04,0.000000000000000000e+00,0.000000000000000000e+00,0.000000000000000000e+00,0.000000000000000000e+00,0.000000000000000000e+00,0.000000000000000000e+00,0.000000000000000000e+00,0.000000000000000000e+00,0.000000000000000000e+00,0.000000000000000000e+00,0.000000000000000000e+00,0.000000000000000000e+00,0.000000000000000000e+00,0.000000000000000000e+00,0.000000000000000000e+00,0.000000000000000000e+00,0.000000000000000000e+00,0.000000000000000000e+00,0.000000000000000000e+00,0.000000000000000000e+00,0.000000000000000000e+00,0.000000000000000000e+00,0.000000000000000000e+00,0.000000000000000000e+00,0.000000000000000000e+00,0.000000000000000000e+00,0.000000000000000000e+00,0.000000000000000000e+00,0.000000000000000000e+00,0.000000000000000000e+00,0.000000000000000000e+00,0.000000000000000000e+00,0.000000000000000000e+00
0.000000000000000000e+00,0.000000000000000000e+00,0.000000000000000000e+00,0.000000000000000000e+00,0.000000000000000000e+00,0.000000000000000000e+00,0.000000000000000000e+00,0.000000000000000000e+00,0.000000000000000000e+00,0.000000000000000000e+00,0.000000000000000000e+00,0.000000000000000000e+00,1.081294501548602134e-03,0.000000000000000000e+00,0.000000000000000000e+00,0.000000000000000000e+00,0.000000000000000000e+00,0.000000000000000000e+00,0.000000000000000000e+00,0.000000000000000000e+00,0.000000000000000000e+00,0.000000000000000000e+00,0.000000000000000000e+00,0.000000000000000000e+00,0.000000000000000000e+00,0.000000000000000000e+00,0.000000000000000000e+00,0.000000000000000000e+00,0.000000000000000000e+00,0.000000000000000000e+00,0.000000000000000000e+00,0.000000000000000000e+00,1.081294501548602134e-03,1.824745300934098834e-03,8.040502087779047638e-03,0.000000000000000000e+00,0.000000000000000000e+00,0.000000000000000000e+00,0.000000000000000000e+00,0.000000000000000000e+00,0.000000000000000000e+00,0.000000000000000000e+00,0.000000000000000000e+00,0.000000000000000000e+00,0.000000000000000000e+00,0.000000000000000000e+00,0.000000000000000000e+00,0.000000000000000000e+00,0.000000000000000000e+00,3.036640265711979904e-19,0.000000000000000000e+00,0.000000000000000000e+00,0.000000000000000000e+00,4.317489641980498151e-03,1.709243965060524423e-02,2.415617624404276659e-02,0.000000000000000000e+00,0.000000000000000000e+00,0.000000000000000000e+00,0.000000000000000000e+00,0.000000000000000000e+00,0.000000000000000000e+00,0.000000000000000000e+00,0.000000000000000000e+00,0.000000000000000000e+00,0.000000000000000000e+00,0.000000000000000000e+00,0.000000000000000000e+00,0.000000000000000000e+00,0.000000000000000000e+00,0.000000000000000000e+00,0.000000000000000000e+00,7.544628879794686160e-03,1.301356750780820366e-02,1.709243965060524423e-02,6.114961828641114414e-04,2.198146497787154593e-04,0.000000000000000000e+00,0.000000000000000000e+00,0.000000000000000000e+00,0.000000000000000000e+00,0.000000000000000000e+00,8.535388221052247343e-03,8.535388221052247343e-03,6.645152750195114019e-03,0.000000000000000000e+00,0.000000000000000000e+00,0.000000000000000000e+00,0.000000000000000000e+00,0.000000000000000000e+00,0.000000000000000000e+00,2.123787220069993587e-05,0.000000000000000000e+00,0.000000000000000000e+00,2.011195662613624729e-02,4.145967262495525718e-03,4.145967262495525718e-03,1.289609666020262099e-03,0.000000000000000000e+00,0.000000000000000000e+00,0.000000000000000000e+00,0.000000000000000000e+00,0.000000000000000000e+00,0.000000000000000000e+00,6.588968192483848040e-03,0.000000000000000000e+00,0.000000000000000000e+00,0.000000000000000000e+00,0.000000000000000000e+00,0.000000000000000000e+00,2.123787220069937005e-05,1.440425859723478124e-03,6.138822457195183997e-03,4.701408001932007308e-04,2.416114801762361819e-03,0.000000000000000000e+00,0.000000000000000000e+00,0.000000000000000000e+00,0.000000000000000000e+00,0.000000000000000000e+00,1.161203804280104297e-04,1.161203804280104297e-04,2.260033019896816450e-04,0.000000000000000000e+00,6.588968192483848040e-03,0.000000000000000000e+00,0.000000000000000000e+00,0.000000000000000000e+00,0.000000000000000000e+00,2.123787220069934972e-05,9.259381022700120117e-03,1.440425859723478124e-03,1.043420467502219687e-02,0.000000000000000000e+00,2.416114801762361819e-03,0.000000000000000000e+00,0.000000000000000000e+00,0.000000000000000000e+00,0.000000000000000000e+00,0.000000000000000000e+00,0.000000000000000000e+00,0.000000000000000000e+00,0.000000000000000000e+00,0.000000000000000000e+00,0.000000000000000000e+00,0.000000000000000000e+00,0.000000000000000000e+00,0.000000000000000000e+00,4.669283472899476940e-04,7.009346638432659669e-03,2.123787220069969870e-05,3.637828554936078929e-02,9.238143150499420961e-03,9.238143150499420961e-03,0.000000000000000000e+00,0.000000000000000000e+00,0.000000000000000000e+00,1.280092811132847773e-04,0.000000000000000000e+00,0.000000000000000000e+00,0.000000000000000000e+00,0.000000000000000000e+00,0.000000000000000000e+00,0.000000000000000000e+00,0.000000000000000000e+00,2.044336409808213822e-02,0.000000000000000000e+00,0.000000000000000000e+00,7.390627528566881543e-03,7.009346638432659669e-03,1.052415521931627379e-01,1.165891027956975773e-03,0.000000000000000000e+00,0.000000000000000000e+00,0.000000000000000000e+00,0.000000000000000000e+00,0.000000000000000000e+00,0.000000000000000000e+00,0.000000000000000000e+00,0.000000000000000000e+00,0.000000000000000000e+00,0.000000000000000000e+00,0.000000000000000000e+00,0.000000000000000000e+00,0.000000000000000000e+00,0.000000000000000000e+00,0.000000000000000000e+00,2.806060002288181254e-02,2.806060002288181254e-02,1.043409453776314860e-01,4.918097857356878988e-02,4.918097857356878988e-02,2.170741601166382637e-03,0.000000000000000000e+00,0.000000000000000000e+00,0.000000000000000000e+00,0.000000000000000000e+00,0.000000000000000000e+00,0.000000000000000000e+00,0.000000000000000000e+00,0.000000000000000000e+00,0.000000000000000000e+00,0.000000000000000000e+00,0.000000000000000000e+00,0.000000000000000000e+00,0.000000000000000000e+00,0.000000000000000000e+00,7.880253872792414988e-03,9.638876081824206132e-02,0.000000000000000000e+00,2.858365548445951712e-02,2.028474777861622932e-02,0.000000000000000000e+00,0.000000000000000000e+00,0.000000000000000000e+00,0.000000000000000000e+00,0.000000000000000000e+00,0.000000000000000000e+00,1.305194436325891203e-19,1.325955742119990961e-06,3.298678196166093118e-03,0.000000000000000000e+00,0.000000000000000000e+00,0.000000000000000000e+00,0.000000000000000000e+00,0.000000000000000000e+00,0.000000000000000000e+00,2.155498886151549151e-02,0.000000000000000000e+00,0.000000000000000000e+00,0.000000000000000000e+00,0.000000000000000000e+00,0.000000000000000000e+00,0.000000000000000000e+00,0.000000000000000000e+00,0.000000000000000000e+00,0.000000000000000000e+00,0.000000000000000000e+00,0.000000000000000000e+00,1.325955742119990961e-06,0.000000000000000000e+00,0.000000000000000000e+00,0.000000000000000000e+00,0.000000000000000000e+00,1.305401289621965603e-03,0.000000000000000000e+00,2.322570257347006395e-02,0.000000000000000000e+00,0.000000000000000000e+00,0.000000000000000000e+00,2.007741319396539117e-02,0.000000000000000000e+00,0.000000000000000000e+00,2.123787220069961061e-05,0.000000000000000000e+00,0.000000000000000000e+00,0.000000000000000000e+00,0.000000000000000000e+00,0.000000000000000000e+00,0.000000000000000000e+00,0.000000000000000000e+00,0.000000000000000000e+00,0.000000000000000000e+00,0.000000000000000000e+00,1.305401289621965603e-03,3.926152612716810042e-03,0.000000000000000000e+00,0.000000000000000000e+00,0.000000000000000000e+00,0.000000000000000000e+00,0.000000000000000000e+00,0.000000000000000000e+00,2.849220222064640859e-02,4.390995378460297357e-04,0.000000000000000000e+00,0.000000000000000000e+00,8.847624174283452367e-04,0.000000000000000000e+00,0.000000000000000000e+00,0.000000000000000000e+00,0.000000000000000000e+00,0.000000000000000000e+00,0.000000000000000000e+00,0.000000000000000000e+00,0.000000000000000000e+00,0.000000000000000000e+00,0.000000000000000000e+00,0.000000000000000000e+00,0.000000000000000000e+00,2.123787220069934972e-05,9.247564977989191151e-03,3.041387897295984039e-03,1.492471533139842592e-04,1.492471533139842592e-04,4.788042562909830893e-03,2.896446518179511542e-02,2.896446518179511542e-02,0.000000000000000000e+00,0.000000000000000000e+00,0.000000000000000000e+00,0.000000000000000000e+00,1.137702667005589634e-03,0.000000000000000000e+00,5.359269916949939427e-03,0.000000000000000000e+00,0.000000000000000000e+00,0.000000000000000000e+00,0.000000000000000000e+00,2.123787220070116915e-05,2.123787220069934972e-05,2.123787220069934972e-05,7.583940437268890970e-04,1.492471533139840423e-04,6.685962663834871776e-03,0.000000000000000000e+00,0.000000000000000000e+00,0.000000000000000000e+00,0.000000000000000000e+00,0.000000000000000000e+00,0.000000000000000000e+00,0.000000000000000000e+00,0.000000000000000000e+00,3.960477371983732453e-03,0.000000000000000000e+00,0.000000000000000000e+00,4.087533070929062068e-04,0.000000000000000000e+00,2.123787220069937005e-05,2.123787220069937005e-05,2.123787220069934972e-05,2.329849845510504648e-03,2.329849845510504648e-03,2.329849845510504648e-03,0.000000000000000000e+00,0.000000000000000000e+00,0.000000000000000000e+00,0.000000000000000000e+00,0.000000000000000000e+00,0.000000000000000000e+00,0.000000000000000000e+00,0.000000000000000000e+00,0.000000000000000000e+00,0.000000000000000000e+00,1.777824052181508144e-02,8.847624174283456704e-04,0.000000000000000000e+00,1.528025742942172409e-02,2.123787220069934972e-05,2.123787220069969870e-05,0.000000000000000000e+00,2.123787220069992909e-05,0.000000000000000000e+00,0.000000000000000000e+00,0.000000000000000000e+00,0.000000000000000000e+00,0.000000000000000000e+00,0.000000000000000000e+00,0.000000000000000000e+00,0.000000000000000000e+00,0.000000000000000000e+00,0.000000000000000000e+00,0.000000000000000000e+00,0.000000000000000000e+00,0.000000000000000000e+00,0.000000000000000000e+00,0.000000000000000000e+00,1.528025742942172409e-02,0.000000000000000000e+00,0.000000000000000000e+00,0.000000000000000000e+00,0.000000000000000000e+00,0.000000000000000000e+00,0.000000000000000000e+00,0.000000000000000000e+00,0.000000000000000000e+00,0.000000000000000000e+00,0.000000000000000000e+00,0.000000000000000000e+00,0.000000000000000000e+00,0.000000000000000000e+00,0.000000000000000000e+00,0.000000000000000000e+00,0.000000000000000000e+00,0.000000000000000000e+00,0.000000000000000000e+00,0.000000000000000000e+00,0.000000000000000000e+00,0.000000000000000000e+00,0.000000000000000000e+00,0.000000000000000000e+00,0.000000000000000000e+00,0.000000000000000000e+00,0.000000000000000000e+00,0.000000000000000000e+00,0.000000000000000000e+00,0.000000000000000000e+00,0.000000000000000000e+00,0.000000000000000000e+00,0.000000000000000000e+00,0.000000000000000000e+00
0.000000000000000000e+00,0.000000000000000000e+00,0.000000000000000000e+00,0.000000000000000000e+00,0.000000000000000000e+00,0.000000000000000000e+00,0.000000000000000000e+00,0.000000000000000000e+00,0.000000000000000000e+00,0.000000000000000000e+00,0.000000000000000000e+00,0.000000000000000000e+00,5.829028744468629526e-04,0.000000000000000000e+00,0.000000000000000000e+00,0.000000000000000000e+00,0.000000000000000000e+00,0.000000000000000000e+00,0.000000000000000000e+00,0.000000000000000000e+00,0.000000000000000000e+00,0.000000000000000000e+00,0.000000000000000000e+00,0.000000000000000000e+00,0.000000000000000000e+00,0.000000000000000000e+00,0.000000000000000000e+00,0.000000000000000000e+00,4.493817544551301398e-03,0.000000000000000000e+00,0.000000000000000000e+00,0.000000000000000000e+00,5.829028744468629526e-04,9.660416299062876688e-04,3.622027920772470308e-03,0.000000000000000000e+00,0.000000000000000000e+00,0.000000000000000000e+00,0.000000000000000000e+00,0.000000000000000000e+00,0.000000000000000000e+00,0.000000000000000000e+00,0.000000000000000000e+00,0.000000000000000000e+00,0.000000000000000000e+00,0.000000000000000000e+00,4.493817544551301398e-03,0.000000000000000000e+00,0.000000000000000000e+00,1.607633081847518985e-19,0.000000000000000000e+00,0.000000000000000000e+00,0.000000000000000000e+00,2.448572472910933492e-03,9.155241373591263554e-03,1.316007859421229262e-02,0.000000000000000000e+00,0.000000000000000000e+00,0.000000000000000000e+00,0.000000000000000000e+00,0.000000000000000000e+00,0.000000000000000000e+00,0.000000000000000000e+00,0.000000000000000000e+00,0.000000000000000000e+00,2.254627853591405391e-03,0.000000000000000000e+00,0.000000000000000000e+00,0.000000000000000000e+00,0.000000000000000000e+00,0.000000000000000000e+00,0.000000000000000000e+00,3.994215289303068225e-03,6.889535739427871813e-03,9.155241373591263554e-03,0.000000000000000000e+00,5.911263916389945415e-04,0.000000000000000000e+00,0.000000000000000000e+00,0.000000000000000000e+00,0.000000000000000000e+00,0.000000000000000000e+00,3.670767335420987553e-03,3.670767335420987553e-03,3.518022044220942002e-03,0.000000000000000000e+00,0.000000000000000000e+00,0.000000000000000000e+00,0.000000000000000000e+00,0.000000000000000000e+00,0.000000000000000000e+00,1.124357940037055578e-05,0.000000000000000000e+00,0.000000000000000000e+00,1.064750644913095221e-02,4.810691091908539748e-05,4.810691091908539748e-05,5.910598529304049139e-04,0.000000000000000000e+00,0.000000000000000000e+00,0.000000000000000000e+00,4.493817544551301398e-03,4.493817544551301398e-03,0.000000000000000000e+00,3.488277278373802005e-03,0.000000000000000000e+00,0.000000000000000000e+00,0.000000000000000000e+00,0.000000000000000000e+00,0.000000000000000000e+00,1.124357940037025254e-05,7.625783963241942499e-04,3.249964830279803395e-03,0.000000000000000000e+00,1.279119600933014940e-03,0.000000000000000000e+00,5.910598529304049139e-04,5.910598529304049139e-04,7.209024030386884056e-04,0.000000000000000000e+00,6.147549552071143503e-05,6.147549552071143503e-05,0.000000000000000000e+00,0.000000000000000000e+00,3.488277278373802005e-03,0.000000000000000000e+00,0.000000000000000000e+00,0.000000000000000000e+00,0.000000000000000000e+00,1.124357940037024576e-05,4.902025247311828093e-03,7.625783963241942499e-04,4.890781667911459074e-03,3.252784020072082768e-03,1.279119600933014940e-03,0.000000000000000000e+00,0.000000000000000000e+00,0.000000000000000000e+00,0.000000000000000000e+00,3.202185802847679758e-02,1.159027080922163475e-03,5.788171007886314643e-22,0.000000000000000000e+00,0.000000000000000000e+00,0.000000000000000000e+00,0.000000000000000000e+00,0.000000000000000000e+00,0.000000000000000000e+00,2.471973603299722926e-04,2.729160173445400843e-03,1.124357940037042872e-05,1.435442362746841907e-02,2.031721175705336266e-02,2.031721175705336266e-02,0.000000000000000000e+00,0.000000000000000000e+00,0.000000000000000000e+00,0.000000000000000000e+00,5.170948723180666950e-02,2.439237571413919061e-06,1.082310255360912683e-04,0.000000000000000000e+00,0.000000000000000000e+00,0.000000000000000000e+00,2.882071719807031301e-04,1.082295746369054193e-02,0.000000000000000000e+00,1.592710407377486131e-03,2.717916594045030523e-03,2.729160173445400843e-03,5.880743770207623455e-02,3.608366238288940450e-04,3.608366238288933945e-04,6.653870858995132476e-08,2.527754354935103122e-03,9.627575173308253794e-04,0.000000000000000000e+00,0.000000000000000000e+00,7.893438886262446722e-06,2.439237571413919061e-06,0.000000000000000000e+00,0.000000000000000000e+00,0.000000000000000000e+00,1.582533162785910519e-03,1.582533162785910519e-03,1.582533162785910519e-03,1.586032158902009846e-03,1.409345853553142097e-02,1.409345853553142097e-02,5.932870916147998941e-02,1.970171216038168333e-02,1.970171216038168333e-02,1.257513706038647936e-03,2.211106335009292018e-03,1.408277802892389172e-03,1.408277802892389172e-03,0.000000000000000000e+00,0.000000000000000000e+00,0.000000000000000000e+00,1.597150946300121901e-03,0.000000000000000000e+00,0.000000000000000000e+00,0.000000000000000000e+00,0.000000000000000000e+00,9.312845140916820898e-04,0.000000000000000000e+00,5.142127837348630520e-02,1.813416943859536001e-02,5.626581579265269029e-02,6.653870858938579792e-08,1.073905065679953315e-02,1.084728168233562405e-02,1.082975642446805842e-04,4.240885304194681391e-03,6.653870858938783609e-08,1.582599701494500147e-03,0.000000000000000000e+00,0.000000000000000000e+00,0.000000000000000000e+00,4.554274711967289460e-03,0.000000000000000000e+00,1.590996075380541014e-05,0.000000000000000000e+00,0.000000000000000000e+00,0.000000000000000000e+00,5.142127837348630520e-02,5.142127837348630520e-02,1.023338530221411767e-02,1.022885987452975404e-02,6.653870858938579792e-08,7.160977266624387835e-05,6.653870858946204412e-08,1.342769855910729612e-03,1.342769855910729612e-03,6.653870858945357379e-08,6.653870858944195355e-08,0.000000000000000000e+00,2.489720149870824831e-18,6.081190353890889889e-03,4.554274711967289460e-03,1.525350545556850533e-03,1.525350545556850533e-03,0.000000000000000000e+00,0.000000000000000000e+00,6.653870858993508555e-08,5.142127837348630520e-02,1.021747534146031158e-02,6.653870858938579792e-08,6.653870858997505492e-08,6.653870858972021711e-08,1.063720710356814633e-02,6.653870858941551024e-08,6.653870858938579792e-08,1.131011810896014782e-05,6.653870858972544489e-08,6.653870858941932189e-08,1.587416407385691718e-03,6.081190353890889022e-03,6.081190353890889022e-03,0.000000000000000000e+00,2.188014301832506316e-03,0.000000000000000000e+00,6.653870858940259299e-08,6.653870858939282564e-08,6.653870858993508555e-08,6.653870858945267382e-08,6.653870859002101969e-08,6.653870858938579792e-08,6.653870858995530846e-08,1.082975642446805842e-04,6.653870858942392763e-08,6.653870858941551024e-08,1.239716310931799487e-02,1.131011810895964976e-05,6.653870858972544489e-08,1.438379832108587376e-03,4.493884083259890375e-03,9.266466251936530778e-04,0.000000000000000000e+00,0.000000000000000000e+00,1.549228708993998630e-05,2.017742175353927174e-06,6.653870858992899750e-08,6.653870858992899750e-08,6.653870858938579792e-08,6.653870858941394853e-08,6.653870858941394853e-08,6.653870858972663603e-08,6.653870858938639349e-08,1.131011810895962943e-05,4.895836232938160712e-03,1.610213072571169222e-03,5.941539107381533917e-05,5.941539107381533917e-05,2.534912601425558937e-03,1.530731073160244635e-02,1.530731073160244635e-02,0.000000000000000000e+00,0.000000000000000000e+00,0.000000000000000000e+00,0.000000000000000000e+00,6.653870858938815373e-08,6.653870858992899750e-08,2.837327082976204631e-03,6.653870858942391440e-08,6.653870858942391440e-08,6.653870858938766404e-08,6.653870858938636702e-08,1.131011810896092031e-05,1.131011810895962943e-05,1.131011810895963282e-05,1.509852457307970901e-03,1.131011810895971414e-05,3.471924211914135042e-03,0.000000000000000000e+00,0.000000000000000000e+00,0.000000000000000000e+00,0.000000000000000000e+00,0.000000000000000000e+00,0.000000000000000000e+00,0.000000000000000000e+00,0.000000000000000000e+00,1.370038998140354295e-03,6.653870858946651751e-08,6.653870858942391440e-08,6.653870858979079878e-08,6.653870858950087528e-08,1.131011810895967009e-05,1.131011810895967009e-05,1.131011810895967009e-05,1.396359119370702787e-03,1.396359119370702787e-03,1.233516456920032882e-03,0.000000000000000000e+00,0.000000000000000000e+00,0.000000000000000000e+00,0.000000000000000000e+00,0.000000000000000000e+00,0.000000000000000000e+00,0.000000000000000000e+00,0.000000000000000000e+00,0.000000000000000000e+00,0.000000000000000000e+00,9.412076226728339351e-03,6.653870858972642428e-08,6.653870858938827284e-08,8.100067433794164509e-03,1.588206641461798453e-05,4.543429036710036617e-02,0.000000000000000000e+00,2.176296232421017594e-05,0.000000000000000000e+00,0.000000000000000000e+00,0.000000000000000000e+00,0.000000000000000000e+00,0.000000000000000000e+00,0.000000000000000000e+00,0.000000000000000000e+00,0.000000000000000000e+00,0.000000000000000000e+00,0.000000000000000000e+00,0.000000000000000000e+00,0.000000000000000000e+00,0.000000000000000000e+00,0.000000000000000000e+00,0.000000000000000000e+00,8.100067433794164509e-03,0.000000000000000000e+00,0.000000000000000000e+00,0.000000000000000000e+00,0.000000000000000000e+00,0.000000000000000000e+00,0.000000000000000000e+00,0.000000000000000000e+00,0.000000000000000000e+00,0.000000000000000000e+00,0.000000000000000000e+00,0.000000000000000000e+00,0.000000000000000000e+00,0.000000000000000000e+00,0.000000000000000000e+00,0.000000000000000000e+00,0.000000000000000000e+00,0.000000000000000000e+00,0.000000000000000000e+00,0.000000000000000000e+00,0.000000000000000000e+00,0.000000000000000000e+00,0.000000000000000000e+00,0.000000000000000000e+00,0.000000000000000000e+00,0.000000000000000000e+00,0.000000000000000000e+00,0.000000000000000000e+00,0.000000000000000000e+00,0.000000000000000000e+00,0.000000000000000000e+00,0.000000000000000000e+00,0.000000000000000000e+00,0.000000000000000000e+00
0.000000000000000000e+00,0.000000000000000000e+00,0.000000000000000000e+00,0.000000000000000000e+00,0.000000000000000000e+00,0.000000000000000000e+00,0.000000000000000000e+00,0.000000000000000000e+00,0.000000000000000000e+00,0.000000000000000000e+00,0.000000000000000000e+00,0.000000000000000000e+00,1.219498491779184912e-05,0.000000000000000000e+00,0.000000000000000000e+00,0.000000000000000000e+00,0.000000000000000000e+00,0.000000000000000000e+00,0.000000000000000000e+00,0.000000000000000000e+00,0.000000000000000000e+00,0.000000000000000000e+00,0.000000000000000000e+00,0.000000000000000000e+00,0.000000000000000000e+00,0.000000000000000000e+00,0.000000000000000000e+00,0.000000000000000000e+00,5.242787135309850619e-03,0.000000000000000000e+00,1.744793819361574320e-04,0.000000000000000000e+00,1.219498491779184912e-05,0.000000000000000000e+00,1.298358916624423390e-03,0.000000000000000000e+00,0.000000000000000000e+00,0.000000000000000000e+00,0.000000000000000000e+00,0.000000000000000000e+00,0.000000000000000000e+00,0.000000000000000000e+00,0.000000000000000000e+00,0.000000000000000000e+00,0.000000000000000000e+00,0.000000000000000000e+00,5.242787135309850619e-03,0.000000000000000000e+00,0.000000000000000000e+00,1.096180825514182604e-03,0.000000000000000000e+00,0.000000000000000000e+00,0.000000000000000000e+00,1.899831061924485659e-04,1.240198575414713789e-04,2.041918050421967154e-03,0.000000000000000000e+00,0.000000000000000000e+00,0.000000000000000000e+00,0.000000000000000000e+00,0.000000000000000000e+00,0.000000000000000000e+00,0.000000000000000000e+00,0.000000000000000000e+00,0.000000000000000000e+00,2.630399162523306723e-03,4.030915503004201502e-19,0.000000000000000000e+00,0.000000000000000000e+00,0.000000000000000000e+00,0.000000000000000000e+00,0.000000000000000000e+00,0.000000000000000000e+00,0.000000000000000000e+00,1.240198575414713789e-04,0.000000000000000000e+00,1.672161173029469358e-03,0.000000000000000000e+00,0.000000000000000000e+00,0.000000000000000000e+00,0.000000000000000000e+00,0.000000000000000000e+00,5.511535644358923122e-04,5.511535644358923122e-04,0.000000000000000000e+00,0.000000000000000000e+00,0.000000000000000000e+00,0.000000000000000000e+00,0.000000000000000000e+00,0.000000000000000000e+00,0.000000000000000000e+00,0.000000000000000000e+00,1.615299955766879431e-03,1.615299955766879431e-03,5.750034680599229973e-04,5.612472940559962701e-05,5.612472940559962701e-05,6.895698284188057870e-04,0.000000000000000000e+00,0.000000000000000000e+00,0.000000000000000000e+00,2.793445625231003038e-02,5.242787135309850619e-03,0.000000000000000000e+00,0.000000000000000000e+00,0.000000000000000000e+00,0.000000000000000000e+00,0.000000000000000000e+00,0.000000000000000000e+00,0.000000000000000000e+00,0.000000000000000000e+00,5.439408443568941737e-03,5.439408443568941737e-03,0.000000000000000000e+00,0.000000000000000000e+00,0.000000000000000000e+00,6.895698284188057870e-04,6.895698284188057870e-04,8.410528035451365816e-04,0.000000000000000000e+00,3.363601101961744422e-20,3.363601101961744422e-20,0.000000000000000000e+00,0.000000000000000000e+00,0.000000000000000000e+00,0.000000000000000000e+00,0.000000000000000000e+00,0.000000000000000000e+00,0.000000000000000000e+00,0.000000000000000000e+00,0.000000000000000000e+00,5.439408443568941737e-03,0.000000000000000000e+00,3.794914690084096997e-03,0.000000000000000000e+00,0.000000000000000000e+00,0.000000000000000000e+00,0.000000000000000000e+00,0.000000000000000000e+00,3.736106430763885822e-02,1.885742023286091085e-03,6.752866175867367397e-22,0.000000000000000000e+00,0.000000000000000000e+00,0.000000000000000000e+00,0.000000000000000000e+00,0.000000000000000000e+00,0.000000000000000000e+00,0.000000000000000000e+00,1.187345202350546695e-05,0.000000000000000000e+00,8.582141752248430375e-04,1.799750177066555823e-02,1.799750177066555823e-02,0.000000000000000000e+00,0.000000000000000000e+00,0.000000000000000000e+00,0.000000000000000000e+00,6.042180642547913261e-02,9.691709887133358593e-05,2.032104062262827127e-03,0.000000000000000000e+00,0.000000000000000000e+00,0.000000000000000000e+00,3.362417006441536789e-04,0.000000000000000000e+00,0.000000000000000000e+00,1.858162141940400414e-03,2.532269595593964633e-04,1.187345202350546695e-05,3.700385385389258486e-02,2.270245374181885031e-02,4.209760611337089783e-04,7.762849335494322766e-08,2.949046747424286831e-03,1.123217103552629501e-03,0.000000000000000000e+00,0.000000000000000000e+00,1.032803337386571532e-04,9.691709887133358593e-05,0.000000000000000000e+00,0.000000000000000000e+00,0.000000000000000000e+00,1.846288689916895714e-03,1.846288689916895714e-03,1.846288689916895714e-03,1.850370852052344531e-03,6.433847932035466517e-03,6.433847932035466517e-03,1.990394062054555782e-02,1.293875806857706749e-02,1.293875806857706749e-02,1.263471582854606545e-04,2.579624057510840687e-03,1.642990770041120700e-03,1.642990770041120700e-03,0.000000000000000000e+00,9.407132170468401129e-05,9.407132170468401129e-05,1.957414092388160692e-03,0.000000000000000000e+00,0.000000000000000000e+00,0.000000000000000000e+00,0.000000000000000000e+00,1.086498599773629177e-03,0.000000000000000000e+00,6.057336211474675935e-02,1.857937244967828791e-02,3.281820317386337921e-02,7.762849335428341546e-08,7.762849335432252456e-08,1.263471582854607087e-04,1.263471582854606545e-04,4.947699521560461333e-03,7.762849335428582421e-08,1.846366318410249882e-03,9.407132170468401129e-05,9.407132170468474313e-05,9.407132170468474313e-05,5.407391818999855021e-03,0.000000000000000000e+00,1.856162087943964516e-05,0.000000000000000000e+00,0.000000000000000000e+00,0.000000000000000000e+00,7.242713678414633427e-02,7.242713678414633427e-02,8.066364654852699323e-03,1.193366985361804869e-02,7.762849335428341546e-08,8.354473477728450667e-05,7.762849335437238039e-08,1.566564831895851141e-03,1.566564831895851141e-03,7.762849335436250716e-08,9.414895019803834193e-05,9.407132170468401129e-05,9.407132170468691153e-05,7.188793401244055956e-03,5.407391818999855021e-03,1.873646958187675984e-03,1.873646958187675984e-03,9.787868210787116843e-04,0.000000000000000000e+00,5.439486072062296555e-03,6.543089987930296447e-02,7.762849335430901174e-08,7.762849335428341546e-08,7.762849335497091505e-08,7.762849335467359325e-08,9.319746125389569328e-06,7.762849335431809087e-08,7.762849335428341546e-08,7.762849335472561960e-08,9.414895019803942613e-05,9.414895019803832838e-05,1.946057130321324864e-03,7.188793401244054221e-03,7.188793401244054221e-03,0.000000000000000000e+00,2.552683352137923890e-03,9.407132170468401129e-05,4.700238093847146879e-03,7.762849335429163433e-08,5.439486072062296555e-03,7.762849335436144837e-08,7.762849335502452959e-08,7.762849335428341546e-08,7.762849335494785987e-08,1.263471582854606545e-04,7.762849335432791116e-08,7.762849335431809087e-08,7.762849335479549982e-08,9.414895019803834193e-05,9.414895019803942613e-05,1.772181125831369473e-03,1.280279081197506150e-02,8.609387794139330280e-03,0.000000000000000000e+00,0.000000000000000000e+00,8.066633188647545638e-03,2.354032537912915601e-06,7.762849335491716816e-08,7.762849335491716816e-08,7.762849335428341546e-08,7.762849335431629093e-08,7.762849335431629093e-08,7.762849335468105773e-08,7.762849335428413015e-08,7.762849335428341546e-08,7.762849335468105773e-08,7.762849335428382574e-08,1.502717686570366191e-04,1.502717686570366191e-04,9.414895019803866719e-05,7.560003676665215215e-03,7.560003676665215215e-03,0.000000000000000000e+00,0.000000000000000000e+00,0.000000000000000000e+00,0.000000000000000000e+00,7.762849335428619479e-08,7.762849335491716816e-08,7.762849335428808738e-08,2.228155530917849333e-02,4.960401910637678678e-03,7.762849335428562569e-08,7.762849335428407721e-08,1.096258454007537422e-03,7.762849335428341546e-08,7.762849335428562569e-08,1.293074682988769666e-03,7.762849335432453626e-08,9.414895019803834193e-05,0.000000000000000000e+00,0.000000000000000000e+00,0.000000000000000000e+00,0.000000000000000000e+00,0.000000000000000000e+00,0.000000000000000000e+00,0.000000000000000000e+00,0.000000000000000000e+00,1.598378831163746894e-03,7.762849335437762141e-08,2.228155530917849333e-02,7.762849335475592750e-08,1.096258454007536989e-03,1.659396259139472773e-05,1.659396259139472773e-05,7.762849335433164340e-08,1.900607346858027610e-04,1.900607346858027610e-04,7.762849335428341546e-08,0.000000000000000000e+00,0.000000000000000000e+00,0.000000000000000000e+00,0.000000000000000000e+00,0.000000000000000000e+00,0.000000000000000000e+00,0.000000000000000000e+00,0.000000000000000000e+00,0.000000000000000000e+00,0.000000000000000000e+00,7.762849335458628268e-08,7.762849335468083273e-08,1.096258454007536989e-03,7.853379547950135528e-03,1.101592393697471955e-03,5.299355458564999899e-02,0.000000000000000000e+00,1.227261341114622889e-05,0.000000000000000000e+00,0.000000000000000000e+00,0.000000000000000000e+00,0.000000000000000000e+00,0.000000000000000000e+00,0.000000000000000000e+00,0.000000000000000000e+00,0.000000000000000000e+00,0.000000000000000000e+00,0.000000000000000000e+00,0.000000000000000000e+00,0.000000000000000000e+00,0.000000000000000000e+00,0.000000000000000000e+00,0.000000000000000000e+00,7.853379547950135528e-03,0.000000000000000000e+00,0.000000000000000000e+00,0.000000000000000000e+00,0.000000000000000000e+00,0.000000000000000000e+00,0.000000000000000000e+00,0.000000000000000000e+00,0.000000000000000000e+00,0.000000000000000000e+00,0.000000000000000000e+00,0.000000000000000000e+00,0.000000000000000000e+00,0.000000000000000000e+00,0.000000000000000000e+00,0.000000000000000000e+00,0.000000000000000000e+00,0.000000000000000000e+00,0.000000000000000000e+00,0.000000000000000000e+00,0.000000000000000000e+00,0.000000000000000000e+00,0.000000000000000000e+00,0.000000000000000000e+00,0.000000000000000000e+00,0.000000000000000000e+00,0.000000000000000000e+00,0.000000000000000000e+00,0.000000000000000000e+00,0.000000000000000000e+00,0.000000000000000000e+00,0.000000000000000000e+00,0.000000000000000000e+00,0.000000000000000000e+00
0.000000000000000000e+00,0.000000000000000000e+00,0.000000000000000000e+00,0.000000000000000000e+00,0.000000000000000000e+00,0.000000000000000000e+00,0.000000000000000000e+00,0.000000000000000000e+00,0.000000000000000000e+00,0.000000000000000000e+00,0.000000000000000000e+00,0.000000000000000000e+00,5.436806760240244104e-05,0.000000000000000000e+00,0.000000000000000000e+00,0.000000000000000000e+00,0.000000000000000000e+00,0.000000000000000000e+00,0.000000000000000000e+00,0.000000000000000000e+00,0.000000000000000000e+00,0.000000000000000000e+00,0.000000000000000000e+00,0.000000000000000000e+00,0.000000000000000000e+00,0.000000000000000000e+00,0.000000000000000000e+00,0.000000000000000000e+00,0.000000000000000000e+00,0.000000000000000000e+00,4.735868938267130180e-04,0.000000000000000000e+00,5.436806760240244104e-05,0.000000000000000000e+00,2.975347954967069112e-03,0.000000000000000000e+00,0.000000000000000000e+00,0.000000000000000000e+00,0.000000000000000000e+00,0.000000000000000000e+00,0.000000000000000000e+00,0.000000000000000000e+00,0.000000000000000000e+00,0.000000000000000000e+00,0.000000000000000000e+00,0.000000000000000000e+00,3.725036872306075439e-22,0.000000000000000000e+00,0.000000000000000000e+00,2.975347954967067377e-03,0.000000000000000000e+00,0.000000000000000000e+00,0.000000000000000000e+00,0.000000000000000000e+00,0.000000000000000000e+00,4.888622642812418114e-04,0.000000000000000000e+00,0.000000000000000000e+00,0.000000000000000000e+00,0.000000000000000000e+00,0.000000000000000000e+00,0.000000000000000000e+00,0.000000000000000000e+00,0.000000000000000000e+00,0.000000000000000000e+00,0.000000000000000000e+00,8.234370162539647511e-04,0.000000000000000000e+00,0.000000000000000000e+00,0.000000000000000000e+00,2.142601502583924185e-03,5.091010687090000615e-21,3.317287845249109315e-38,0.000000000000000000e+00,0.000000000000000000e+00,0.000000000000000000e+00,4.693968291945225559e-03,0.000000000000000000e+00,0.000000000000000000e+00,0.000000000000000000e+00,0.000000000000000000e+00,0.000000000000000000e+00,1.934595933373996794e-20,1.934595933373996794e-20,0.000000000000000000e+00,0.000000000000000000e+00,0.000000000000000000e+00,8.524432253858025458e-36,0.000000000000000000e+00,0.000000000000000000e+00,0.000000000000000000e+00,0.000000000000000000e+00,4.384385594224386902e-03,4.384385594224386902e-03,2.532189538040237591e-03,0.000000000000000000e+00,0.000000000000000000e+00,0.000000000000000000e+00,0.000000000000000000e+00,0.000000000000000000e+00,0.000000000000000000e+00,6.159167331757191971e-02,0.000000000000000000e+00,6.740569448303472797e-22,0.000000000000000000e+00,0.000000000000000000e+00,0.000000000000000000e+00,0.000000000000000000e+00,0.000000000000000000e+00,0.000000000000000000e+00,0.000000000000000000e+00,1.476410863254427018e-02,1.476410863254427018e-02,1.528509368895000211e-03,0.000000000000000000e+00,0.000000000000000000e+00,0.000000000000000000e+00,0.000000000000000000e+00,4.010717940154555221e-20,0.000000000000000000e+00,0.000000000000000000e+00,0.000000000000000000e+00,0.000000000000000000e+00,0.000000000000000000e+00,0.000000000000000000e+00,3.457454290458932177e-20,0.000000000000000000e+00,0.000000000000000000e+00,0.000000000000000000e+00,0.000000000000000000e+00,0.000000000000000000e+00,1.476410863254427018e-02,0.000000000000000000e+00,0.000000000000000000e+00,0.000000000000000000e+00,0.000000000000000000e+00,0.000000000000000000e+00,0.000000000000000000e+00,0.000000000000000000e+00,6.052697224174569014e-06,1.723509944624846248e-03,0.000000000000000000e+00,0.000000000000000000e+00,0.000000000000000000e+00,0.000000000000000000e+00,0.000000000000000000e+00,0.000000000000000000e+00,0.000000000000000000e+00,0.000000000000000000e+00,0.000000000000000000e+00,0.000000000000000000e+00,1.078875281074516065e-02,0.000000000000000000e+00,0.000000000000000000e+00,0.000000000000000000e+00,0.000000000000000000e+00,0.000000000000000000e+00,0.000000000000000000e+00,2.553364446270001988e-04,2.553364446269994399e-04,5.172979445277670063e-03,0.000000000000000000e+00,0.000000000000000000e+00,2.063035724345843461e-04,0.000000000000000000e+00,0.000000000000000000e+00,0.000000000000000000e+00,0.000000000000000000e+00,6.551023775974210671e-04,0.000000000000000000e+00,6.047829656185967073e-02,6.047829656185967073e-02,0.000000000000000000e+00,0.000000000000000000e+00,0.000000000000000000e+00,0.000000000000000000e+00,0.000000000000000000e+00,0.000000000000000000e+00,2.553364446270001988e-04,2.553364446269994399e-04,0.000000000000000000e+00,0.000000000000000000e+00,0.000000000000000000e+00,0.000000000000000000e+00,0.000000000000000000e+00,0.000000000000000000e+00,0.000000000000000000e+00,5.779101306813359470e-03,5.779101306813359470e-03,6.581628962477185582e-03,3.726187698281114430e-02,3.726187698281114430e-02,0.000000000000000000e+00,0.000000000000000000e+00,0.000000000000000000e+00,0.000000000000000000e+00,0.000000000000000000e+00,2.553364446269994399e-04,2.553364446269994399e-04,2.553364446270015541e-04,0.000000000000000000e+00,0.000000000000000000e+00,0.000000000000000000e+00,0.000000000000000000e+00,0.000000000000000000e+00,0.000000000000000000e+00,1.579363271605988429e-03,4.261673849780156509e-03,3.795030076047133799e-02,0.000000000000000000e+00,2.142601502583924619e-03,0.000000000000000000e+00,0.000000000000000000e+00,0.000000000000000000e+00,0.000000000000000000e+00,0.000000000000000000e+00,2.553364446269994399e-04,2.553364446270014456e-04,2.553364446270014456e-04,2.553364446269994399e-04,0.000000000000000000e+00,0.000000000000000000e+00,0.000000000000000000e+00,0.000000000000000000e+00,0.000000000000000000e+00,3.375389451711913180e-02,3.375389451711913180e-02,2.269436829508998318e-02,0.000000000000000000e+00,0.000000000000000000e+00,0.000000000000000000e+00,0.000000000000000000e+00,0.000000000000000000e+00,0.000000000000000000e+00,0.000000000000000000e+00,2.553364446269994399e-04,2.553364446269994399e-04,2.553364446269994399e-04,2.553364446269994399e-04,2.553364446269994399e-04,2.553364446269994399e-04,2.553364446269994399e-04,2.656707085785074696e-03,0.000000000000000000e+00,1.476410863254427018e-02,1.476410863254427018e-02,0.000000000000000000e+00,7.759768392021128454e-03,0.000000000000000000e+00,0.000000000000000000e+00,0.000000000000000000e+00,0.000000000000000000e+00,9.583078940404513366e-23,0.000000000000000000e+00,2.553364446270014456e-04,2.553364446269994399e-04,2.553364446270014456e-04,2.553364446269994399e-04,2.553364446269994399e-04,0.000000000000000000e+00,0.000000000000000000e+00,2.553364446269994399e-04,1.292030688853276418e-02,0.000000000000000000e+00,1.476410863254427018e-02,0.000000000000000000e+00,0.000000000000000000e+00,7.759768392021128454e-03,4.170099211359962546e-03,0.000000000000000000e+00,0.000000000000000000e+00,0.000000000000000000e+00,0.000000000000000000e+00,2.553364446269995483e-04,2.553364446270014456e-04,2.553364446269994399e-04,2.051979927360932446e-02,2.043395731859828229e-02,0.000000000000000000e+00,0.000000000000000000e+00,2.184608831721090647e-02,0.000000000000000000e+00,0.000000000000000000e+00,0.000000000000000000e+00,0.000000000000000000e+00,0.000000000000000000e+00,0.000000000000000000e+00,5.617166889437204269e-03,0.000000000000000000e+00,0.000000000000000000e+00,0.000000000000000000e+00,0.000000000000000000e+00,2.553364446269994941e-04,2.553364446269994941e-04,2.553364446269994399e-04,2.051979927360933140e-02,2.051979927360933140e-02,0.000000000000000000e+00,0.000000000000000000e+00,0.000000000000000000e+00,0.000000000000000000e+00,8.629543555225432407e-04,6.769819986450849227e-04,0.000000000000000000e+00,6.047829656185967073e-02,1.346373733724887979e-02,0.000000000000000000e+00,8.662966468725577041e-04,2.975347954967067377e-03,0.000000000000000000e+00,0.000000000000000000e+00,0.000000000000000000e+00,0.000000000000000000e+00,2.553364446269994399e-04,0.000000000000000000e+00,0.000000000000000000e+00,0.000000000000000000e+00,0.000000000000000000e+00,0.000000000000000000e+00,0.000000000000000000e+00,0.000000000000000000e+00,0.000000000000000000e+00,0.000000000000000000e+00,0.000000000000000000e+00,6.047829656185967073e-02,0.000000000000000000e+00,4.338195888692334551e-03,4.483004969468111218e-05,4.483004969468111218e-05,3.759514970075304740e-04,3.759514970075304740e-04,3.759514970075304740e-04,0.000000000000000000e+00,0.000000000000000000e+00,0.000000000000000000e+00,0.000000000000000000e+00,0.000000000000000000e+00,0.000000000000000000e+00,0.000000000000000000e+00,0.000000000000000000e+00,0.000000000000000000e+00,0.000000000000000000e+00,0.000000000000000000e+00,6.455754296077974817e-04,0.000000000000000000e+00,4.512060449980873772e-03,2.153034514415373343e-02,2.975347954967067377e-03,3.759514970075305824e-04,0.000000000000000000e+00,3.759514970075304740e-04,0.000000000000000000e+00,0.000000000000000000e+00,0.000000000000000000e+00,0.000000000000000000e+00,0.000000000000000000e+00,0.000000000000000000e+00,0.000000000000000000e+00,0.000000000000000000e+00,0.000000000000000000e+00,0.000000000000000000e+00,0.000000000000000000e+00,0.000000000000000000e+00,0.000000000000000000e+00,0.000000000000000000e+00,0.000000000000000000e+00,2.153034514415373343e-02,0.000000000000000000e+00,0.000000000000000000e+00,0.000000000000000000e+00,0.000000000000000000e+00,0.000000000000000000e+00,0.000000000000000000e+00,0.000000000000000000e+00,0.000000000000000000e+00,0.000000000000000000e+00,0.000000000000000000e+00,0.000000000000000000e+00,0.000000000000000000e+00,0.000000000000000000e+00,0.000000000000000000e+00,0.000000000000000000e+00,0.000000000000000000e+00,0.000000000000000000e+00,0.000000000000000000e+00,0.000000000000000000e+00,0.000000000000000000e+00,0.000000000000000000e+00,0.000000000000000000e+00,0.000000000000000000e+00,0.000000000000000000e+00,0.000000000000000000e+00,0.000000000000000000e+00,0.000000000000000000e+00,0.000000000000000000e+00,0.000000000000000000e+00,0.000000000000000000e+00,0.000000000000000000e+00,0.000000000000000000e+00,0.000000000000000000e+00
0.000000000000000000e+00,0.000000000000000000e+00,0.000000000000000000e+00,0.000000000000000000e+00,0.000000000000000000e+00,0.000000000000000000e+00,0.000000000000000000e+00,0.000000000000000000e+00,0.000000000000000000e+00,0.000000000000000000e+00,0.000000000000000000e+00,0.000000000000000000e+00,4.893126084216219964e-04,0.000000000000000000e+00,0.000000000000000000e+00,0.000000000000000000e+00,0.000000000000000000e+00,0.000000000000000000e+00,0.000000000000000000e+00,0.000000000000000000e+00,0.000000000000000000e+00,0.000000000000000000e+00,0.000000000000000000e+00,0.000000000000000000e+00,0.000000000000000000e+00,0.000000000000000000e+00,0.000000000000000000e+00,0.000000000000000000e+00,0.000000000000000000e+00,0.000000000000000000e+00,7.477687797263890329e-05,0.000000000000000000e+00,4.893126084216219964e-04,0.000000000000000000e+00,4.697917823632213018e-04,0.000000000000000000e+00,0.000000000000000000e+00,0.000000000000000000e+00,0.000000000000000000e+00,0.000000000000000000e+00,0.000000000000000000e+00,0.000000000000000000e+00,0.000000000000000000e+00,0.000000000000000000e+00,0.000000000000000000e+00,0.000000000000000000e+00,3.352533185075467801e-21,0.000000000000000000e+00,0.000000000000000000e+00,4.697917823632213018e-04,0.000000000000000000e+00,0.000000000000000000e+00,0.000000000000000000e+00,0.000000000000000000e+00,0.000000000000000000e+00,4.399760378531175978e-03,0.000000000000000000e+00,0.000000000000000000e+00,0.000000000000000000e+00,0.000000000000000000e+00,0.000000000000000000e+00,0.000000000000000000e+00,0.000000000000000000e+00,0.000000000000000000e+00,0.000000000000000000e+00,0.000000000000000000e+00,7.410933146285672568e-03,0.000000000000000000e+00,0.000000000000000000e+00,0.000000000000000000e+00,1.928341352325531680e-02,4.581909618381000780e-20,2.985559060724198227e-37,0.000000000000000000e+00,0.000000000000000000e+00,0.000000000000000000e+00,1.866538544069161129e-02,0.000000000000000000e+00,0.000000000000000000e+00,0.000000000000000000e+00,0.000000000000000000e+00,0.000000000000000000e+00,1.741136340036596995e-19,1.741136340036596995e-19,0.000000000000000000e+00,0.000000000000000000e+00,0.000000000000000000e+00,7.671989028472222645e-35,0.000000000000000000e+00,0.000000000000000000e+00,0.000000000000000000e+00,0.000000000000000000e+00,6.922714096143766510e-04,6.922714096143766510e-04,8.989622608923985084e-03,0.000000000000000000e+00,0.000000000000000000e+00,0.000000000000000000e+00,0.000000000000000000e+00,0.000000000000000000e+00,0.000000000000000000e+00,9.725001050142935421e-03,0.000000000000000000e+00,6.066512503473125423e-21,0.000000000000000000e+00,0.000000000000000000e+00,0.000000000000000000e+00,0.000000000000000000e+00,0.000000000000000000e+00,0.000000000000000000e+00,0.000000000000000000e+00,2.331175047243831677e-03,2.331175047243831677e-03,1.375658432005500212e-02,0.000000000000000000e+00,0.000000000000000000e+00,0.000000000000000000e+00,0.000000000000000000e+00,6.332712537086137289e-21,0.000000000000000000e+00,0.000000000000000000e+00,0.000000000000000000e+00,0.000000000000000000e+00,0.000000000000000000e+00,0.000000000000000000e+00,3.111708861413038959e-19,0.000000000000000000e+00,0.000000000000000000e+00,0.000000000000000000e+00,0.000000000000000000e+00,0.000000000000000000e+00,2.331175047243831677e-03,0.000000000000000000e+00,0.000000000000000000e+00,0.000000000000000000e+00,0.000000000000000000e+00,0.000000000000000000e+00,0.000000000000000000e+00,0.000000000000000000e+00,9.556890353959846703e-07,2.706539208578003820e-03,0.000000000000000000e+00,0.000000000000000000e+00,0.000000000000000000e+00,0.000000000000000000e+00,0.000000000000000000e+00,0.000000000000000000e+00,0.000000000000000000e+00,0.000000000000000000e+00,0.000000000000000000e+00,0.000000000000000000e+00,8.153703318320514037e-02,0.000000000000000000e+00,0.000000000000000000e+00,0.000000000000000000e+00,0.000000000000000000e+00,0.000000000000000000e+00,0.000000000000000000e+00,4.031628073057898589e-05,4.031628073057885037e-05,8.167862282017369219e-04,0.000000000000000000e+00,0.000000000000000000e+00,1.856732151911259007e-03,0.000000000000000000e+00,0.000000000000000000e+00,0.000000000000000000e+00,0.000000000000000000e+00,1.034372175153822852e-04,0.000000000000000000e+00,9.549204720293635873e-03,9.549204720293635873e-03,0.000000000000000000e+00,0.000000000000000000e+00,0.000000000000000000e+00,0.000000000000000000e+00,0.000000000000000000e+00,0.000000000000000000e+00,4.031628073057898589e-05,4.031628073057885037e-05,0.000000000000000000e+00,0.000000000000000000e+00,0.000000000000000000e+00,0.000000000000000000e+00,0.000000000000000000e+00,0.000000000000000000e+00,0.000000000000000000e+00,2.462976216072106442e-02,2.462976216072106442e-02,5.923466066229467197e-02,2.482856228329119452e-02,2.482856228329119452e-02,0.000000000000000000e+00,0.000000000000000000e+00,0.000000000000000000e+00,0.000000000000000000e+00,0.000000000000000000e+00,4.031628073057885037e-05,4.031628073057885037e-05,4.031628073058015141e-05,0.000000000000000000e+00,0.000000000000000000e+00,0.000000000000000000e+00,0.000000000000000000e+00,0.000000000000000000e+00,0.000000000000000000e+00,2.493731481483139282e-04,2.439016835171581993e-02,2.372347913906841174e-02,0.000000000000000000e+00,1.928341352325532027e-02,0.000000000000000000e+00,0.000000000000000000e+00,0.000000000000000000e+00,0.000000000000000000e+00,0.000000000000000000e+00,4.031628073057885037e-05,4.031628073057917563e-05,4.031628073057917563e-05,4.031628073057885037e-05,0.000000000000000000e+00,0.000000000000000000e+00,0.000000000000000000e+00,0.000000000000000000e+00,0.000000000000000000e+00,5.329562292176702465e-03,5.329562292176702465e-03,1.110390492429210937e-02,0.000000000000000000e+00,0.000000000000000000e+00,0.000000000000000000e+00,0.000000000000000000e+00,0.000000000000000000e+00,0.000000000000000000e+00,0.000000000000000000e+00,4.031628073057885037e-05,4.031628073057885037e-05,4.031628073057885037e-05,4.031628073057885037e-05,4.031628073057885037e-05,4.031628073057885037e-05,4.031628073057885037e-05,4.194800661765909697e-04,0.000000000000000000e+00,2.331175047243831677e-03,2.331175047243831677e-03,0.000000000000000000e+00,6.983791552819015869e-02,0.000000000000000000e+00,0.000000000000000000e+00,0.000000000000000000e+00,0.000000000000000000e+00,8.624771046364062853e-22,0.000000000000000000e+00,4.031628073057917563e-05,4.031628073057885037e-05,4.031628073057917563e-05,4.031628073057885037e-05,4.031628073057885037e-05,0.000000000000000000e+00,0.000000000000000000e+00,4.031628073057885037e-05,3.478910828303871661e-03,0.000000000000000000e+00,2.331175047243831677e-03,0.000000000000000000e+00,0.000000000000000000e+00,6.983791552819015869e-02,3.753089290223966118e-02,0.000000000000000000e+00,0.000000000000000000e+00,0.000000000000000000e+00,0.000000000000000000e+00,4.031628073057885037e-05,4.031628073057917563e-05,4.031628073057885037e-05,3.239968306359364281e-03,3.226414313462887956e-03,0.000000000000000000e+00,0.000000000000000000e+00,3.449382365875407197e-03,0.000000000000000000e+00,0.000000000000000000e+00,0.000000000000000000e+00,0.000000000000000000e+00,0.000000000000000000e+00,0.000000000000000000e+00,5.055450200493483842e-02,0.000000000000000000e+00,0.000000000000000000e+00,0.000000000000000000e+00,0.000000000000000000e+00,4.031628073057887747e-05,4.031628073057887747e-05,4.031628073057885037e-05,3.239968306359367750e-03,3.239968306359367750e-03,0.000000000000000000e+00,0.000000000000000000e+00,0.000000000000000000e+00,0.000000000000000000e+00,7.766589199702888732e-03,6.092837987805764521e-03,0.000000000000000000e+00,9.549204720293635873e-03,2.125853263776140284e-03,0.000000000000000000e+00,7.796669821853019662e-03,4.697917823632213018e-04,0.000000000000000000e+00,0.000000000000000000e+00,0.000000000000000000e+00,0.000000000000000000e+00,4.031628073057885037e-05,0.000000000000000000e+00,0.000000000000000000e+00,0.000000000000000000e+00,0.000000000000000000e+00,0.000000000000000000e+00,0.000000000000000000e+00,0.000000000000000000e+00,0.000000000000000000e+00,0.000000000000000000e+00,0.000000000000000000e+00,9.549204720293635873e-03,0.000000000000000000e+00,1.273542318589062673e-02,7.078428899160174538e-06,7.078428899160174538e-06,3.383563473067774212e-03,3.383563473067774212e-03,3.383563473067774212e-03,0.000000000000000000e+00,0.000000000000000000e+00,0.000000000000000000e+00,0.000000000000000000e+00,0.000000000000000000e+00,0.000000000000000000e+00,0.000000000000000000e+00,0.000000000000000000e+00,0.000000000000000000e+00,0.000000000000000000e+00,0.000000000000000000e+00,5.810178866470177769e-03,0.000000000000000000e+00,1.430020423748747972e-02,5.586539868447874119e-03,4.697917823632213018e-04,3.383563473067775079e-03,0.000000000000000000e+00,3.383563473067774212e-03,0.000000000000000000e+00,0.000000000000000000e+00,0.000000000000000000e+00,0.000000000000000000e+00,0.000000000000000000e+00,0.000000000000000000e+00,0.000000000000000000e+00,0.000000000000000000e+00,0.000000000000000000e+00,0.000000000000000000e+00,0.000000000000000000e+00,0.000000000000000000e+00,0.000000000000000000e+00,0.000000000000000000e+00,0.000000000000000000e+00,5.586539868447874119e-03,0.000000000000000000e+00,0.000000000000000000e+00,0.000000000000000000e+00,0.000000000000000000e+00,0.000000000000000000e+00,0.000000000000000000e+00,0.000000000000000000e+00,0.000000000000000000e+00,0.000000000000000000e+00,0.000000000000000000e+00,0.000000000000000000e+00,0.000000000000000000e+00,0.000000000000000000e+00,0.000000000000000000e+00,0.000000000000000000e+00,0.000000000000000000e+00,0.000000000000000000e+00,0.000000000000000000e+00,0.000000000000000000e+00,0.000000000000000000e+00,0.000000000000000000e+00,0.000000000000000000e+00,0.000000000000000000e+00,0.000000000000000000e+00,0.000000000000000000e+00,0.000000000000000000e+00,0.000000000000000000e+00,0.000000000000000000e+00,0.000000000000000000e+00,0.000000000000000000e+00,0.000000000000000000e+00,0.000000000000000000e+00,0.000000000000000000e+00
0.000000000000000000e+00,0.000000000000000000e+00,0.000000000000000000e+00,0.000000000000000000e+00,0.000000000000000000e+00,0.000000000000000000e+00,0.000000000000000000e+00,0.000000000000000000e+00,0.000000000000000000e+00,0.000000000000000000e+00,0.000000000000000000e+00,0.000000000000000000e+00,1.443890899060750778e-02,0.000000000000000000e+00,0.000000000000000000e+00,0.000000000000000000e+00,0.000000000000000000e+00,0.000000000000000000e+00,0.000000000000000000e+00,0.000000000000000000e+00,0.000000000000000000e+00,0.000000000000000000e+00,0.000000000000000000e+00,0.000000000000000000e+00,0.000000000000000000e+00,0.000000000000000000e+00,0.000000000000000000e+00,0.000000000000000000e+00,2.813543760146887629e-05,0.000000000000000000e+00,2.813543760146887629e-05,2.813543760146899826e-05,1.443890899060750778e-02,3.081290350662880227e-03,2.813543760146892033e-05,0.000000000000000000e+00,0.000000000000000000e+00,0.000000000000000000e+00,0.000000000000000000e+00,0.000000000000000000e+00,0.000000000000000000e+00,0.000000000000000000e+00,0.000000000000000000e+00,0.000000000000000000e+00,0.000000000000000000e+00,0.000000000000000000e+00,8.954162337959680525e-04,2.813543760146887629e-05,2.813543760146887629e-05,2.813543760146908635e-05,2.813543760146887629e-05,2.813543760146887629e-05,2.813543760146904231e-05,2.813543760146887629e-05,2.813543760146887629e-05,3.294325329520667554e-03,0.000000000000000000e+00,0.000000000000000000e+00,0.000000000000000000e+00,0.000000000000000000e+00,0.000000000000000000e+00,0.000000000000000000e+00,0.000000000000000000e+00,0.000000000000000000e+00,0.000000000000000000e+00,0.000000000000000000e+00,3.321883502617323930e-03,2.813543760146890001e-05,2.813543760146887629e-05,2.813543760146887629e-05,8.598541447937164267e-03,2.813543760146890001e-05,2.813543760146887629e-05,2.813543760146887629e-05,2.813543760146887629e-05,3.073963529475302880e-04,9.447457665188676093e-03,0.000000000000000000e+00,0.000000000000000000e+00,0.000000000000000000e+00,0.000000000000000000e+00,0.000000000000000000e+00,7.738383733495987178e-20,7.738383733495987178e-20,0.000000000000000000e+00,3.572716231265206670e-06,3.572716231265206670e-06,2.813543760146887629e-05,2.813543760146887629e-05,2.813543760146887629e-05,2.813543760146887629e-05,2.813543760146887629e-05,2.813543760146950648e-05,2.813543760146950648e-05,8.758078308195823766e-03,2.813543760146887629e-05,2.813543760146887629e-05,1.338876272395699658e-03,0.000000000000000000e+00,0.000000000000000000e+00,0.000000000000000000e+00,0.000000000000000000e+00,0.000000000000000000e+00,2.696227779321388743e-21,0.000000000000000000e+00,0.000000000000000000e+00,0.000000000000000000e+00,0.000000000000000000e+00,2.813543760146887629e-05,2.813543760146887629e-05,2.813543760146887629e-05,2.878191612409538441e-03,2.813543760147006552e-05,1.216416781255699915e-02,2.813543760146891017e-05,2.813543760146892033e-05,2.813543760146878481e-05,2.813543760146893389e-05,1.338876272395699658e-03,0.000000000000000000e+00,0.000000000000000000e+00,0.000000000000000000e+00,0.000000000000000000e+00,0.000000000000000000e+00,0.000000000000000000e+00,1.382981716183572871e-19,0.000000000000000000e+00,0.000000000000000000e+00,9.055669432683716990e-06,2.813543760146887629e-05,2.775470096304556711e-03,2.878191612409538441e-03,3.730336110520969528e-02,2.813543760147032641e-05,2.813543760146891017e-05,2.813543760146886612e-05,2.813543760146887629e-05,2.813543760146887629e-05,2.813543760146887629e-05,2.813543760146908635e-05,1.101278931645417736e-03,0.000000000000000000e+00,0.000000000000000000e+00,0.000000000000000000e+00,0.000000000000000000e+00,0.000000000000000000e+00,0.000000000000000000e+00,0.000000000000000000e+00,2.813543760146887629e-05,1.934839805443889366e-02,3.445330493040162090e-02,7.768825679767678294e-02,2.813543760146878481e-05,2.813543760146878481e-05,2.813543760146888307e-05,2.813543760146878481e-05,2.813543760146879497e-05,2.813543760146888307e-05,2.813543760146904908e-05,2.813543760146878481e-05,0.000000000000000000e+00,0.000000000000000000e+00,0.000000000000000000e+00,8.252142897383373844e-04,1.844752291603803671e-03,0.000000000000000000e+00,0.000000000000000000e+00,0.000000000000000000e+00,1.463419437823554325e-02,1.934839805443889366e-02,4.411082350392057233e-02,2.813543760146919139e-05,5.205021643110702492e-03,2.813543760146893389e-05,2.813543760146920155e-05,2.813543760146912023e-05,2.813543760146879497e-05,2.813543760146889323e-05,2.813543760146963184e-05,2.813543760146878481e-05,4.081185844480366906e-04,4.081185844480366906e-04,0.000000000000000000e+00,0.000000000000000000e+00,0.000000000000000000e+00,0.000000000000000000e+00,0.000000000000000000e+00,1.312329518711587845e-02,1.312329518711587845e-02,6.438720901685231202e-02,8.598541447937164267e-03,8.598541447937164267e-03,2.813543760146995710e-05,2.813543760146963184e-05,2.813543760146906941e-05,2.813543760146906941e-05,2.813543760146922527e-05,2.813543760146896099e-05,2.813543760146896099e-05,2.813543760146931336e-05,4.847455544780916638e-04,0.000000000000000000e+00,0.000000000000000000e+00,5.214363041806364431e-03,0.000000000000000000e+00,0.000000000000000000e+00,9.444099676289841039e-03,1.436476598684008864e-02,2.399365752828204121e-02,1.107569434957897392e-02,2.320460038857123999e-02,2.813543760146878481e-05,6.050130336976998306e-03,2.813543760146887629e-05,2.813543760146887629e-05,2.813543760147017056e-05,2.813543760146883902e-05,2.813543760146878481e-05,2.813543760146877465e-05,1.463419437823554325e-02,2.889402779350300018e-20,0.000000000000000000e+00,0.000000000000000000e+00,2.728647577875868094e-03,2.226952923629106715e-03,0.000000000000000000e+00,0.000000000000000000e+00,3.480336088228017100e-02,1.706795331650191351e-03,1.107569434957897392e-02,2.813543760146887629e-05,6.050130336976998306e-03,2.813543760146894405e-05,2.813543760146894405e-05,2.721177177326498074e-03,2.813543760147019427e-05,2.813543760146883902e-05,2.813543760146919816e-05,2.813543760146874415e-05,1.463419437823554325e-02,2.889402779350303629e-20,2.889402779350303629e-20,1.505346104564328838e-03,1.414966781358823486e-03,0.000000000000000000e+00,5.060848655701697255e-20,0.000000000000000000e+00,3.196753406819842491e-02,5.216052592767731269e-03,2.813543760146887629e-05,2.813543760146887629e-05,0.000000000000000000e+00,2.813543760146899826e-05,2.813543760146888307e-05,0.000000000000000000e+00,2.813543760146991306e-05,2.813543760146874415e-05,2.813543760146874415e-05,2.813543760146874415e-05,0.000000000000000000e+00,0.000000000000000000e+00,5.214363041806364431e-03,6.509139302898880181e-04,0.000000000000000000e+00,0.000000000000000000e+00,0.000000000000000000e+00,2.813543760146887629e-05,3.196753406819842491e-02,1.668506652346416277e-02,0.000000000000000000e+00,0.000000000000000000e+00,0.000000000000000000e+00,0.000000000000000000e+00,0.000000000000000000e+00,0.000000000000000000e+00,3.589744946298530684e-20,2.813543760146887629e-05,7.113372311075466298e-05,0.000000000000000000e+00,0.000000000000000000e+00,5.060848655701697255e-20,0.000000000000000000e+00,0.000000000000000000e+00,0.000000000000000000e+00,0.000000000000000000e+00,0.000000000000000000e+00,0.000000000000000000e+00,2.246866755774882402e-02,0.000000000000000000e+00,0.000000000000000000e+00,0.000000000000000000e+00,0.000000000000000000e+00,0.000000000000000000e+00,0.000000000000000000e+00,0.000000000000000000e+00,0.000000000000000000e+00,0.000000000000000000e+00,0.000000000000000000e+00,0.000000000000000000e+00,0.000000000000000000e+00,0.000000000000000000e+00,1.764511870468660898e-02,1.530513592526539304e-02,0.000000000000000000e+00,0.000000000000000000e+00,0.000000000000000000e+00,0.000000000000000000e+00,3.465186587490230383e-03,0.000000000000000000e+00,0.000000000000000000e+00,0.000000000000000000e+00,0.000000000000000000e+00,0.000000000000000000e+00,0.000000000000000000e+00,0.000000000000000000e+00,0.000000000000000000e+00,0.000000000000000000e+00,0.000000000000000000e+00,0.000000000000000000e+00,0.000000000000000000e+00,0.000000000000000000e+00,0.000000000000000000e+00,9.828467055013570541e-03,0.000000000000000000e+00,0.000000000000000000e+00,2.557129959792378386e-03,5.451391734901070429e-03,0.000000000000000000e+00,0.000000000000000000e+00,2.851954167369776753e-03,1.503805988030122113e-03,1.503805988030122113e-03,0.000000000000000000e+00,0.000000000000000000e+00,0.000000000000000000e+00,0.000000000000000000e+00,0.000000000000000000e+00,0.000000000000000000e+00,0.000000000000000000e+00,0.000000000000000000e+00,0.000000000000000000e+00,0.000000000000000000e+00,0.000000000000000000e+00,2.582301718431189927e-03,0.000000000000000000e+00,6.146849980055227314e-03,9.893624301916285543e-04,0.000000000000000000e+00,1.503805988030122113e-03,0.000000000000000000e+00,1.503805988030122113e-03,0.000000000000000000e+00,0.000000000000000000e+00,0.000000000000000000e+00,0.000000000000000000e+00,0.000000000000000000e+00,0.000000000000000000e+00,0.000000000000000000e+00,0.000000000000000000e+00,0.000000000000000000e+00,0.000000000000000000e+00,0.000000000000000000e+00,0.000000000000000000e+00,0.000000000000000000e+00,0.000000000000000000e+00,0.000000000000000000e+00,9.893624301916285543e-04,0.000000000000000000e+00,0.000000000000000000e+00,0.000000000000000000e+00,0.000000000000000000e+00,0.000000000000000000e+00,0.000000000000000000e+00,0.000000000000000000e+00,0.000000000000000000e+00,0.000000000000000000e+00,0.000000000000000000e+00,0.000000000000000000e+00,0.000000000000000000e+00,0.000000000000000000e+00,0.000000000000000000e+00,0.000000000000000000e+00,0.000000000000000000e+00,0.000000000000000000e+00,0.000000000000000000e+00,0.000000000000000000e+00,0.000000000000000000e+00,0.000000000000000000e+00,0.000000000000000000e+00,0.000000000000000000e+00,0.000000000000000000e+00,0.000000000000000000e+00,0.000000000000000000e+00,0.000000000000000000e+00,0.000000000000000000e+00,0.000000000000000000e+00,0.000000000000000000e+00,0.000000000000000000e+00,0.000000000000000000e+00,0.000000000000000000e+00
0.000000000000000000e+00,0.000000000000000000e+00,0.000000000000000000e+00,0.000000000000000000e+00,0.000000000000000000e+00,0.000000000000000000e+00,0.000000000000000000e+00,0.000000000000000000e+00,0.000000000000000000e+00,0.000000000000000000e+00,0.000000000000000000e+00,0.000000000000000000e+00,1.422143672019790007e-02,0.000000000000000000e+00,0.000000000000000000e+00,0.000000000000000000e+00,0.000000000000000000e+00,0.000000000000000000e+00,0.000000000000000000e+00,0.000000000000000000e+00,0.000000000000000000e+00,0.000000000000000000e+00,0.000000000000000000e+00,0.000000000000000000e+00,0.000000000000000000e+00,0.000000000000000000e+00,0.000000000000000000e+00,0.000000000000000000e+00,2.813543760146978770e-05,0.000000000000000000e+00,2.813543760146887968e-05,2.813543760146900165e-05,1.422143672019790007e-02,3.081290350662880227e-03,2.363640538273542938e-02,0.000000000000000000e+00,0.000000000000000000e+00,0.000000000000000000e+00,0.000000000000000000e+00,0.000000000000000000e+00,0.000000000000000000e+00,0.000000000000000000e+00,0.000000000000000000e+00,0.000000000000000000e+00,0.000000000000000000e+00,0.000000000000000000e+00,8.954162337959681610e-04,2.813543760146887968e-05,2.813543760146887968e-05,2.813543760146908297e-05,2.813543760146887968e-05,2.813543760146887968e-05,2.813543760146904231e-05,2.813543760146887968e-05,2.813543760146887968e-05,1.338876272395700309e-03,0.000000000000000000e+00,0.000000000000000000e+00,0.000000000000000000e+00,0.000000000000000000e+00,0.000000000000000000e+00,0.000000000000000000e+00,0.000000000000000000e+00,0.000000000000000000e+00,0.000000000000000000e+00,0.000000000000000000e+00,2.813543760146887968e-05,2.813543760146890001e-05,2.813543760146887968e-05,2.813543760146887968e-05,2.813543760146887968e-05,2.813543760146887968e-05,2.813543760146887968e-05,2.813543760146887968e-05,2.813543760146887968e-05,3.073963529475302880e-04,1.338876272395700525e-03,0.000000000000000000e+00,0.000000000000000000e+00,0.000000000000000000e+00,0.000000000000000000e+00,0.000000000000000000e+00,0.000000000000000000e+00,0.000000000000000000e+00,1.243965166034173044e-04,3.572716231265207093e-06,3.572716231265207093e-06,2.813543760146887968e-05,2.813543760146887968e-05,2.813543760146887968e-05,2.813543760146887968e-05,1.466221487367037760e-03,9.770988022056111694e-03,9.770988022056111694e-03,4.872214952114038364e-03,2.813543760146887968e-05,2.813543760146887968e-05,1.338876272395699875e-03,0.000000000000000000e+00,0.000000000000000000e+00,0.000000000000000000e+00,1.354327800642062636e-03,6.893903787306096022e-04,0.000000000000000000e+00,0.000000000000000000e+00,0.000000000000000000e+00,0.000000000000000000e+00,0.000000000000000000e+00,9.728387620561952318e-03,2.813543760146887968e-05,2.813543760146887968e-05,1.405913024662974915e-02,2.813543760147006552e-05,6.050130336976999174e-03,2.813543760146891356e-05,2.813543760146892033e-05,2.813543760146878820e-05,2.813543760146893389e-05,1.338876272395699875e-03,0.000000000000000000e+00,5.510692318851667133e-05,5.510692318851667133e-05,0.000000000000000000e+00,3.825352167567181339e-04,0.000000000000000000e+00,0.000000000000000000e+00,0.000000000000000000e+00,0.000000000000000000e+00,9.055669432683716990e-06,2.813543760146887968e-05,2.775470096304556711e-03,1.405913024662974915e-02,3.730336110520969528e-02,2.813543760147032641e-05,2.813543760146891356e-05,2.813543760146886612e-05,2.813543760146887968e-05,2.813543760146887968e-05,2.813543760146887968e-05,2.813543760146908974e-05,1.303571651120042816e-04,0.000000000000000000e+00,0.000000000000000000e+00,2.054723539492906876e-05,0.000000000000000000e+00,0.000000000000000000e+00,0.000000000000000000e+00,0.000000000000000000e+00,2.813543760146887968e-05,3.785932705463897208e-02,3.808801629757625762e-02,4.157308127270863130e-02,2.813543760146878820e-05,2.813543760146878820e-05,2.813543760146888307e-05,2.813543760146878820e-05,2.813543760146879497e-05,2.813543760146888307e-05,2.813543760146905247e-05,2.813543760146878820e-05,1.608675154639151910e-03,0.000000000000000000e+00,0.000000000000000000e+00,3.790302372928324674e-03,1.534244330461390082e-02,0.000000000000000000e+00,0.000000000000000000e+00,0.000000000000000000e+00,5.282329053324125862e-02,3.785932705463897208e-02,6.655953444548334819e-02,2.813543760146919477e-05,5.205021643110702492e-03,2.813543760146893389e-05,2.813543760146920155e-05,2.813543760146912362e-05,2.813543760146879497e-05,2.813543760146888984e-05,2.813543760146962845e-05,2.813543760146878820e-05,4.081185844480366906e-04,4.081185844480366906e-04,0.000000000000000000e+00,2.021600199359429543e-04,2.021600199359429543e-04,2.021600199359429814e-04,1.682131305448043932e-03,5.658590489892425038e-03,5.658590489892425038e-03,6.134255380560046933e-02,2.113140636534442240e-03,2.113140636534442240e-03,2.813543760146995710e-05,2.813543760146962845e-05,2.813543760146907280e-05,2.813543760146907280e-05,2.813543760146922188e-05,2.813543760146895760e-05,2.813543760146895760e-05,1.584926027134731376e-04,4.847455544780916096e-04,0.000000000000000000e+00,0.000000000000000000e+00,5.214363041806363563e-03,0.000000000000000000e+00,0.000000000000000000e+00,9.444099676289841039e-03,3.635523674143416317e-03,4.198195600513417169e-02,1.107569434957897392e-02,3.983847005907699412e-02,2.813543760146878820e-05,6.050130336976999174e-03,2.813543760146887968e-05,2.813543760146887968e-05,2.813543760147017056e-05,2.813543760146884241e-05,2.813543760146878820e-05,1.584926027134730834e-04,2.500025164353225290e-02,2.889402779350300018e-20,0.000000000000000000e+00,0.000000000000000000e+00,2.728647577875868094e-03,2.226952923629107149e-03,0.000000000000000000e+00,0.000000000000000000e+00,3.140119210427350094e-02,1.706795331650191568e-03,1.107569434957897392e-02,9.773722520303559230e-03,6.333577097385792096e-03,2.813543760146894744e-05,2.813543760146894744e-05,2.721177177326498074e-03,3.323144830771232721e-03,2.813543760146884241e-05,2.813543760146919816e-05,2.213933562228743990e-03,2.500025164353225290e-02,2.889402779350303629e-20,2.889402779350303629e-20,1.505346104564328838e-03,1.414966781358823486e-03,0.000000000000000000e+00,5.060848655701697255e-20,0.000000000000000000e+00,2.429821349470042725e-03,1.912186043573357169e-02,3.715762779752778897e-03,9.045921448838836060e-03,2.834467604087937895e-04,1.188223178392948907e-02,1.280868040862780284e-03,0.000000000000000000e+00,2.813543760146991645e-05,5.871686512200740681e-04,3.317958119098203280e-03,3.317958119098203280e-03,0.000000000000000000e+00,0.000000000000000000e+00,5.214363041806363563e-03,0.000000000000000000e+00,0.000000000000000000e+00,0.000000000000000000e+00,0.000000000000000000e+00,2.813543760146887968e-05,2.429821349470042725e-03,4.669678024311769384e-06,0.000000000000000000e+00,0.000000000000000000e+00,2.834467604087937895e-04,0.000000000000000000e+00,0.000000000000000000e+00,0.000000000000000000e+00,3.589744946298530684e-20,2.813543760146887968e-05,1.545947071824326988e-02,0.000000000000000000e+00,0.000000000000000000e+00,5.060848655701697255e-20,0.000000000000000000e+00,0.000000000000000000e+00,0.000000000000000000e+00,3.617750225213667294e-21,7.267659471888595547e-21,7.267659471888595547e-21,8.652782526400398338e-20,1.217859694022365362e-20,0.000000000000000000e+00,0.000000000000000000e+00,0.000000000000000000e+00,0.000000000000000000e+00,0.000000000000000000e+00,0.000000000000000000e+00,0.000000000000000000e+00,0.000000000000000000e+00,0.000000000000000000e+00,0.000000000000000000e+00,0.000000000000000000e+00,0.000000000000000000e+00,1.419330128259643428e-02,1.259720793068505248e-02,0.000000000000000000e+00,0.000000000000000000e+00,9.926618340040728877e-23,0.000000000000000000e+00,0.000000000000000000e+00,0.000000000000000000e+00,0.000000000000000000e+00,0.000000000000000000e+00,0.000000000000000000e+00,0.000000000000000000e+00,0.000000000000000000e+00,0.000000000000000000e+00,0.000000000000000000e+00,0.000000000000000000e+00,0.000000000000000000e+00,0.000000000000000000e+00,0.000000000000000000e+00,0.000000000000000000e+00,0.000000000000000000e+00,9.828467055013570541e-03,5.308923603679197560e-20,0.000000000000000000e+00,2.557129959792378386e-03,0.000000000000000000e+00,0.000000000000000000e+00,0.000000000000000000e+00,1.907181392958260096e-03,0.000000000000000000e+00,0.000000000000000000e+00,0.000000000000000000e+00,0.000000000000000000e+00,0.000000000000000000e+00,0.000000000000000000e+00,0.000000000000000000e+00,0.000000000000000000e+00,0.000000000000000000e+00,0.000000000000000000e+00,0.000000000000000000e+00,0.000000000000000000e+00,0.000000000000000000e+00,0.000000000000000000e+00,0.000000000000000000e+00,0.000000000000000000e+00,1.535848811211621779e-03,3.288477316012688827e-04,5.590332136186055645e-04,0.000000000000000000e+00,0.000000000000000000e+00,0.000000000000000000e+00,0.000000000000000000e+00,0.000000000000000000e+00,0.000000000000000000e+00,0.000000000000000000e+00,0.000000000000000000e+00,0.000000000000000000e+00,0.000000000000000000e+00,0.000000000000000000e+00,0.000000000000000000e+00,0.000000000000000000e+00,0.000000000000000000e+00,0.000000000000000000e+00,0.000000000000000000e+00,0.000000000000000000e+00,1.535848811211621779e-03,0.000000000000000000e+00,0.000000000000000000e+00,0.000000000000000000e+00,0.000000000000000000e+00,0.000000000000000000e+00,0.000000000000000000e+00,0.000000000000000000e+00,0.000000000000000000e+00,0.000000000000000000e+00,0.000000000000000000e+00,0.000000000000000000e+00,0.000000000000000000e+00,0.000000000000000000e+00,0.000000000000000000e+00,0.000000000000000000e+00,0.000000000000000000e+00,0.000000000000000000e+00,0.000000000000000000e+00,0.000000000000000000e+00,0.000000000000000000e+00,0.000000000000000000e+00,0.000000000000000000e+00,0.000000000000000000e+00,0.000000000000000000e+00,0.000000000000000000e+00,0.000000000000000000e+00,0.000000000000000000e+00,0.000000000000000000e+00,0.000000000000000000e+00,0.000000000000000000e+00,0.000000000000000000e+00,0.000000000000000000e+00,0.000000000000000000e+00
0.000000000000000000e+00,0.000000000000000000e+00,0.000000000000000000e+00,0.000000000000000000e+00,0.000000000000000000e+00,0.000000000000000000e+00,0.000000000000000000e+00,0.000000000000000000e+00,0.000000000000000000e+00,0.000000000000000000e+00,0.000000000000000000e+00,0.000000000000000000e+00,3.417735754830111480e-04,0.000000000000000000e+00,0.000000000000000000e+00,0.000000000000000000e+00,0.000000000000000000e+00,0.000000000000000000e+00,0.000000000000000000e+00,0.000000000000000000e+00,0.000000000000000000e+00,0.000000000000000000e+00,0.000000000000000000e+00,0.000000000000000000e+00,0.000000000000000000e+00,0.000000000000000000e+00,0.000000000000000000e+00,0.000000000000000000e+00,6.168513105428633292e-06,0.000000000000000000e+00,5.713855943432361615e-07,5.713855943434919655e-07,3.417735754830111480e-04,3.131339474042809691e-03,5.311917876214575229e-02,0.000000000000000000e+00,0.000000000000000000e+00,0.000000000000000000e+00,0.000000000000000000e+00,0.000000000000000000e+00,0.000000000000000000e+00,0.000000000000000000e+00,0.000000000000000000e+00,0.000000000000000000e+00,0.000000000000000000e+00,0.000000000000000000e+00,6.468313210180389887e-06,5.713855943432336204e-07,5.713855943432336204e-07,5.713855943432349969e-07,5.713855943432349969e-07,5.713855943432349969e-07,5.713855943432359498e-07,5.713855943432399732e-07,0.000000000000000000e+00,0.000000000000000000e+00,0.000000000000000000e+00,0.000000000000000000e+00,0.000000000000000000e+00,0.000000000000000000e+00,0.000000000000000000e+00,0.000000000000000000e+00,0.000000000000000000e+00,0.000000000000000000e+00,0.000000000000000000e+00,9.955371233833676566e-04,1.169881052799018849e-03,1.169881052799018849e-03,5.713855943433318763e-07,3.873050489231820263e-03,8.426876339262354132e-03,5.713855943432374321e-07,7.241038958382504530e-05,0.000000000000000000e+00,0.000000000000000000e+00,0.000000000000000000e+00,0.000000000000000000e+00,0.000000000000000000e+00,0.000000000000000000e+00,0.000000000000000000e+00,0.000000000000000000e+00,0.000000000000000000e+00,6.580326841685211169e-04,6.580326841685211169e-04,2.804635479520321655e-04,5.713855943432435731e-07,5.713855943432435731e-07,5.713855943433198061e-07,5.713855943432394438e-07,3.873050489231820263e-03,5.713855943432359498e-07,5.892034039806231215e-03,2.196489253252408014e-02,2.196489253252408014e-02,0.000000000000000000e+00,0.000000000000000000e+00,0.000000000000000000e+00,0.000000000000000000e+00,0.000000000000000000e+00,0.000000000000000000e+00,0.000000000000000000e+00,3.052573860515605652e-03,2.455385950783436824e-03,5.713855943432853953e-07,5.713855943432374321e-07,5.713855943432348910e-07,5.713855943432348910e-07,5.713855943432336204e-07,2.182613879725543021e-02,5.713855943432336204e-07,4.297704056013805854e-03,2.969370794404654207e-02,4.536596017051069268e-03,2.394633466316059404e-04,0.000000000000000000e+00,0.000000000000000000e+00,0.000000000000000000e+00,0.000000000000000000e+00,0.000000000000000000e+00,0.000000000000000000e+00,1.314626589256885311e-04,1.314626589256885311e-04,5.713855943432336204e-07,8.607042377026157334e-04,5.713855943432374321e-07,0.000000000000000000e+00,0.000000000000000000e+00,5.713855943432336204e-07,0.000000000000000000e+00,0.000000000000000000e+00,4.536596017051069268e-03,2.969370794404654207e-02,2.394633466316059404e-04,0.000000000000000000e+00,0.000000000000000000e+00,0.000000000000000000e+00,0.000000000000000000e+00,0.000000000000000000e+00,0.000000000000000000e+00,0.000000000000000000e+00,3.007757032535356254e-04,5.713855943432353145e-07,0.000000000000000000e+00,4.623127963859040556e-05,0.000000000000000000e+00,0.000000000000000000e+00,0.000000000000000000e+00,0.000000000000000000e+00,0.000000000000000000e+00,4.164959025045018165e-02,8.361104319648916122e-03,2.394633466316059675e-04,0.000000000000000000e+00,0.000000000000000000e+00,0.000000000000000000e+00,0.000000000000000000e+00,0.000000000000000000e+00,0.000000000000000000e+00,0.000000000000000000e+00,0.000000000000000000e+00,3.619519097938091526e-03,0.000000000000000000e+00,0.000000000000000000e+00,8.528180339088729106e-03,3.036980477927271951e-02,0.000000000000000000e+00,0.000000000000000000e+00,0.000000000000000000e+00,8.592546634876285783e-02,4.164959025045018165e-02,5.050959961851624741e-02,0.000000000000000000e+00,0.000000000000000000e+00,0.000000000000000000e+00,0.000000000000000000e+00,0.000000000000000000e+00,0.000000000000000000e+00,0.000000000000000000e+00,0.000000000000000000e+00,0.000000000000000000e+00,0.000000000000000000e+00,0.000000000000000000e+00,0.000000000000000000e+00,4.548600448558716403e-04,4.548600448558716403e-04,4.548600448558716945e-04,3.784795437258098739e-03,7.345209634814739083e-03,7.345209634814739083e-03,5.238418643697802246e-02,7.822029786047655225e-03,7.822029786047655225e-03,3.130768088448466352e-03,3.144527586218752620e-03,0.000000000000000000e+00,0.000000000000000000e+00,0.000000000000000000e+00,0.000000000000000000e+00,0.000000000000000000e+00,2.933036215020095997e-04,0.000000000000000000e+00,0.000000000000000000e+00,0.000000000000000000e+00,0.000000000000000000e+00,0.000000000000000000e+00,0.000000000000000000e+00,0.000000000000000000e+00,0.000000000000000000e+00,5.852162878867904483e-02,8.389479827456598066e-03,6.711725955674960331e-02,3.130768088448466352e-03,0.000000000000000000e+00,0.000000000000000000e+00,2.796265012659351033e-03,1.375949777028660662e-05,6.712207963444644793e-04,0.000000000000000000e+00,2.933036215020097081e-04,2.332362884691759758e-02,0.000000000000000000e+00,0.000000000000000000e+00,0.000000000000000000e+00,0.000000000000000000e+00,0.000000000000000000e+00,0.000000000000000000e+00,0.000000000000000000e+00,0.000000000000000000e+00,0.000000000000000000e+00,8.389479827456598066e-03,2.192757093607970373e-02,6.377552109197860263e-04,0.000000000000000000e+00,0.000000000000000000e+00,0.000000000000000000e+00,7.427530632402251989e-03,6.712207963444644793e-04,1.375949777028661509e-05,5.583921947647435720e-03,2.332362884691759758e-02,0.000000000000000000e+00,0.000000000000000000e+00,0.000000000000000000e+00,0.000000000000000000e+00,0.000000000000000000e+00,0.000000000000000000e+00,0.000000000000000000e+00,3.378061911051298983e-03,3.128806764667314833e-02,8.297161519840447544e-03,2.029001852528407659e-02,6.377552109197860263e-04,2.667171677923804718e-02,2.818648357337950449e-03,0.000000000000000000e+00,0.000000000000000000e+00,1.271584228412148652e-03,8.302333665302343013e-03,8.302333665302343013e-03,0.000000000000000000e+00,0.000000000000000000e+00,0.000000000000000000e+00,0.000000000000000000e+00,0.000000000000000000e+00,0.000000000000000000e+00,0.000000000000000000e+00,0.000000000000000000e+00,3.378061911051298983e-03,0.000000000000000000e+00,0.000000000000000000e+00,0.000000000000000000e+00,6.377552109197860263e-04,0.000000000000000000e+00,9.556105416450817042e-03,0.000000000000000000e+00,6.900696157183216814e-06,6.643619947313604644e-04,3.529533484478750843e-02,0.000000000000000000e+00,0.000000000000000000e+00,0.000000000000000000e+00,0.000000000000000000e+00,0.000000000000000000e+00,0.000000000000000000e+00,3.408033355546129413e-03,1.635223381174933810e-20,1.635223381174933810e-20,2.575743078906024964e-04,3.353052622728307751e-04,6.900696157182764498e-06,6.900696157182765346e-06,6.900696157182764498e-06,9.556105416450813572e-03,9.556105416450813572e-03,4.256995226160962750e-03,3.247971064041470907e-04,3.247971064041470907e-04,0.000000000000000000e+00,0.000000000000000000e+00,0.000000000000000000e+00,0.000000000000000000e+00,1.056033358645382331e-05,1.056033358645383686e-05,1.056033358645384025e-05,1.056033358645384025e-05,6.991070462399715345e-06,0.000000000000000000e+00,0.000000000000000000e+00,6.900696157182764498e-06,6.900696157182764498e-06,6.900696157182764498e-06,4.304033366576646286e-03,6.900696157182818709e-06,6.900696157182764498e-06,0.000000000000000000e+00,0.000000000000000000e+00,0.000000000000000000e+00,0.000000000000000000e+00,0.000000000000000000e+00,0.000000000000000000e+00,0.000000000000000000e+00,0.000000000000000000e+00,1.056033358645396392e-05,1.056033358645395545e-05,1.056033358645384025e-05,1.056033358645383686e-05,0.000000000000000000e+00,6.900696157182918658e-06,6.900696157182918658e-06,1.264725426799044638e-03,8.063194414630718305e-04,8.063194414630718305e-04,2.722098912345902871e-04,0.000000000000000000e+00,0.000000000000000000e+00,0.000000000000000000e+00,0.000000000000000000e+00,0.000000000000000000e+00,0.000000000000000000e+00,0.000000000000000000e+00,0.000000000000000000e+00,0.000000000000000000e+00,0.000000000000000000e+00,1.056033358645382331e-05,3.458655958592844900e-04,0.000000000000000000e+00,3.455659825226148948e-03,7.399073961028550944e-04,1.264725426799045288e-03,0.000000000000000000e+00,6.900696157182764498e-06,0.000000000000000000e+00,0.000000000000000000e+00,0.000000000000000000e+00,0.000000000000000000e+00,0.000000000000000000e+00,0.000000000000000000e+00,0.000000000000000000e+00,0.000000000000000000e+00,0.000000000000000000e+00,0.000000000000000000e+00,0.000000000000000000e+00,0.000000000000000000e+00,0.000000000000000000e+00,0.000000000000000000e+00,0.000000000000000000e+00,3.455659825226148948e-03,0.000000000000000000e+00,0.000000000000000000e+00,0.000000000000000000e+00,0.000000000000000000e+00,0.000000000000000000e+00,0.000000000000000000e+00,0.000000000000000000e+00,0.000000000000000000e+00,0.000000000000000000e+00,0.000000000000000000e+00,0.000000000000000000e+00,0.000000000000000000e+00,0.000000000000000000e+00,0.000000000000000000e+00,0.000000000000000000e+00,0.000000000000000000e+00,0.000000000000000000e+00,0.000000000000000000e+00,0.000000000000000000e+00,0.000000000000000000e+00,0.000000000000000000e+00,0.000000000000000000e+00,0.000000000000000000e+00,0.000000000000000000e+00,0.000000000000000000e+00,0.000000000000000000e+00,0.000000000000000000e+00,0.000000000000000000e+00,0.000000000000000000e+00,0.000000000000000000e+00,0.000000000000000000e+00,0.000000000000000000e+00,0.000000000000000000e+00
0.000000000000000000e+00,0.000000000000000000e+00,0.000000000000000000e+00,0.000000000000000000e+00,0.000000000000000000e+00,0.000000000000000000e+00,0.000000000000000000e+00,0.000000000000000000e+00,0.000000000000000000e+00,0.000000000000000000e+00,0.000000000000000000e+00,0.000000000000000000e+00,2.164565978059070604e-03,0.000000000000000000e+00,0.000000000000000000e+00,0.000000000000000000e+00,0.000000000000000000e+00,0.000000000000000000e+00,0.000000000000000000e+00,0.000000000000000000e+00,0.000000000000000000e+00,0.000000000000000000e+00,0.000000000000000000e+00,0.000000000000000000e+00,0.000000000000000000e+00,0.000000000000000000e+00,0.000000000000000000e+00,0.000000000000000000e+00,3.906724966770197598e-05,0.000000000000000000e+00,3.618775430840495549e-06,3.618775430842115499e-06,2.164565978059070604e-03,1.983181666893779269e-02,5.905686261714331031e-03,0.000000000000000000e+00,0.000000000000000000e+00,0.000000000000000000e+00,0.000000000000000000e+00,0.000000000000000000e+00,0.000000000000000000e+00,0.000000000000000000e+00,0.000000000000000000e+00,0.000000000000000000e+00,0.000000000000000000e+00,0.000000000000000000e+00,4.096598366447579923e-05,3.618775430840479455e-06,3.618775430840479455e-06,3.618775430840488349e-06,3.618775430840488349e-06,3.618775430840488349e-06,3.618775430840493855e-06,3.618775430840519689e-06,0.000000000000000000e+00,0.000000000000000000e+00,0.000000000000000000e+00,0.000000000000000000e+00,0.000000000000000000e+00,0.000000000000000000e+00,0.000000000000000000e+00,0.000000000000000000e+00,0.000000000000000000e+00,0.000000000000000000e+00,0.000000000000000000e+00,6.305068448094660813e-03,7.409246667727118797e-03,7.409246667727118797e-03,3.618775430841101601e-06,2.452931976513486254e-02,5.337021681532824052e-02,3.618775430840503595e-06,4.585991340308919265e-04,0.000000000000000000e+00,0.000000000000000000e+00,0.000000000000000000e+00,0.000000000000000000e+00,0.000000000000000000e+00,0.000000000000000000e+00,0.000000000000000000e+00,0.000000000000000000e+00,0.000000000000000000e+00,4.167540333067300262e-03,4.167540333067300262e-03,3.471790458169478691e-05,3.618775430840542982e-06,3.618775430840542982e-06,3.618775430841025791e-06,3.618775430840516724e-06,2.452931976513486254e-02,3.618775430840493855e-06,1.718301088872149773e-02,2.711049856954209081e-03,2.711049856954209081e-03,0.000000000000000000e+00,0.000000000000000000e+00,0.000000000000000000e+00,0.000000000000000000e+00,0.000000000000000000e+00,0.000000000000000000e+00,0.000000000000000000e+00,3.723785742766249837e-04,5.899312386066566175e-03,3.618775430840807257e-06,3.618775430840503595e-06,3.618775430840487502e-06,3.618775430840487502e-06,3.618775430840479455e-06,2.428681821170963068e-03,3.618775430840479455e-06,2.721879235475410663e-02,3.152700943321182225e-02,2.873177477465677088e-02,1.516601195333504163e-03,0.000000000000000000e+00,0.000000000000000000e+00,0.000000000000000000e+00,0.000000000000000000e+00,0.000000000000000000e+00,0.000000000000000000e+00,6.109991522346063593e-05,6.109991522346063593e-05,3.618775430840479455e-06,9.563380418917957412e-05,3.618775430840503595e-06,0.000000000000000000e+00,0.000000000000000000e+00,3.618775430840479455e-06,0.000000000000000000e+00,0.000000000000000000e+00,2.873177477465677088e-02,3.152700943321182225e-02,1.516601195333504163e-03,0.000000000000000000e+00,0.000000000000000000e+00,0.000000000000000000e+00,0.000000000000000000e+00,0.000000000000000000e+00,0.000000000000000000e+00,0.000000000000000000e+00,7.991247570433255036e-05,3.618775430840490043e-06,0.000000000000000000e+00,5.136808848732268037e-06,0.000000000000000000e+00,0.000000000000000000e+00,0.000000000000000000e+00,0.000000000000000000e+00,0.000000000000000000e+00,4.627732250050024809e-03,2.067701550664915490e-03,1.516601195333504380e-03,0.000000000000000000e+00,0.000000000000000000e+00,0.000000000000000000e+00,0.000000000000000000e+00,0.000000000000000000e+00,0.000000000000000000e+00,0.000000000000000000e+00,0.000000000000000000e+00,4.021687886597881401e-04,0.000000000000000000e+00,0.000000000000000000e+00,9.475755932320806263e-04,3.374422753252524776e-03,0.000000000000000000e+00,0.000000000000000000e+00,0.000000000000000000e+00,9.547274038751427105e-03,4.627732250050024809e-03,5.612177735390695699e-03,0.000000000000000000e+00,0.000000000000000000e+00,0.000000000000000000e+00,0.000000000000000000e+00,0.000000000000000000e+00,0.000000000000000000e+00,0.000000000000000000e+00,0.000000000000000000e+00,0.000000000000000000e+00,0.000000000000000000e+00,0.000000000000000000e+00,0.000000000000000000e+00,5.054000498398573179e-05,5.054000498398573179e-05,5.054000498398578600e-05,4.205328263620113083e-04,8.161344038683047281e-04,8.161344038683047281e-04,5.820465159664223176e-03,2.034944919324019330e-02,2.034944919324019330e-02,1.982819789350695472e-02,1.991534137938543239e-02,0.000000000000000000e+00,0.000000000000000000e+00,0.000000000000000000e+00,0.000000000000000000e+00,0.000000000000000000e+00,3.258929127800103652e-05,0.000000000000000000e+00,0.000000000000000000e+00,0.000000000000000000e+00,0.000000000000000000e+00,0.000000000000000000e+00,0.000000000000000000e+00,0.000000000000000000e+00,0.000000000000000000e+00,6.502403198742116863e-03,5.313337224055844632e-02,7.221611766096713847e-02,1.982819789350695472e-02,0.000000000000000000e+00,0.000000000000000000e+00,1.770967841350922292e-02,8.714348587848184642e-05,4.251065043514941702e-03,0.000000000000000000e+00,3.258929127800109073e-05,2.591514316324178280e-03,0.000000000000000000e+00,0.000000000000000000e+00,0.000000000000000000e+00,0.000000000000000000e+00,0.000000000000000000e+00,0.000000000000000000e+00,0.000000000000000000e+00,0.000000000000000000e+00,0.000000000000000000e+00,5.313337224055844632e-02,2.436396770675520324e-03,7.086169010219844737e-05,0.000000000000000000e+00,0.000000000000000000e+00,0.000000000000000000e+00,9.108958341709234158e-04,4.251065043514941702e-03,8.714348587848190063e-05,4.763665256985243242e-03,2.591514316324178280e-03,0.000000000000000000e+00,0.000000000000000000e+00,0.000000000000000000e+00,0.000000000000000000e+00,0.000000000000000000e+00,0.000000000000000000e+00,0.000000000000000000e+00,3.753402123390331240e-04,3.476451960741464009e-03,9.219068355378282759e-04,2.254446502809339531e-03,7.086169010219844737e-05,2.963524086582004086e-03,3.131831508153275385e-04,0.000000000000000000e+00,0.000000000000000000e+00,2.269017892831332647e-04,6.523929005960555326e-03,6.523929005960555326e-03,0.000000000000000000e+00,0.000000000000000000e+00,0.000000000000000000e+00,0.000000000000000000e+00,0.000000000000000000e+00,0.000000000000000000e+00,0.000000000000000000e+00,0.000000000000000000e+00,3.753402123390331240e-04,0.000000000000000000e+00,0.000000000000000000e+00,0.000000000000000000e+00,7.086169010219844737e-05,0.000000000000000000e+00,6.052200097085516650e-02,0.000000000000000000e+00,4.370440899549370254e-05,4.207625966631949391e-03,8.100402751798983780e-03,0.000000000000000000e+00,0.000000000000000000e+00,0.000000000000000000e+00,0.000000000000000000e+00,0.000000000000000000e+00,0.000000000000000000e+00,2.158421125179215208e-02,1.816914867972147006e-21,1.816914867972147006e-21,1.631303949973815937e-03,2.123599994394594331e-03,4.370440899549083618e-05,4.370440899549084973e-05,4.370440899549083618e-05,6.052200097085515262e-02,6.052200097085515262e-02,2.696096976568609915e-02,2.057048340559598006e-03,2.057048340559598006e-03,0.000000000000000000e+00,0.000000000000000000e+00,0.000000000000000000e+00,0.000000000000000000e+00,6.688211271420755667e-05,6.688211271420762443e-05,6.688211271420765153e-05,6.688211271420765153e-05,4.427677959519819888e-05,0.000000000000000000e+00,0.000000000000000000e+00,4.370440899549083618e-05,4.370440899549083618e-05,4.370440899549083618e-05,2.725887798831875750e-02,4.370440899549118854e-05,4.370440899549083618e-05,0.000000000000000000e+00,0.000000000000000000e+00,0.000000000000000000e+00,0.000000000000000000e+00,0.000000000000000000e+00,0.000000000000000000e+00,0.000000000000000000e+00,0.000000000000000000e+00,6.688211271420755667e-05,6.688211271420765153e-05,6.688211271420765153e-05,6.688211271420762443e-05,0.000000000000000000e+00,4.370440899549181874e-05,4.370440899549181874e-05,1.834627124001420376e-04,5.106689795932787754e-03,5.106689795932787754e-03,1.723995977819071891e-03,0.000000000000000000e+00,0.000000000000000000e+00,0.000000000000000000e+00,0.000000000000000000e+00,0.000000000000000000e+00,0.000000000000000000e+00,0.000000000000000000e+00,0.000000000000000000e+00,0.000000000000000000e+00,0.000000000000000000e+00,6.688211271420755667e-05,2.190482107108801535e-03,0.000000000000000000e+00,3.839622028029053905e-04,8.221193290031732909e-05,1.834627124001422544e-04,0.000000000000000000e+00,4.370440899549083618e-05,0.000000000000000000e+00,0.000000000000000000e+00,0.000000000000000000e+00,0.000000000000000000e+00,0.000000000000000000e+00,0.000000000000000000e+00,0.000000000000000000e+00,0.000000000000000000e+00,0.000000000000000000e+00,0.000000000000000000e+00,0.000000000000000000e+00,0.000000000000000000e+00,0.000000000000000000e+00,0.000000000000000000e+00,0.000000000000000000e+00,3.839622028029053905e-04,0.000000000000000000e+00,0.000000000000000000e+00,0.000000000000000000e+00,0.000000000000000000e+00,0.000000000000000000e+00,0.000000000000000000e+00,0.000000000000000000e+00,0.000000000000000000e+00,0.000000000000000000e+00,0.000000000000000000e+00,0.000000000000000000e+00,0.000000000000000000e+00,0.000000000000000000e+00,0.000000000000000000e+00,0.000000000000000000e+00,0.000000000000000000e+00,0.000000000000000000e+00,0.000000000000000000e+00,0.000000000000000000e+00,0.000000000000000000e+00,0.000000000000000000e+00,0.000000000000000000e+00,0.000000000000000000e+00,0.000000000000000000e+00,0.000000000000000000e+00,0.000000000000000000e+00,0.000000000000000000e+00,0.000000000000000000e+00,0.000000000000000000e+00,0.000000000000000000e+00,0.000000000000000000e+00,0.000000000000000000e+00,0.000000000000000000e+00
0.000000000000000000e+00,0.000000000000000000e+00,0.000000000000000000e+00,0.000000000000000000e+00,0.000000000000000000e+00,0.000000000000000000e+00,0.000000000000000000e+00,0.000000000000000000e+00,0.000000000000000000e+00,0.000000000000000000e+00,0.000000000000000000e+00,0.000000000000000000e+00,2.853784345997143271e-02,0.000000000000000000e+00,0.000000000000000000e+00,0.000000000000000000e+00,0.000000000000000000e+00,0.000000000000000000e+00,0.000000000000000000e+00,0.000000000000000000e+00,0.000000000000000000e+00,0.000000000000000000e+00,0.000000000000000000e+00,0.000000000000000000e+00,0.000000000000000000e+00,0.000000000000000000e+00,0.000000000000000000e+00,0.000000000000000000e+00,2.751073153814915812e-03,0.000000000000000000e+00,1.333233053467550902e-06,1.333233053468147637e-06,2.853784345997143271e-02,7.306458772766553922e-03,3.778896234492265787e-03,0.000000000000000000e+00,0.000000000000000000e+00,0.000000000000000000e+00,0.000000000000000000e+00,0.000000000000000000e+00,0.000000000000000000e+00,0.000000000000000000e+00,0.000000000000000000e+00,0.000000000000000000e+00,0.000000000000000000e+00,0.000000000000000000e+00,6.500318007074326956e-03,1.333233053467544973e-06,1.333233053467544973e-06,1.333233053467548361e-06,1.333233053467548361e-06,1.333233053467548361e-06,1.333233053467550055e-06,3.304549639627634219e-03,0.000000000000000000e+00,1.247214491679299667e-02,0.000000000000000000e+00,0.000000000000000000e+00,0.000000000000000000e+00,0.000000000000000000e+00,0.000000000000000000e+00,0.000000000000000000e+00,0.000000000000000000e+00,0.000000000000000000e+00,0.000000000000000000e+00,2.322919954561191054e-03,2.729722456531043402e-03,2.729722456531043402e-03,1.333233053467774096e-06,9.037117808207578012e-03,1.966271145827883093e-02,1.333233053467554291e-06,1.209585714375141854e-02,0.000000000000000000e+00,0.000000000000000000e+00,0.000000000000000000e+00,1.528509368895000428e-02,0.000000000000000000e+00,0.000000000000000000e+00,0.000000000000000000e+00,0.000000000000000000e+00,0.000000000000000000e+00,1.704432984238443867e-03,1.704432984238443867e-03,1.333233053467544973e-06,1.333233053467568267e-06,1.333233053467568267e-06,1.333233053467746144e-06,1.333233053467558949e-06,9.037117808207578012e-03,1.333233053467550055e-06,1.260164861311836512e-02,1.848683807138489649e-02,1.848683807138489649e-02,0.000000000000000000e+00,0.000000000000000000e+00,0.000000000000000000e+00,0.000000000000000000e+00,0.000000000000000000e+00,0.000000000000000000e+00,0.000000000000000000e+00,1.245138783225086218e-05,2.109934396825652141e-03,1.333233053467665675e-06,1.333233053467554291e-06,1.333233053467548361e-06,1.333233053467548361e-06,1.333233053467544973e-06,1.333233053468649928e-06,1.333233053467544973e-06,1.403897048500129391e-02,1.058539070645249380e-02,2.253697751972030816e-02,5.587478088070804011e-04,0.000000000000000000e+00,0.000000000000000000e+00,0.000000000000000000e+00,0.000000000000000000e+00,0.000000000000000000e+00,0.000000000000000000e+00,1.743485742022737737e-05,1.743485742022737737e-05,1.333233053467544973e-06,0.000000000000000000e+00,1.333233053467554291e-06,0.000000000000000000e+00,0.000000000000000000e+00,1.333233053467544973e-06,0.000000000000000000e+00,0.000000000000000000e+00,3.324211507881196653e-02,1.058539070645249380e-02,5.587478088070804011e-04,0.000000000000000000e+00,0.000000000000000000e+00,0.000000000000000000e+00,0.000000000000000000e+00,0.000000000000000000e+00,0.000000000000000000e+00,0.000000000000000000e+00,1.743485742022737737e-05,1.333233053467548785e-06,0.000000000000000000e+00,0.000000000000000000e+00,0.000000000000000000e+00,0.000000000000000000e+00,0.000000000000000000e+00,0.000000000000000000e+00,0.000000000000000000e+00,2.295480537504093060e-02,2.338181410988823122e-02,1.042693275180203846e-03,0.000000000000000000e+00,0.000000000000000000e+00,0.000000000000000000e+00,0.000000000000000000e+00,0.000000000000000000e+00,0.000000000000000000e+00,0.000000000000000000e+00,0.000000000000000000e+00,0.000000000000000000e+00,0.000000000000000000e+00,0.000000000000000000e+00,0.000000000000000000e+00,0.000000000000000000e+00,0.000000000000000000e+00,0.000000000000000000e+00,0.000000000000000000e+00,2.295480537504093060e-02,2.295480537504093060e-02,2.295480537504093060e-02,0.000000000000000000e+00,0.000000000000000000e+00,0.000000000000000000e+00,0.000000000000000000e+00,0.000000000000000000e+00,0.000000000000000000e+00,0.000000000000000000e+00,4.161887495876189670e-19,0.000000000000000000e+00,0.000000000000000000e+00,0.000000000000000000e+00,0.000000000000000000e+00,0.000000000000000000e+00,0.000000000000000000e+00,0.000000000000000000e+00,0.000000000000000000e+00,0.000000000000000000e+00,0.000000000000000000e+00,0.000000000000000000e+00,7.305125539713087576e-03,7.305125539713087576e-03,7.305125539713087576e-03,7.337231034510423647e-03,0.000000000000000000e+00,0.000000000000000000e+00,0.000000000000000000e+00,0.000000000000000000e+00,0.000000000000000000e+00,0.000000000000000000e+00,0.000000000000000000e+00,0.000000000000000000e+00,0.000000000000000000e+00,0.000000000000000000e+00,0.000000000000000000e+00,0.000000000000000000e+00,0.000000000000000000e+00,0.000000000000000000e+00,4.295918996173206557e-03,6.200781023499493672e-02,6.135775109511622250e-02,7.305125539713091046e-03,0.000000000000000000e+00,0.000000000000000000e+00,6.524618362871818789e-03,3.210549479733541996e-05,1.566181858137083785e-03,0.000000000000000000e+00,0.000000000000000000e+00,3.100304541598898449e-03,0.000000000000000000e+00,0.000000000000000000e+00,0.000000000000000000e+00,0.000000000000000000e+00,0.000000000000000000e+00,0.000000000000000000e+00,0.000000000000000000e+00,0.000000000000000000e+00,3.010991076205237621e-03,6.200781023499493672e-02,3.933205276266397987e-02,0.000000000000000000e+00,0.000000000000000000e+00,0.000000000000000000e+00,0.000000000000000000e+00,3.210549479733540640e-05,1.566181858137083785e-03,3.210549479733544706e-05,1.065088326138212416e-02,3.100304541598898449e-03,0.000000000000000000e+00,0.000000000000000000e+00,0.000000000000000000e+00,0.000000000000000000e+00,0.000000000000000000e+00,0.000000000000000000e+00,0.000000000000000000e+00,3.933205276266397987e-02,2.258793308879198519e-03,0.000000000000000000e+00,0.000000000000000000e+00,9.762213996187658297e-06,0.000000000000000000e+00,0.000000000000000000e+00,1.529485590294619307e-02,0.000000000000000000e+00,3.210549479733540640e-05,2.100542807847611236e-03,2.100542807847611236e-03,0.000000000000000000e+00,0.000000000000000000e+00,0.000000000000000000e+00,0.000000000000000000e+00,0.000000000000000000e+00,0.000000000000000000e+00,0.000000000000000000e+00,3.734532760200190427e-02,3.933205276266397987e-02,2.268555522875385141e-03,9.762213996187807375e-06,9.762213996187658297e-06,9.762213996187658297e-06,9.762213996187346589e-06,3.759243520799809835e-02,1.529485590294619307e-02,2.586383836294849358e-05,1.550177987706507967e-03,1.567012080058474612e-03,0.000000000000000000e+00,0.000000000000000000e+00,0.000000000000000000e+00,0.000000000000000000e+00,0.000000000000000000e+00,0.000000000000000000e+00,7.952077829607637899e-03,9.762213996187329648e-06,9.762213996187329648e-06,6.107689324075932236e-04,7.921411592994589360e-04,3.492064442561161348e-03,2.586383836294750085e-05,2.586383836294711461e-05,3.759243520799809141e-02,3.759243520799809141e-02,9.942751075038433473e-03,7.676221289391971323e-04,7.676221289391971323e-04,0.000000000000000000e+00,0.000000000000000000e+00,0.000000000000000000e+00,0.000000000000000000e+00,2.464077836839224987e-05,2.464077836839229053e-05,2.464077836839229731e-05,3.440299236457963034e-05,2.607471174178666376e-05,9.762213996187597310e-06,9.762213996187514301e-06,2.586383836294758895e-05,3.492064442561161348e-03,2.586383836294745003e-05,1.005250673600836114e-02,1.381268648842707593e-02,2.586383836294711461e-05,0.000000000000000000e+00,0.000000000000000000e+00,0.000000000000000000e+00,0.000000000000000000e+00,0.000000000000000000e+00,0.000000000000000000e+00,0.000000000000000000e+00,0.000000000000000000e+00,2.464077836839224987e-05,6.519628268615152225e-03,3.440299236457963034e-05,6.454339655477722357e-03,9.762213996187326260e-06,2.586383836294747375e-05,2.586383836294747375e-05,2.564235521170064457e-04,2.365520838941319922e-03,2.365520838941319922e-03,6.449186268768980143e-04,0.000000000000000000e+00,0.000000000000000000e+00,0.000000000000000000e+00,0.000000000000000000e+00,0.000000000000000000e+00,0.000000000000000000e+00,0.000000000000000000e+00,0.000000000000000000e+00,0.000000000000000000e+00,0.000000000000000000e+00,3.440299236457958291e-05,8.167819376678510639e-04,6.494987490246758796e-03,6.494987490246761398e-03,4.841088088608188397e-04,6.985435709478150616e-03,0.000000000000000000e+00,5.002104332275786585e-04,0.000000000000000000e+00,0.000000000000000000e+00,0.000000000000000000e+00,0.000000000000000000e+00,0.000000000000000000e+00,0.000000000000000000e+00,0.000000000000000000e+00,0.000000000000000000e+00,0.000000000000000000e+00,0.000000000000000000e+00,0.000000000000000000e+00,0.000000000000000000e+00,0.000000000000000000e+00,0.000000000000000000e+00,0.000000000000000000e+00,6.494987490246761398e-03,0.000000000000000000e+00,0.000000000000000000e+00,0.000000000000000000e+00,0.000000000000000000e+00,0.000000000000000000e+00,0.000000000000000000e+00,0.000000000000000000e+00,0.000000000000000000e+00,0.000000000000000000e+00,0.000000000000000000e+00,0.000000000000000000e+00,0.000000000000000000e+00,0.000000000000000000e+00,0.000000000000000000e+00,0.000000000000000000e+00,0.000000000000000000e+00,0.000000000000000000e+00,0.000000000000000000e+00,0.000000000000000000e+00,0.000000000000000000e+00,0.000000000000000000e+00,0.000000000000000000e+00,0.000000000000000000e+00,0.000000000000000000e+00,0.000000000000000000e+00,0.000000000000000000e+00,0.000000000000000000e+00,0.000000000000000000e+00,0.000000000000000000e+00,0.000000000000000000e+00,0.000000000000000000e+00,0.000000000000000000e+00,0.000000000000000000e+00
0.000000000000000000e+00,0.000000000000000000e+00,0.000000000000000000e+00,0.000000000000000000e+00,0.000000000000000000e+00,0.000000000000000000e+00,0.000000000000000000e+00,0.000000000000000000e+00,0.000000000000000000e+00,0.000000000000000000e+00,0.000000000000000000e+00,0.000000000000000000e+00,2.377746306508876639e-02,0.000000000000000000e+00,0.000000000000000000e+00,0.000000000000000000e+00,0.000000000000000000e+00,0.000000000000000000e+00,0.000000000000000000e+00,0.000000000000000000e+00,0.000000000000000000e+00,0.000000000000000000e+00,0.000000000000000000e+00,0.000000000000000000e+00,0.000000000000000000e+00,0.000000000000000000e+00,0.000000000000000000e+00,0.000000000000000000e+00,2.353545494166323169e-03,0.000000000000000000e+00,1.536079275378188331e-09,1.536079275374874439e-09,2.377746306508876639e-02,1.536079275405108510e-09,7.323678847869378138e-03,0.000000000000000000e+00,0.000000000000000000e+00,0.000000000000000000e+00,0.000000000000000000e+00,0.000000000000000000e+00,0.000000000000000000e+00,0.000000000000000000e+00,0.000000000000000000e+00,0.000000000000000000e+00,0.000000000000000000e+00,0.000000000000000000e+00,5.565102098678864281e-03,3.437727193546492540e-04,3.437727193546492540e-04,1.536079275374874439e-09,1.536079275374874439e-09,1.536079275374874439e-09,1.536079275374889121e-09,2.831329884571418334e-03,1.239783546532725575e-05,1.527772212263337273e-02,0.000000000000000000e+00,0.000000000000000000e+00,0.000000000000000000e+00,0.000000000000000000e+00,0.000000000000000000e+00,0.000000000000000000e+00,0.000000000000000000e+00,0.000000000000000000e+00,0.000000000000000000e+00,2.585038426058709966e-05,2.620258712016560207e-07,3.094452607659231125e-04,1.536079275374874439e-09,1.536079275374874439e-09,1.536079275643548905e-09,1.536079275536590109e-09,1.022305830869855645e-02,1.218470795224633628e-05,1.239783546532725575e-05,3.379854808626098325e-04,1.310151041232213848e-02,0.000000000000000000e+00,0.000000000000000000e+00,0.000000000000000000e+00,0.000000000000000000e+00,0.000000000000000000e+00,5.849011512808551146e-04,5.849011512808551146e-04,2.833660652836888279e-03,7.594670644360064417e-04,7.594670644360064417e-04,1.536079275657353723e-09,1.536079275430476899e-09,1.536079275374874439e-09,1.536079275458382457e-09,5.500916949243444057e-03,1.799042468529830907e-02,1.799042468529830907e-02,1.536079275374874439e-09,1.536079275513102936e-09,1.536079275513102936e-09,3.106314990073349254e-04,0.000000000000000000e+00,0.000000000000000000e+00,0.000000000000000000e+00,1.615536129749449348e-03,2.733494364316532612e-03,1.152289286112507898e-04,1.612264356003774825e-04,5.957422463476471156e-03,1.536079275374874439e-09,1.536079275375006374e-09,3.921304195502665897e-06,5.282167698701993316e-06,3.582015072115460764e-03,4.487574613100992101e-03,1.454770922610558459e-02,1.536079275376254383e-09,1.536079275375970866e-09,1.536079275451155587e-09,1.536079275379296546e-09,1.894708924579678794e-08,1.223182546869285092e-05,0.000000000000000000e+00,2.142420218796568993e-04,2.142420218796568993e-04,1.523636934133945522e-04,7.793138598025067636e-03,1.612264356003774825e-04,4.283806288475478993e-03,1.454049591991799124e-03,1.536079275375006374e-09,5.282167698701727348e-06,3.324378530732668979e-03,2.921204337918480859e-02,4.487574613100992101e-03,1.536079275766312641e-09,1.536079275733884266e-09,1.536079275375970866e-09,1.536079275738522475e-09,1.089345366345942916e-07,1.536079275374874439e-09,1.536079275374874439e-09,1.536079275374874439e-09,2.729595357062190170e-03,1.191540441199174464e-03,1.536079275570237749e-09,8.021930183573755188e-03,1.544363654947225432e-02,2.030384701105403429e-03,2.030384701105403429e-03,2.116168290266233932e-04,1.108024783093906895e-02,2.464341369970788481e-02,2.671244683979401985e-02,4.148119358276668341e-04,1.536079275434237676e-09,1.536079275434237676e-09,1.536079275620520197e-09,1.089345366343472359e-07,1.089345366343763262e-07,1.089345366345923593e-07,1.536079275374874439e-09,1.536079275374900288e-09,2.391421272345496128e-07,1.536079275379430963e-09,1.536079275570237749e-09,6.001405126239865370e-03,3.711560357170999407e-03,1.244073584570810562e-02,1.425931523081784558e-02,8.655504446755687628e-03,3.528091475259244325e-02,2.464341369970788481e-02,1.967554900040007285e-02,1.536079275378259882e-09,1.536079275530384394e-09,1.536079275498737084e-09,1.089345366343472359e-07,5.389566156060770886e-06,1.089345366343763262e-07,1.536079275721355582e-09,1.536079275865782351e-09,1.536079275374900288e-09,1.536079275374916004e-09,1.536079275374916004e-09,2.070367647610229816e-06,1.536079275374874439e-09,1.536079275374874439e-09,4.774558336968782991e-04,3.897520945637435782e-03,1.214764786420807416e-02,1.214764786420807416e-02,1.527903926620205292e-02,1.536079275374874439e-09,1.536079275374874439e-09,1.536079275634772312e-09,1.536079275388417246e-09,3.012430156346500710e-06,3.012430156346500710e-06,1.536079275412178837e-09,1.625812381721406744e-08,1.625812381721406744e-08,3.810879190651179622e-08,1.536079275374874439e-09,2.386414413317596684e-08,2.386414413317618191e-08,1.536079275446766153e-09,1.536079275383512065e-09,1.536079275376094737e-09,1.536079275723787493e-09,5.894699926000625994e-04,2.653934708148681168e-02,4.935774646144232281e-02,3.773754648221391839e-02,3.852256155958297141e-03,8.869269097091772493e-04,4.748226238552970269e-03,3.437727193546490372e-04,1.867694548561659052e-09,3.810879190597262666e-08,3.810879190597062158e-08,3.810879190597062158e-08,2.660216823339316833e-03,2.386414413317429263e-08,2.386414413317677748e-08,2.386414413317618191e-08,1.536079275374881883e-09,1.536079275374874439e-09,1.536079275376865669e-09,1.536079275376865669e-09,1.536079275559065848e-09,1.119073211086206270e-02,4.935774646144232281e-02,4.469056326281412028e-02,1.253267400855261060e-02,1.884254854144505956e-02,1.884254854144505956e-02,6.174011950820733861e-03,6.807644866189056147e-05,3.810879190597262666e-08,3.169363801639658605e-07,1.069196541669311176e-02,2.660216823339316833e-03,2.386414413317429263e-08,2.386414413317429263e-08,1.536079275392464228e-09,1.536079275376094737e-09,1.536079275374874439e-09,1.536079275379222100e-09,1.536079275406914659e-09,3.371318961836269196e-02,6.265323272176927423e-03,4.909806752423986898e-03,1.536079275377674652e-09,8.369148076007704146e-06,7.077090722287603499e-04,3.707863469912339553e-03,1.434698370439863382e-02,2.074094229923642042e-03,1.378329021895129884e-04,2.265976277803532406e-04,2.265976277803532406e-04,0.000000000000000000e+00,2.386414413317429263e-08,1.536079275603518947e-09,1.536079275374874439e-09,1.536079275642641902e-09,1.536079275374874439e-09,1.536079275381816345e-09,3.397751057464981628e-02,3.371318961836269196e-02,1.944477698543891145e-03,8.369148076008009078e-06,8.369148076007900658e-06,8.369148076007704146e-06,1.053662318552281473e-03,1.576505643619705715e-02,1.434698370439863382e-02,8.369148076007661794e-06,3.292405689313782254e-03,1.281249155798045835e-03,0.000000000000000000e+00,0.000000000000000000e+00,1.619181628699379585e-04,1.536079275374875886e-09,1.536079275374874439e-09,1.536079275374874439e-09,1.536079275663184312e-09,8.369148076007483917e-06,8.369148076007483917e-06,1.267114808916414061e-03,8.369148076007453424e-06,2.979398237388762149e-03,8.369148076008014160e-06,1.450032019891777174e-05,1.443632555071912814e-02,1.443632555071912814e-02,3.659147143539449171e-03,5.733797268493164663e-04,5.733797268493164663e-04,0.000000000000000000e+00,0.000000000000000000e+00,0.000000000000000000e+00,0.000000000000000000e+00,1.165185956913569676e-06,1.026076848083327596e-06,1.536079275376037661e-09,8.369148076007543210e-06,8.369148076007399214e-06,8.369148076007641466e-06,8.369148076007529657e-06,4.429408402701273065e-05,2.979398237388762149e-03,8.369148076007660100e-06,5.647725589998327977e-05,1.576847994918888218e-02,5.468427114544514026e-05,0.000000000000000000e+00,0.000000000000000000e+00,0.000000000000000000e+00,0.000000000000000000e+00,0.000000000000000000e+00,0.000000000000000000e+00,0.000000000000000000e+00,0.000000000000000000e+00,8.426502842245864842e-04,5.568100836614847150e-03,8.369148076007543210e-06,6.538395864091588877e-03,8.369148076007646548e-06,8.369148076007695676e-06,8.369148076007695676e-06,2.059917598652010753e-04,4.149519436742629642e-04,4.149519436742629642e-04,8.369148076007372109e-06,0.000000000000000000e+00,0.000000000000000000e+00,0.000000000000000000e+00,0.000000000000000000e+00,0.000000000000000000e+00,0.000000000000000000e+00,0.000000000000000000e+00,0.000000000000000000e+00,0.000000000000000000e+00,0.000000000000000000e+00,2.679506452961633815e-03,5.112603994285731509e-04,5.579316842449467788e-03,5.580284008487819414e-03,4.149519436742629642e-04,5.973716466174753756e-03,0.000000000000000000e+00,4.149519436742630184e-04,0.000000000000000000e+00,0.000000000000000000e+00,0.000000000000000000e+00,0.000000000000000000e+00,0.000000000000000000e+00,0.000000000000000000e+00,0.000000000000000000e+00,0.000000000000000000e+00,0.000000000000000000e+00,0.000000000000000000e+00,0.000000000000000000e+00,0.000000000000000000e+00,0.000000000000000000e+00,0.000000000000000000e+00,0.000000000000000000e+00,5.580284008487819414e-03,0.000000000000000000e+00,0.000000000000000000e+00,0.000000000000000000e+00,0.000000000000000000e+00,0.000000000000000000e+00,0.000000000000000000e+00,0.000000000000000000e+00,0.000000000000000000e+00,0.000000000000000000e+00,0.000000000000000000e+00,0.000000000000000000e+00,0.000000000000000000e+00,0.000000000000000000e+00,0.000000000000000000e+00,0.000000000000000000e+00,0.000000000000000000e+00,0.000000000000000000e+00,0.000000000000000000e+00,0.000000000000000000e+00,0.000000000000000000e+00,0.000000000000000000e+00,0.000000000000000000e+00,0.000000000000000000e+00,0.000000000000000000e+00,0.000000000000000000e+00,0.000000000000000000e+00,0.000000000000000000e+00,0.000000000000000000e+00,0.000000000000000000e+00,0.000000000000000000e+00,0.000000000000000000e+00,0.000000000000000000e+00,0.000000000000000000e+00
0.000000000000000000e+00,0.000000000000000000e+00,0.000000000000000000e+00,0.000000000000000000e+00,0.000000000000000000e+00,0.000000000000000000e+00,0.000000000000000000e+00,0.000000000000000000e+00,0.000000000000000000e+00,0.000000000000000000e+00,0.000000000000000000e+00,0.000000000000000000e+00,1.319561982631393482e-03,0.000000000000000000e+00,0.000000000000000000e+00,0.000000000000000000e+00,0.000000000000000000e+00,0.000000000000000000e+00,0.000000000000000000e+00,0.000000000000000000e+00,0.000000000000000000e+00,0.000000000000000000e+00,0.000000000000000000e+00,0.000000000000000000e+00,0.000000000000000000e+00,0.000000000000000000e+00,0.000000000000000000e+00,0.000000000000000000e+00,1.334329846795341730e-03,0.000000000000000000e+00,4.283153002020084017e-04,2.901483075708095909e-09,1.319561982631393482e-03,2.901483075765204872e-09,7.717561218249183869e-03,0.000000000000000000e+00,0.000000000000000000e+00,0.000000000000000000e+00,0.000000000000000000e+00,0.000000000000000000e+00,0.000000000000000000e+00,0.000000000000000000e+00,0.000000000000000000e+00,0.000000000000000000e+00,0.000000000000000000e+00,0.000000000000000000e+00,1.331530058374133258e-03,6.493484698921152395e-04,6.493484698921152395e-04,2.901483075708095909e-09,2.901483075708095909e-09,2.901483075708095909e-09,2.901483075708123620e-09,2.901483075848910173e-09,2.341813365672926105e-05,1.614609327641983519e-02,0.000000000000000000e+00,0.000000000000000000e+00,0.000000000000000000e+00,0.000000000000000000e+00,0.000000000000000000e+00,0.000000000000000000e+00,0.000000000000000000e+00,0.000000000000000000e+00,0.000000000000000000e+00,4.882850360333119050e-05,4.949377567142391150e-07,5.845077147800769842e-04,2.901483075708095909e-09,2.901483075708095909e-09,2.901483076215592308e-09,2.901483076013559234e-09,2.901483076166170748e-09,2.301555946535419376e-05,2.341813365672926105e-05,6.384170194071519481e-04,2.901483075710167169e-09,0.000000000000000000e+00,0.000000000000000000e+00,0.000000000000000000e+00,0.000000000000000000e+00,0.000000000000000000e+00,1.864450466203254738e-03,1.864450466203254738e-03,5.352470122025233465e-03,1.434548899490234366e-03,1.434548899490234366e-03,2.901483076241667936e-09,5.855575235967131267e-03,2.901483075708095909e-09,2.901483075865833462e-09,2.301555946535419376e-05,4.215078064039854723e-03,4.215078064039854723e-03,2.901483075708095909e-09,2.901483075969194642e-09,2.901483075969194642e-09,5.867483870138548831e-04,0.000000000000000000e+00,0.000000000000000000e+00,0.000000000000000000e+00,4.371127326230609192e-03,5.163267132597894500e-03,2.176546429323626903e-04,3.045388228007130105e-04,1.125290909767777923e-02,2.901483075708095909e-09,2.901483075708345304e-09,5.862979242408894974e-03,9.977427875325986528e-06,2.720376102046636918e-04,8.476529824746318123e-03,8.128818142115034479e-03,2.901483075710703182e-09,2.901483075710167169e-09,2.901483075852182500e-09,2.901483075716448779e-09,3.578894635317171056e-08,2.310455921864205004e-05,0.000000000000000000e+00,4.046793746615741372e-04,4.046793746615741372e-04,2.877980875586341422e-04,1.472037290738068341e-02,3.045388228007130105e-04,8.091634100453682157e-03,2.746538118206731920e-03,2.901483075708345304e-09,9.977427875325485084e-06,6.279381669161707494e-03,1.849598851019564755e-02,8.476529824746318123e-03,2.901483076447479571e-09,2.901483076386225606e-09,2.901483075710167169e-09,2.901483076394986690e-09,2.057652358653447891e-07,2.901483075708095909e-09,2.901483075708095909e-09,2.901483075708095909e-09,6.475461422265786637e-03,2.250687500042885050e-03,2.901483076077115656e-09,1.515253479119487053e-02,2.917131348233648058e-02,3.835171102087984400e-03,3.835171102087984400e-03,3.997206770502886647e-04,2.092935701399601528e-02,1.928025537701376357e-02,1.329192104256052970e-02,2.901483076149414550e-09,2.901483075820226445e-09,2.901483075820226445e-09,2.901483076172093775e-09,2.057652358648781269e-07,2.057652358649330517e-07,2.057652358653411363e-07,2.901483075708095909e-09,2.901483075708144713e-09,4.517129069985936836e-07,2.901483075716703137e-09,2.901483076077115656e-09,2.123249550418012180e-02,1.265700400297404236e-02,2.349916770855975737e-02,2.693426210265592938e-02,1.634928617720518562e-02,3.937331292135125976e-02,1.928025537701376357e-02,9.896510944987897684e-03,2.901483075714490842e-09,2.901483076001837257e-09,2.901483075942058982e-09,2.057652358648781269e-07,1.018029162811478851e-05,2.057652358649330517e-07,2.901483076362560383e-09,2.901483075961537018e-09,2.901483075708144713e-09,2.901483075708174905e-09,2.901483075708174905e-09,3.910694445485989135e-06,2.901483075708095909e-09,2.901483075708095909e-09,9.018610192052145709e-04,7.361984008426267732e-03,3.284206512034229530e-02,3.284206512034229530e-02,3.313517152079601541e-02,2.901483075708095909e-09,2.901483075708095909e-09,2.901483076199014368e-09,2.901483075733676883e-09,5.690145850876724035e-06,5.690145850876724035e-06,5.855575235967131267e-03,3.070978943251546145e-08,3.070978943251546145e-08,7.198327360118894107e-08,2.901483075708095909e-09,4.507671669599904775e-08,4.507671669599945803e-08,2.901483075843891669e-09,2.901483075724412047e-09,2.901483075710401261e-09,2.901483076367154130e-09,1.113443319355673835e-03,5.307108844171536111e-02,3.344388287984267211e-02,1.125865979519695935e-02,7.276483850143450685e-03,1.675306385006223838e-03,8.968871783933386743e-03,4.378134746883503500e-03,5.855575862351536549e-03,7.198327360017051630e-08,7.198327360016673112e-08,7.198327360016673112e-08,8.917904385516770352e-03,4.507671669599588461e-08,4.507671669600058299e-08,4.507671669599945803e-08,2.901483075708109971e-09,2.901483075708095909e-09,2.901483075711857099e-09,2.901483075711857099e-09,2.901483076056013038e-09,1.626311160983573423e-02,3.344388287984267211e-02,2.073504200766910013e-02,2.367282868282159780e-02,3.559148057828510903e-02,3.559148057828510903e-02,1.166202257377249758e-02,1.285888474724599479e-04,7.198327360017051630e-08,5.986576069768944666e-07,1.437977075049131671e-02,8.917904385516770352e-03,4.507671669599588461e-08,4.507671669599588461e-08,2.901483075741321273e-09,2.901483075710401261e-09,2.901483075708095909e-09,2.901483075716308158e-09,2.901483075768616579e-09,2.901483075951836257e-09,1.382840129705615456e-02,9.274079421245310512e-03,2.901483075713385315e-09,2.901483075801901086e-09,1.336783803098769586e-03,7.003742109834419638e-03,2.336758074967075060e-03,3.917733545411324243e-03,2.603510374690803843e-04,9.340608813636944521e-03,9.340608813636944521e-03,0.000000000000000000e+00,4.507671669599588461e-08,2.901483076139980142e-09,2.901483075708095909e-09,2.901483076213879217e-09,2.901483075708095909e-09,2.901483075721208790e-09,3.715878459986261470e-03,2.901483075951836257e-09,2.901483075713011430e-09,2.901483076139775415e-09,2.901483076176893904e-09,2.901483075801901086e-09,1.974445556827149079e-03,5.015339901697431733e-03,2.336758074967075060e-03,2.901483075723584452e-09,6.218988524259365901e-03,6.475744014966828416e-03,0.000000000000000000e+00,0.000000000000000000e+00,3.058454187543272851e-04,2.901483075708098804e-09,2.901483075708095909e-09,2.901483075708095909e-09,2.901483076252681019e-09,2.901483075918953346e-09,2.901483075918953346e-09,2.377633594181621964e-03,2.901483075717322695e-09,5.855575235967131267e-03,1.330499787066482696e-03,1.158400438190646510e-05,2.505514895794676202e-03,2.505514895794676202e-03,6.895916892914020699e-03,1.067245105832659562e-03,1.067245105832659562e-03,0.000000000000000000e+00,0.000000000000000000e+00,0.000000000000000000e+00,0.000000000000000000e+00,2.200906807503409247e-06,1.938145157490729738e-06,2.901483075710293728e-09,2.901483076032358154e-09,2.901483075762985133e-09,2.901483075783737854e-09,2.901483075708127342e-09,6.786111383497393779e-05,5.855575235967131267e-03,2.901483075710167169e-09,9.087377181725241190e-05,7.447578695544838576e-03,8.748702283645814538e-05,0.000000000000000000e+00,0.000000000000000000e+00,0.000000000000000000e+00,0.000000000000000000e+00,0.000000000000000000e+00,0.000000000000000000e+00,0.000000000000000000e+00,0.000000000000000000e+00,1.591672759090885340e-03,1.829770666624442787e-06,2.901483076032358154e-09,1.940314640662657748e-03,2.901483076595924577e-09,2.901483076320192605e-09,2.901483076320192605e-09,2.901483075708095909e-09,2.901483075748862678e-09,2.901483075748862678e-09,2.901483075708095909e-09,0.000000000000000000e+00,0.000000000000000000e+00,0.000000000000000000e+00,0.000000000000000000e+00,0.000000000000000000e+00,0.000000000000000000e+00,0.000000000000000000e+00,0.000000000000000000e+00,0.000000000000000000e+00,0.000000000000000000e+00,1.395807554965220257e-02,9.862499670756421158e-03,2.301555946535424119e-05,2.484242864890230280e-05,2.901483075708095909e-09,2.901483075769812682e-09,0.000000000000000000e+00,2.901483075832878586e-09,0.000000000000000000e+00,0.000000000000000000e+00,0.000000000000000000e+00,0.000000000000000000e+00,0.000000000000000000e+00,0.000000000000000000e+00,0.000000000000000000e+00,0.000000000000000000e+00,0.000000000000000000e+00,0.000000000000000000e+00,0.000000000000000000e+00,0.000000000000000000e+00,0.000000000000000000e+00,0.000000000000000000e+00,0.000000000000000000e+00,2.484242864890230280e-05,0.000000000000000000e+00,0.000000000000000000e+00,0.000000000000000000e+00,0.000000000000000000e+00,0.000000000000000000e+00,0.000000000000000000e+00,0.000000000000000000e+00,0.000000000000000000e+00,0.000000000000000000e+00,0.000000000000000000e+00,0.000000000000000000e+00,0.000000000000000000e+00,0.000000000000000000e+00,0.000000000000000000e+00,0.000000000000000000e+00,0.000000000000000000e+00,0.000000000000000000e+00,0.000000000000000000e+00,0.000000000000000000e+00,0.000000000000000000e+00,0.000000000000000000e+00,0.000000000000000000e+00,0.000000000000000000e+00,0.000000000000000000e+00,0.000000000000000000e+00,0.000000000000000000e+00,0.000000000000000000e+00,0.000000000000000000e+00,0.000000000000000000e+00,0.000000000000000000e+00,0.000000000000000000e+00,0.000000000000000000e+00,0.000000000000000000e+00
0.000000000000000000e+00,0.000000000000000000e+00,0.000000000000000000e+00,0.000000000000000000e+00,0.000000000000000000e+00,0.000000000000000000e+00,0.000000000000000000e+00,0.000000000000000000e+00,0.000000000000000000e+00,0.000000000000000000e+00,0.000000000000000000e+00,0.000000000000000000e+00,6.597795576417059965e-03,0.000000000000000000e+00,0.000000000000000000e+00,0.000000000000000000e+00,0.000000000000000000e+00,0.000000000000000000e+00,0.000000000000000000e+00,0.000000000000000000e+00,0.000000000000000000e+00,0.000000000000000000e+00,0.000000000000000000e+00,0.000000000000000000e+00,0.000000000000000000e+00,0.000000000000000000e+00,0.000000000000000000e+00,0.000000000000000000e+00,6.598664274309052648e-03,0.000000000000000000e+00,2.141562164270138357e-03,1.706754750416525546e-10,6.597795576417059965e-03,1.706754750450121486e-10,4.539741893087746033e-04,0.000000000000000000e+00,0.000000000000000000e+00,0.000000000000000000e+00,0.000000000000000000e+00,0.000000000000000000e+00,0.000000000000000000e+00,0.000000000000000000e+00,0.000000000000000000e+00,0.000000000000000000e+00,0.000000000000000000e+00,0.000000000000000000e+00,6.598499580872511407e-03,3.819696881718326852e-05,3.819696881718326852e-05,1.706754750416525546e-10,1.706754750416525546e-10,1.706754750416525546e-10,1.706754750416542089e-10,1.706754750499359412e-10,1.377537273925250451e-06,3.791555257186501882e-02,0.000000000000000000e+00,0.000000000000000000e+00,0.000000000000000000e+00,0.000000000000000000e+00,0.000000000000000000e+00,0.000000000000000000e+00,0.000000000000000000e+00,0.000000000000000000e+00,0.000000000000000000e+00,2.872264917843015590e-06,2.911398568907292649e-08,3.438280675176924074e-05,1.706754750416525546e-10,1.706754750416525546e-10,1.706754750715055029e-10,1.706754750596213990e-10,1.706754750685983766e-10,1.353856439138482185e-06,1.377537273925250451e-06,3.755394231806771701e-05,1.706754750417745637e-10,0.000000000000000000e+00,0.000000000000000000e+00,0.000000000000000000e+00,0.000000000000000000e+00,0.000000000000000000e+00,5.215362021823452196e-03,5.215362021823452196e-03,3.148511836485430940e-04,8.438522938177851762e-05,8.438522938177851762e-05,1.706754750730390957e-10,2.927786184309575518e-02,1.706754750416525546e-10,1.706754750509314531e-10,1.353856439138482185e-06,2.479457684729322736e-04,2.479457684729322736e-04,1.706754750416525546e-10,1.706754750570116442e-10,1.706754750570116442e-10,3.451461100081496761e-05,0.000000000000000000e+00,0.000000000000000000e+00,0.000000000000000000e+00,6.777299420158186538e-03,3.037215960351698565e-04,1.280321429013937719e-05,1.791404840004195455e-05,6.619358292751630762e-04,1.706754750416525546e-10,1.706754750416674438e-10,2.927829737288644568e-02,5.869075220779984103e-07,1.600221236498024268e-05,4.986194014556660781e-04,4.781657730655898553e-04,1.706754750418064102e-10,1.706754750417745637e-10,1.706754750501282607e-10,1.706754750421438998e-10,2.105232138421865327e-09,1.359091718743648408e-06,0.000000000000000000e+00,2.380466909773966151e-05,2.380466909773966151e-05,1.692929926815496229e-05,8.659042886694501284e-04,1.791404840004195455e-05,4.759784764972758292e-04,1.615610657768667621e-04,1.706754750416674438e-10,5.869075220779696112e-07,3.693753923036295975e-04,1.087999324129156759e-03,4.986194014556660781e-04,1.706754750851461248e-10,1.706754750815425124e-10,1.706754750417745637e-10,1.706754750820578459e-10,1.210383740384382047e-08,1.706754750416525546e-10,1.706754750416525546e-10,1.706754750416525546e-10,6.901083778748491604e-03,1.323933823554638775e-04,1.706754750633598418e-10,8.913255759526381161e-04,1.715959616608024596e-03,2.255983001228228924e-04,2.255983001228228924e-04,2.351298100295817588e-05,1.231138647882115689e-03,5.003452535478934010e-02,7.818777083859126953e-04,1.706754750676127909e-10,1.706754750482484928e-10,1.706754750482484928e-10,1.706754750689466196e-10,1.210383740381634484e-08,1.210383740381957415e-08,1.210383740384360871e-08,1.706754750416525546e-10,1.706754750416554497e-10,2.657134747050554194e-08,1.706754750421592027e-10,1.706754750633598418e-10,5.014936300932852642e-02,2.864379001460755012e-02,1.382303982856457336e-03,1.584368358979758307e-03,9.617227163061861650e-04,5.121646991622095385e-02,5.003452535478934010e-02,4.948254038819958206e-02,1.706754750420289217e-10,1.706754750589315304e-10,1.706754750554155992e-10,1.210383740381634484e-08,5.988406840067515678e-07,1.210383740381957415e-08,1.706754750801507810e-10,1.706754750565608307e-10,1.706754750416554497e-10,1.706754750416575176e-10,1.706754750416575176e-10,2.300408497344696502e-07,1.706754750416525546e-10,1.706754750416525546e-10,5.305064818854191878e-05,4.330578828486038312e-04,5.083227886910278437e-02,5.083227886910278437e-02,2.307149111942759928e-02,1.706754750416525546e-10,1.706754750416525546e-10,1.706754750705302569e-10,1.706754750431571961e-10,3.347144618162782332e-07,3.347144618162782332e-07,2.927786184309575518e-02,1.806458201912673425e-09,1.806458201912673425e-09,4.234310211834638143e-09,1.706754750416525546e-10,2.651571570352885940e-09,2.651571570352912410e-09,1.706754750496410513e-10,1.706754750426124977e-10,1.706754750417882122e-10,1.706754750804208555e-10,6.549666584445136379e-05,5.202222141741884298e-02,4.600597252652138119e-02,6.622741055998214443e-04,4.280284617731444641e-04,9.854743441213087776e-05,5.275806931725520593e-04,1.868212835377412728e-02,2.927786187994189590e-02,4.234310211774737031e-09,4.234310211774512038e-09,4.234310211774512038e-09,4.456326790920808051e-02,2.651571570352700652e-09,2.651571570352978584e-09,2.651571570352912410e-09,1.706754750416533817e-10,1.706754750416525546e-10,1.706754750418738254e-10,1.706754750418738254e-10,1.706754750621182437e-10,9.566536241079857950e-04,4.600597252652138119e-02,1.219708353392301436e-03,1.392519334283623400e-03,2.093616504605003148e-03,2.093616504605003148e-03,6.860013278689701399e-04,7.564049851321175003e-06,4.234310211774737031e-09,3.521515335412426605e-08,4.488455416597129238e-02,4.456326790920808051e-02,2.651571570352700652e-09,2.651571570352700652e-09,1.706754750436067688e-10,1.706754750417882122e-10,1.706754750416525546e-10,1.706754750421356280e-10,1.706754750452127399e-10,1.706754750559904897e-10,2.873600241599636937e-02,5.455340836026667528e-04,1.706754750419635745e-10,1.706754750471706764e-10,7.863434135875111385e-05,4.119848299902594685e-04,1.374563573510053337e-04,2.304549144359607088e-04,1.531476690994754402e-05,4.458813287556809973e-02,4.458813287556809973e-02,0.000000000000000000e+00,2.651571570352700652e-09,1.706754750670577527e-10,1.706754750416525546e-10,1.706754750714045868e-10,1.706754750416525546e-10,1.706754750424243141e-10,2.185810858815447413e-04,1.706754750559904897e-10,1.706754750419416542e-10,1.706754750670453450e-10,1.706754750692291018e-10,1.706754750471706764e-10,1.161438562839499714e-04,2.950199942174961884e-04,1.374563573510053337e-04,1.706754750425636940e-10,3.658228543681977391e-04,2.042039462071904704e-02,0.000000000000000000e+00,0.000000000000000000e+00,1.799090698554868615e-05,1.706754750416529681e-10,1.706754750416525546e-10,1.706754750416525546e-10,1.706754750736867781e-10,1.706754750540561278e-10,1.706754750540561278e-10,1.398607996577422644e-04,1.706754750421951850e-10,2.927786184309575518e-02,6.652484598592507334e-03,6.814120224650868797e-07,1.473832291643928198e-04,1.473832291643928198e-04,4.056421701714128802e-04,6.277912387250947530e-05,6.277912387250947530e-05,0.000000000000000000e+00,0.000000000000000000e+00,0.000000000000000000e+00,0.000000000000000000e+00,1.294651063237296817e-07,1.140085386759254531e-07,1.706754750417820083e-10,1.706754750607269259e-10,1.706754750448814541e-10,1.706754750461019591e-10,1.706754750416542089e-10,3.991830225586693454e-06,2.927786184309575518e-02,1.706754750417745637e-10,5.345515989250130716e-06,4.380928644438144420e-04,5.146295460968131779e-06,0.000000000000000000e+00,0.000000000000000000e+00,0.000000000000000000e+00,0.000000000000000000e+00,0.000000000000000000e+00,0.000000000000000000e+00,0.000000000000000000e+00,0.000000000000000000e+00,9.362780935828719439e-05,1.076335686249669985e-07,1.706754750607269259e-10,1.141361553330974381e-04,1.706754768802314516e-10,1.706754750776584859e-10,1.706754750776584859e-10,1.706754750416525546e-10,1.706754750440505512e-10,1.706754750440505512e-10,1.706754750416525546e-10,0.000000000000000000e+00,0.000000000000000000e+00,0.000000000000000000e+00,0.000000000000000000e+00,0.000000000000000000e+00,0.000000000000000000e+00,0.000000000000000000e+00,0.000000000000000000e+00,0.000000000000000000e+00,0.000000000000000000e+00,4.485974856592193222e-02,4.461883233775159469e-02,1.353856439138485573e-06,1.461319332288369956e-06,1.706754750416525546e-10,1.706754750452830503e-10,0.000000000000000000e+00,1.706754750489929553e-10,0.000000000000000000e+00,0.000000000000000000e+00,0.000000000000000000e+00,0.000000000000000000e+00,0.000000000000000000e+00,0.000000000000000000e+00,0.000000000000000000e+00,0.000000000000000000e+00,0.000000000000000000e+00,0.000000000000000000e+00,0.000000000000000000e+00,0.000000000000000000e+00,0.000000000000000000e+00,0.000000000000000000e+00,0.000000000000000000e+00,1.461319332288369956e-06,0.000000000000000000e+00,0.000000000000000000e+00,0.000000000000000000e+00,0.000000000000000000e+00,0.000000000000000000e+00,0.000000000000000000e+00,0.000000000000000000e+00,0.000000000000000000e+00,0.000000000000000000e+00,0.000000000000000000e+00,0.000000000000000000e+00,0.000000000000000000e+00,0.000000000000000000e+00,0.000000000000000000e+00,0.000000000000000000e+00,0.000000000000000000e+00,0.000000000000000000e+00,0.000000000000000000e+00,0.000000000000000000e+00,0.000000000000000000e+00,0.000000000000000000e+00,0.000000000000000000e+00,0.000000000000000000e+00,0.000000000000000000e+00,0.000000000000000000e+00,0.000000000000000000e+00,0.000000000000000000e+00,0.000000000000000000e+00,0.000000000000000000e+00,0.000000000000000000e+00,0.000000000000000000e+00,0.000000000000000000e+00,0.000000000000000000e+00
0.000000000000000000e+00,0.000000000000000000e+00,0.000000000000000000e+00,0.000000000000000000e+00,0.000000000000000000e+00,0.000000000000000000e+00,0.000000000000000000e+00,0.000000000000000000e+00,0.000000000000000000e+00,0.000000000000000000e+00,0.000000000000000000e+00,0.000000000000000000e+00,1.559028313180071956e-02,0.000000000000000000e+00,0.000000000000000000e+00,0.000000000000000000e+00,0.000000000000000000e+00,0.000000000000000000e+00,0.000000000000000000e+00,0.000000000000000000e+00,0.000000000000000000e+00,0.000000000000000000e+00,0.000000000000000000e+00,0.000000000000000000e+00,0.000000000000000000e+00,0.000000000000000000e+00,0.000000000000000000e+00,0.000000000000000000e+00,1.979338621722473608e-03,0.000000000000000000e+00,6.424685980783990773e-04,0.000000000000000000e+00,1.559028313180071956e-02,1.353998347508226759e-03,9.067733631834928691e-04,0.000000000000000000e+00,0.000000000000000000e+00,0.000000000000000000e+00,0.000000000000000000e+00,0.000000000000000000e+00,0.000000000000000000e+00,0.000000000000000000e+00,0.000000000000000000e+00,0.000000000000000000e+00,0.000000000000000000e+00,0.000000000000000000e+00,1.979338621722474476e-03,0.000000000000000000e+00,0.000000000000000000e+00,0.000000000000000000e+00,0.000000000000000000e+00,0.000000000000000000e+00,5.621607935044738505e-03,1.105696196894463169e-03,2.794284427364018361e-07,1.211029060542470615e-02,0.000000000000000000e+00,0.000000000000000000e+00,0.000000000000000000e+00,0.000000000000000000e+00,0.000000000000000000e+00,0.000000000000000000e+00,0.000000000000000000e+00,0.000000000000000000e+00,0.000000000000000000e+00,0.000000000000000000e+00,0.000000000000000000e+00,0.000000000000000000e+00,0.000000000000000000e+00,0.000000000000000000e+00,0.000000000000000000e+00,0.000000000000000000e+00,0.000000000000000000e+00,9.796729716266717059e-04,2.794284427364018361e-07,2.794284427363657843e-07,0.000000000000000000e+00,0.000000000000000000e+00,0.000000000000000000e+00,0.000000000000000000e+00,0.000000000000000000e+00,0.000000000000000000e+00,1.549941141157060859e-03,1.549941141157060859e-03,0.000000000000000000e+00,0.000000000000000000e+00,0.000000000000000000e+00,0.000000000000000000e+00,8.783358501726082346e-03,0.000000000000000000e+00,0.000000000000000000e+00,2.771072676566373877e-02,0.000000000000000000e+00,0.000000000000000000e+00,0.000000000000000000e+00,0.000000000000000000e+00,0.000000000000000000e+00,0.000000000000000000e+00,0.000000000000000000e+00,0.000000000000000000e+00,0.000000000000000000e+00,1.979338621722473608e-03,0.000000000000000000e+00,1.297797805106569444e-19,0.000000000000000000e+00,0.000000000000000000e+00,0.000000000000000000e+00,0.000000000000000000e+00,8.783358501726082346e-03,0.000000000000000000e+00,0.000000000000000000e+00,4.774602360146815855e-02,0.000000000000000000e+00,0.000000000000000000e+00,0.000000000000000000e+00,0.000000000000000000e+00,0.000000000000000000e+00,0.000000000000000000e+00,0.000000000000000000e+00,0.000000000000000000e+00,4.205723812665644025e-06,4.205723812665644025e-06,0.000000000000000000e+00,0.000000000000000000e+00,0.000000000000000000e+00,0.000000000000000000e+00,0.000000000000000000e+00,0.000000000000000000e+00,0.000000000000000000e+00,1.758170542370556758e-03,5.989327635314144888e-02,4.774602360146815855e-02,0.000000000000000000e+00,0.000000000000000000e+00,0.000000000000000000e+00,0.000000000000000000e+00,0.000000000000000000e+00,0.000000000000000000e+00,0.000000000000000000e+00,0.000000000000000000e+00,1.979338621722474476e-03,0.000000000000000000e+00,0.000000000000000000e+00,0.000000000000000000e+00,0.000000000000000000e+00,0.000000000000000000e+00,0.000000000000000000e+00,0.000000000000000000e+00,0.000000000000000000e+00,2.714679515433688489e-02,0.000000000000000000e+00,0.000000000000000000e+00,0.000000000000000000e+00,0.000000000000000000e+00,0.000000000000000000e+00,0.000000000000000000e+00,0.000000000000000000e+00,0.000000000000000000e+00,0.000000000000000000e+00,0.000000000000000000e+00,5.703660973517522636e-05,6.133404291102611920e-04,0.000000000000000000e+00,2.335512216175819611e-02,8.469418325809899284e-03,0.000000000000000000e+00,0.000000000000000000e+00,4.092065069384823064e-05,2.603058341571303988e-02,2.714679515433688489e-02,1.484476206525722763e-02,0.000000000000000000e+00,0.000000000000000000e+00,0.000000000000000000e+00,4.442792080544164315e-03,0.000000000000000000e+00,0.000000000000000000e+00,0.000000000000000000e+00,0.000000000000000000e+00,0.000000000000000000e+00,2.794284427363657843e-07,2.794284427363657843e-07,2.794284427363787545e-07,2.794284427363679019e-07,2.794284427363679019e-07,0.000000000000000000e+00,4.092065069384837972e-05,5.304192845639815052e-02,5.304192845639815052e-02,9.040740891497549281e-02,4.590759941004526716e-03,4.590759941004526716e-03,0.000000000000000000e+00,4.442792080544164315e-03,0.000000000000000000e+00,0.000000000000000000e+00,8.783358501726082346e-03,0.000000000000000000e+00,0.000000000000000000e+00,0.000000000000000000e+00,2.794284427363657843e-07,2.794284427363781721e-07,0.000000000000000000e+00,0.000000000000000000e+00,0.000000000000000000e+00,0.000000000000000000e+00,2.794284427363657843e-07,0.000000000000000000e+00,3.171856880576025273e-02,1.346087107904939822e-02,1.678918751554496838e-02,0.000000000000000000e+00,0.000000000000000000e+00,0.000000000000000000e+00,5.593179415487082445e-03,8.783358501726082346e-03,0.000000000000000000e+00,4.399864390281738535e-04,0.000000000000000000e+00,1.640264625363182377e-02,2.794284427363710782e-07,0.000000000000000000e+00,0.000000000000000000e+00,0.000000000000000000e+00,0.000000000000000000e+00,2.794284427366860686e-07,2.794284427366860686e-07,1.133281153026782090e-02,1.130159437370517952e-02,1.346087107904939822e-02,2.794284427363872248e-07,2.794284427364881276e-07,0.000000000000000000e+00,0.000000000000000000e+00,0.000000000000000000e+00,0.000000000000000000e+00,0.000000000000000000e+00,7.717470384981309483e-19,1.858043664705710807e-02,1.640264625363182377e-02,0.000000000000000000e+00,0.000000000000000000e+00,0.000000000000000000e+00,0.000000000000000000e+00,2.750203421878359156e-07,2.794284427376407277e-07,2.794284427378089167e-07,2.074594687445286204e-02,2.083297800678780842e-02,2.794284427363789133e-07,2.794284427374416749e-07,0.000000000000000000e+00,0.000000000000000000e+00,0.000000000000000000e+00,2.497811606856488470e-19,0.000000000000000000e+00,3.273870006382205433e-05,1.595296952924573491e-02,1.595296952924573491e-02,0.000000000000000000e+00,0.000000000000000000e+00,0.000000000000000000e+00,0.000000000000000000e+00,0.000000000000000000e+00,2.750203421878359156e-07,2.794284427363657843e-07,1.695192537639862024e-02,2.074594687445286204e-02,2.794284427363820367e-07,2.794284427365194678e-07,2.794284427363680607e-07,0.000000000000000000e+00,0.000000000000000000e+00,0.000000000000000000e+00,2.497811606856488470e-19,0.000000000000000000e+00,0.000000000000000000e+00,6.116148781086268651e-03,0.000000000000000000e+00,0.000000000000000000e+00,0.000000000000000000e+00,0.000000000000000000e+00,0.000000000000000000e+00,0.000000000000000000e+00,2.794284427365494846e-07,1.632723500970148164e-02,1.632723500970148164e-02,2.794284427364556757e-07,2.794284427390320852e-07,8.816376630232641148e-03,2.011989892613699586e-03,3.273870006382233216e-05,0.000000000000000000e+00,0.000000000000000000e+00,0.000000000000000000e+00,0.000000000000000000e+00,0.000000000000000000e+00,0.000000000000000000e+00,0.000000000000000000e+00,0.000000000000000000e+00,0.000000000000000000e+00,2.794284427363754193e-07,1.393543458520098737e-07,2.794284427386863899e-07,9.901491633812745021e-04,1.120988933150960168e-02,2.794284427379386186e-07,3.301812850655793524e-05,2.213744759203943940e-05,8.816376630232641148e-03,2.794284427387312297e-07,0.000000000000000000e+00,0.000000000000000000e+00,0.000000000000000000e+00,0.000000000000000000e+00,0.000000000000000000e+00,0.000000000000000000e+00,0.000000000000000000e+00,0.000000000000000000e+00,0.000000000000000000e+00,0.000000000000000000e+00,0.000000000000000000e+00,2.794284427363719253e-07,2.983602661187790411e-04,9.901491633812745021e-04,5.364273420413552540e-02,2.794284427369526722e-07,1.364045251374095512e-03,1.364045251374095512e-03,2.794284427370061941e-07,0.000000000000000000e+00,0.000000000000000000e+00,0.000000000000000000e+00,0.000000000000000000e+00,0.000000000000000000e+00,0.000000000000000000e+00,0.000000000000000000e+00,0.000000000000000000e+00,0.000000000000000000e+00,0.000000000000000000e+00,0.000000000000000000e+00,0.000000000000000000e+00,0.000000000000000000e+00,1.372174213141583166e-02,1.854163520201588741e-02,5.422705007548450466e-03,5.422705007548451334e-03,2.794284427363635608e-07,2.794284427363953775e-07,0.000000000000000000e+00,0.000000000000000000e+00,0.000000000000000000e+00,0.000000000000000000e+00,0.000000000000000000e+00,0.000000000000000000e+00,0.000000000000000000e+00,0.000000000000000000e+00,0.000000000000000000e+00,0.000000000000000000e+00,0.000000000000000000e+00,0.000000000000000000e+00,0.000000000000000000e+00,0.000000000000000000e+00,0.000000000000000000e+00,0.000000000000000000e+00,0.000000000000000000e+00,5.422705007548451334e-03,0.000000000000000000e+00,0.000000000000000000e+00,0.000000000000000000e+00,0.000000000000000000e+00,0.000000000000000000e+00,0.000000000000000000e+00,0.000000000000000000e+00,0.000000000000000000e+00,0.000000000000000000e+00,0.000000000000000000e+00,0.000000000000000000e+00,0.000000000000000000e+00,0.000000000000000000e+00,0.000000000000000000e+00,0.000000000000000000e+00,0.000000000000000000e+00,0.000000000000000000e+00,0.000000000000000000e+00,0.000000000000000000e+00,0.000000000000000000e+00,0.000000000000000000e+00,0.000000000000000000e+00,0.000000000000000000e+00,0.000000000000000000e+00,0.000000000000000000e+00,0.000000000000000000e+00,0.000000000000000000e+00,0.000000000000000000e+00,0.000000000000000000e+00,0.000000000000000000e+00,0.000000000000000000e+00,0.000000000000000000e+00,0.000000000000000000e+00
0.000000000000000000e+00,0.000000000000000000e+00,0.000000000000000000e+00,0.000000000000000000e+00,0.000000000000000000e+00,0.000000000000000000e+00,0.000000000000000000e+00,0.000000000000000000e+00,0.000000000000000000e+00,0.000000000000000000e+00,0.000000000000000000e+00,0.000000000000000000e+00,1.284439601619577140e-02,0.000000000000000000e+00,0.000000000000000000e+00,0.000000000000000000e+00,0.000000000000000000e+00,0.000000000000000000e+00,0.000000000000000000e+00,0.000000000000000000e+00,0.000000000000000000e+00,0.000000000000000000e+00,0.000000000000000000e+00,0.000000000000000000e+00,0.000000000000000000e+00,0.000000000000000000e+00,0.000000000000000000e+00,0.000000000000000000e+00,0.000000000000000000e+00,0.000000000000000000e+00,0.000000000000000000e+00,0.000000000000000000e+00,1.284439601619577140e-02,6.304137042228573524e-03,2.034113238277903551e-02,0.000000000000000000e+00,0.000000000000000000e+00,0.000000000000000000e+00,0.000000000000000000e+00,0.000000000000000000e+00,0.000000000000000000e+00,0.000000000000000000e+00,0.000000000000000000e+00,0.000000000000000000e+00,0.000000000000000000e+00,0.000000000000000000e+00,1.817654590894027672e-20,0.000000000000000000e+00,0.000000000000000000e+00,0.000000000000000000e+00,0.000000000000000000e+00,0.000000000000000000e+00,4.122512485699474614e-03,7.533278672935912745e-03,2.049141913400279920e-07,6.515925095755681481e-04,0.000000000000000000e+00,0.000000000000000000e+00,0.000000000000000000e+00,0.000000000000000000e+00,0.000000000000000000e+00,0.000000000000000000e+00,0.000000000000000000e+00,0.000000000000000000e+00,0.000000000000000000e+00,0.000000000000000000e+00,0.000000000000000000e+00,0.000000000000000000e+00,0.000000000000000000e+00,0.000000000000000000e+00,0.000000000000000000e+00,0.000000000000000000e+00,2.232690605525593924e-03,7.184268458595593522e-04,2.049141913400279920e-07,2.049141913400015751e-07,0.000000000000000000e+00,0.000000000000000000e+00,0.000000000000000000e+00,0.000000000000000000e+00,0.000000000000000000e+00,0.000000000000000000e+00,1.656100452767222345e-03,1.656100452767222345e-03,1.351921007543901174e-04,0.000000000000000000e+00,0.000000000000000000e+00,0.000000000000000000e+00,0.000000000000000000e+00,0.000000000000000000e+00,0.000000000000000000e+00,3.543379869197092746e-02,1.480385171155174963e-02,1.480385171155174963e-02,0.000000000000000000e+00,0.000000000000000000e+00,0.000000000000000000e+00,0.000000000000000000e+00,0.000000000000000000e+00,0.000000000000000000e+00,0.000000000000000000e+00,4.204834878687362630e-03,0.000000000000000000e+00,0.000000000000000000e+00,0.000000000000000000e+00,2.886726040558021222e-19,0.000000000000000000e+00,0.000000000000000000e+00,0.000000000000000000e+00,0.000000000000000000e+00,0.000000000000000000e+00,4.651029323800665721e-02,1.669887856338787835e-02,0.000000000000000000e+00,0.000000000000000000e+00,0.000000000000000000e+00,0.000000000000000000e+00,0.000000000000000000e+00,0.000000000000000000e+00,0.000000000000000000e+00,3.084197462621471833e-06,3.084197462621471833e-06,0.000000000000000000e+00,0.000000000000000000e+00,0.000000000000000000e+00,0.000000000000000000e+00,0.000000000000000000e+00,0.000000000000000000e+00,0.000000000000000000e+00,1.289325064405075043e-03,5.305634909266420535e-02,4.651029323800665721e-02,0.000000000000000000e+00,0.000000000000000000e+00,0.000000000000000000e+00,0.000000000000000000e+00,0.000000000000000000e+00,0.000000000000000000e+00,0.000000000000000000e+00,0.000000000000000000e+00,0.000000000000000000e+00,0.000000000000000000e+00,0.000000000000000000e+00,0.000000000000000000e+00,0.000000000000000000e+00,0.000000000000000000e+00,0.000000000000000000e+00,0.000000000000000000e+00,0.000000000000000000e+00,3.580157472779640915e-02,2.125652679996677813e-02,0.000000000000000000e+00,0.000000000000000000e+00,0.000000000000000000e+00,0.000000000000000000e+00,0.000000000000000000e+00,0.000000000000000000e+00,0.000000000000000000e+00,0.000000000000000000e+00,0.000000000000000000e+00,4.182684713912849481e-05,9.678841592414733248e-04,0.000000000000000000e+00,7.188495622269249624e-03,0.000000000000000000e+00,0.000000000000000000e+00,0.000000000000000000e+00,3.000847717548870563e-05,2.185964568030793892e-02,3.580157472779640915e-02,0.000000000000000000e+00,0.000000000000000000e+00,0.000000000000000000e+00,0.000000000000000000e+00,3.258047525732387338e-03,0.000000000000000000e+00,0.000000000000000000e+00,0.000000000000000000e+00,0.000000000000000000e+00,0.000000000000000000e+00,9.045945766552182250e-05,9.045945766552182250e-05,2.049141913400110513e-07,2.049141913400031633e-07,2.049141913400031633e-07,0.000000000000000000e+00,3.000847717548881405e-05,4.009337295993388450e-02,4.009337295993388450e-02,1.022544880509806686e-01,3.366557290069985883e-03,3.366557290069985883e-03,0.000000000000000000e+00,3.258047525732387338e-03,0.000000000000000000e+00,0.000000000000000000e+00,0.000000000000000000e+00,0.000000000000000000e+00,0.000000000000000000e+00,0.000000000000000000e+00,2.049141913400015751e-07,2.049141913400106807e-07,0.000000000000000000e+00,0.000000000000000000e+00,0.000000000000000000e+00,0.000000000000000000e+00,2.049141913400015751e-07,0.000000000000000000e+00,5.866984936901534220e-02,6.745527846809765832e-05,4.389299011636541015e-02,0.000000000000000000e+00,0.000000000000000000e+00,0.000000000000000000e+00,0.000000000000000000e+00,0.000000000000000000e+00,0.000000000000000000e+00,3.226567219539941953e-04,0.000000000000000000e+00,5.548686712979884056e-03,2.049141913400054397e-07,0.000000000000000000e+00,0.000000000000000000e+00,0.000000000000000000e+00,0.000000000000000000e+00,2.049141913402364150e-07,2.049141913402364150e-07,8.310728455529735326e-03,1.429704870819814566e-02,6.745527846809765832e-05,2.049141913400172982e-07,2.049141913400912812e-07,0.000000000000000000e+00,0.000000000000000000e+00,0.000000000000000000e+00,0.000000000000000000e+00,0.000000000000000000e+00,0.000000000000000000e+00,3.821803361673750329e-03,5.548686712979884056e-03,0.000000000000000000e+00,0.000000000000000000e+00,0.000000000000000000e+00,0.000000000000000000e+00,2.016815842710796255e-07,2.049141913409364878e-07,2.049141913410598899e-07,2.039137090766046656e-02,1.423909845527311646e-02,2.049141913400112366e-07,2.049141913407905334e-07,0.000000000000000000e+00,0.000000000000000000e+00,0.000000000000000000e+00,3.419680157395046461e-04,3.419680157395046461e-04,3.659763957863071643e-04,2.236962157684915364e-03,2.236962157684915364e-03,0.000000000000000000e+00,0.000000000000000000e+00,0.000000000000000000e+00,0.000000000000000000e+00,0.000000000000000000e+00,2.016815842710796255e-07,2.049141913400015751e-07,2.751096082003953724e-02,2.039137090766046656e-02,2.049141913400135395e-07,2.049141913401142835e-07,2.049141913400032692e-07,0.000000000000000000e+00,0.000000000000000000e+00,3.196490333808628273e-04,3.419680157395046461e-04,3.419680157395046461e-04,0.000000000000000000e+00,3.659763957863074353e-04,0.000000000000000000e+00,0.000000000000000000e+00,0.000000000000000000e+00,0.000000000000000000e+00,0.000000000000000000e+00,0.000000000000000000e+00,2.049141913401362534e-07,1.197330567378108654e-02,1.197330567378108654e-02,2.049141913400674849e-07,2.049141913419568978e-07,2.421329423814249420e-05,1.191268044163215761e-05,2.400838004680304674e-05,2.676947284954269649e-03,2.676947284954269649e-03,0.000000000000000000e+00,0.000000000000000000e+00,0.000000000000000000e+00,0.000000000000000000e+00,0.000000000000000000e+00,0.000000000000000000e+00,0.000000000000000000e+00,2.049141913400086690e-07,1.021931869581405688e-07,2.049141913417033702e-07,7.261093864796012076e-04,8.220585509773708360e-03,2.049141913411549693e-07,2.421329423814248743e-05,1.623412823416225579e-05,2.421329423814249420e-05,2.049141913417362457e-07,0.000000000000000000e+00,0.000000000000000000e+00,0.000000000000000000e+00,0.000000000000000000e+00,0.000000000000000000e+00,0.000000000000000000e+00,0.000000000000000000e+00,0.000000000000000000e+00,0.000000000000000000e+00,0.000000000000000000e+00,0.000000000000000000e+00,2.049141913400061015e-07,2.187975284871045958e-04,7.261093864796012076e-04,6.136197680868839266e-02,2.049141913400342918e-07,1.528064683058064305e-03,1.528064683058064305e-03,4.670200978567668495e-05,1.372705510098097548e-02,1.372705510098097548e-02,0.000000000000000000e+00,0.000000000000000000e+00,0.000000000000000000e+00,0.000000000000000000e+00,0.000000000000000000e+00,0.000000000000000000e+00,0.000000000000000000e+00,0.000000000000000000e+00,0.000000000000000000e+00,0.000000000000000000e+00,0.000000000000000000e+00,2.587607168701468716e-04,8.593690904418808257e-03,2.783537024455994338e-02,4.105161831769750698e-03,4.730088565446457935e-05,8.794856009481643103e-03,0.000000000000000000e+00,5.939063106878231810e-04,0.000000000000000000e+00,0.000000000000000000e+00,0.000000000000000000e+00,0.000000000000000000e+00,0.000000000000000000e+00,0.000000000000000000e+00,0.000000000000000000e+00,0.000000000000000000e+00,0.000000000000000000e+00,0.000000000000000000e+00,0.000000000000000000e+00,0.000000000000000000e+00,0.000000000000000000e+00,0.000000000000000000e+00,0.000000000000000000e+00,4.105161831769750698e-03,0.000000000000000000e+00,0.000000000000000000e+00,0.000000000000000000e+00,0.000000000000000000e+00,0.000000000000000000e+00,0.000000000000000000e+00,0.000000000000000000e+00,0.000000000000000000e+00,0.000000000000000000e+00,0.000000000000000000e+00,0.000000000000000000e+00,0.000000000000000000e+00,0.000000000000000000e+00,0.000000000000000000e+00,0.000000000000000000e+00,0.000000000000000000e+00,0.000000000000000000e+00,0.000000000000000000e+00,0.000000000000000000e+00,0.000000000000000000e+00,0.000000000000000000e+00,0.000000000000000000e+00,0.000000000000000000e+00,0.000000000000000000e+00,0.000000000000000000e+00,0.000000000000000000e+00,0.000000000000000000e+00,0.000000000000000000e+00,0.000000000000000000e+00,0.000000000000000000e+00,0.000000000000000000e+00,0.000000000000000000e+00,0.000000000000000000e+00
0.000000000000000000e+00,0.000000000000000000e+00,0.000000000000000000e+00,0.000000000000000000e+00,0.000000000000000000e+00,0.000000000000000000e+00,0.000000000000000000e+00,0.000000000000000000e+00,0.000000000000000000e+00,0.000000000000000000e+00,0.000000000000000000e+00,0.000000000000000000e+00,4.580858734088092549e-03,0.000000000000000000e+00,0.000000000000000000e+00,0.000000000000000000e+00,0.000000000000000000e+00,0.000000000000000000e+00,0.000000000000000000e+00,0.000000000000000000e+00,0.000000000000000000e+00,0.000000000000000000e+00,0.000000000000000000e+00,0.000000000000000000e+00,0.000000000000000000e+00,0.000000000000000000e+00,0.000000000000000000e+00,0.000000000000000000e+00,4.094534631875666958e-04,0.000000000000000000e+00,3.613332115780112853e-21,0.000000000000000000e+00,4.580858734088092549e-03,8.497927873156065418e-03,3.433919800005887785e-02,0.000000000000000000e+00,0.000000000000000000e+00,0.000000000000000000e+00,0.000000000000000000e+00,0.000000000000000000e+00,0.000000000000000000e+00,0.000000000000000000e+00,0.000000000000000000e+00,0.000000000000000000e+00,0.000000000000000000e+00,0.000000000000000000e+00,1.367083062536784835e-03,0.000000000000000000e+00,0.000000000000000000e+00,0.000000000000000000e+00,0.000000000000000000e+00,0.000000000000000000e+00,0.000000000000000000e+00,1.273503021213012038e-02,1.212564846386058118e-02,2.857333600414385839e-03,0.000000000000000000e+00,0.000000000000000000e+00,0.000000000000000000e+00,0.000000000000000000e+00,0.000000000000000000e+00,0.000000000000000000e+00,0.000000000000000000e+00,0.000000000000000000e+00,0.000000000000000000e+00,9.917055378060344456e-03,0.000000000000000000e+00,0.000000000000000000e+00,0.000000000000000000e+00,0.000000000000000000e+00,0.000000000000000000e+00,0.000000000000000000e+00,3.572304968840950279e-03,2.938339967367583055e-03,1.212564846386058118e-02,0.000000000000000000e+00,0.000000000000000000e+00,0.000000000000000000e+00,0.000000000000000000e+00,0.000000000000000000e+00,0.000000000000000000e+00,0.000000000000000000e+00,6.003009264339149650e-03,6.003009264339149650e-03,2.163073612070241986e-04,0.000000000000000000e+00,0.000000000000000000e+00,0.000000000000000000e+00,0.000000000000000000e+00,0.000000000000000000e+00,0.000000000000000000e+00,2.418015850210803591e-02,2.368616273848279941e-02,2.368616273848279941e-02,0.000000000000000000e+00,0.000000000000000000e+00,0.000000000000000000e+00,0.000000000000000000e+00,0.000000000000000000e+00,0.000000000000000000e+00,0.000000000000000000e+00,7.144472189268528603e-03,9.576295993492181394e-04,0.000000000000000000e+00,0.000000000000000000e+00,6.089282865284151303e-03,6.089282865284150435e-03,6.089282865284150435e-03,0.000000000000000000e+00,1.291238034255155972e-19,0.000000000000000000e+00,2.130372010410649941e-02,2.671820570142060397e-02,0.000000000000000000e+00,0.000000000000000000e+00,0.000000000000000000e+00,0.000000000000000000e+00,0.000000000000000000e+00,0.000000000000000000e+00,0.000000000000000000e+00,0.000000000000000000e+00,0.000000000000000000e+00,0.000000000000000000e+00,0.000000000000000000e+00,0.000000000000000000e+00,1.679922584347426058e-03,0.000000000000000000e+00,6.089282865284150435e-03,0.000000000000000000e+00,5.421702092992116209e-03,1.470908504445955257e-02,2.130372010410649941e-02,0.000000000000000000e+00,0.000000000000000000e+00,0.000000000000000000e+00,0.000000000000000000e+00,0.000000000000000000e+00,0.000000000000000000e+00,0.000000000000000000e+00,0.000000000000000000e+00,0.000000000000000000e+00,6.941785109700521678e-20,0.000000000000000000e+00,0.000000000000000000e+00,0.000000000000000000e+00,0.000000000000000000e+00,0.000000000000000000e+00,0.000000000000000000e+00,0.000000000000000000e+00,5.372879819804742690e-02,3.678990164975649846e-02,0.000000000000000000e+00,0.000000000000000000e+00,0.000000000000000000e+00,0.000000000000000000e+00,0.000000000000000000e+00,0.000000000000000000e+00,0.000000000000000000e+00,0.000000000000000000e+00,0.000000000000000000e+00,0.000000000000000000e+00,8.289618846303175876e-04,0.000000000000000000e+00,1.516103815736333715e-03,0.000000000000000000e+00,0.000000000000000000e+00,0.000000000000000000e+00,0.000000000000000000e+00,3.267801592649990927e-02,5.372879819804742690e-02,0.000000000000000000e+00,0.000000000000000000e+00,0.000000000000000000e+00,0.000000000000000000e+00,0.000000000000000000e+00,0.000000000000000000e+00,0.000000000000000000e+00,0.000000000000000000e+00,0.000000000000000000e+00,0.000000000000000000e+00,1.444072695586911116e-04,1.444072695586911116e-04,0.000000000000000000e+00,0.000000000000000000e+00,0.000000000000000000e+00,0.000000000000000000e+00,0.000000000000000000e+00,1.933138817028886777e-02,1.933138817028886777e-02,7.338453446057635610e-02,2.492507921887409002e-03,2.492507921887409002e-03,0.000000000000000000e+00,0.000000000000000000e+00,0.000000000000000000e+00,0.000000000000000000e+00,0.000000000000000000e+00,0.000000000000000000e+00,0.000000000000000000e+00,0.000000000000000000e+00,0.000000000000000000e+00,0.000000000000000000e+00,0.000000000000000000e+00,0.000000000000000000e+00,0.000000000000000000e+00,0.000000000000000000e+00,0.000000000000000000e+00,0.000000000000000000e+00,7.987340015264962623e-02,7.574048848942656516e-04,5.737615858479030301e-02,0.000000000000000000e+00,0.000000000000000000e+00,0.000000000000000000e+00,0.000000000000000000e+00,0.000000000000000000e+00,0.000000000000000000e+00,0.000000000000000000e+00,0.000000000000000000e+00,5.318287423708810760e-03,0.000000000000000000e+00,0.000000000000000000e+00,0.000000000000000000e+00,0.000000000000000000e+00,0.000000000000000000e+00,0.000000000000000000e+00,0.000000000000000000e+00,0.000000000000000000e+00,1.037214541953055541e-02,7.574048848942656516e-04,9.268314863446194471e-03,9.268314863446194471e-03,0.000000000000000000e+00,0.000000000000000000e+00,0.000000000000000000e+00,5.105477241714291448e-06,0.000000000000000000e+00,4.544504292449210890e-05,4.544504292449205469e-05,5.318287423708810760e-03,0.000000000000000000e+00,0.000000000000000000e+00,0.000000000000000000e+00,0.000000000000000000e+00,0.000000000000000000e+00,0.000000000000000000e+00,0.000000000000000000e+00,8.284282452898725918e-03,8.284282452898725918e-03,9.268314863446194471e-03,6.948874766853138998e-03,0.000000000000000000e+00,0.000000000000000000e+00,3.094850716398505697e-20,5.925938681076996402e-04,5.925938681076999654e-04,5.925938681076996402e-04,5.925938681076998570e-04,5.925938681076998570e-04,0.000000000000000000e+00,0.000000000000000000e+00,0.000000000000000000e+00,0.000000000000000000e+00,0.000000000000000000e+00,0.000000000000000000e+00,0.000000000000000000e+00,2.412727820375554569e-02,8.284282452898725918e-03,0.000000000000000000e+00,0.000000000000000000e+00,0.000000000000000000e+00,0.000000000000000000e+00,4.544504292449225798e-05,8.455562741520912398e-04,5.925938681076996402e-04,5.925938681076998570e-04,4.094534631875668042e-04,5.925938681077001823e-04,0.000000000000000000e+00,0.000000000000000000e+00,0.000000000000000000e+00,0.000000000000000000e+00,0.000000000000000000e+00,0.000000000000000000e+00,0.000000000000000000e+00,0.000000000000000000e+00,0.000000000000000000e+00,0.000000000000000000e+00,0.000000000000000000e+00,0.000000000000000000e+00,0.000000000000000000e+00,4.544504292449233929e-05,4.328560698851323559e-03,4.328560698851323559e-03,5.172319000444788178e-03,5.841284642260784025e-03,5.841284642260784025e-03,0.000000000000000000e+00,0.000000000000000000e+00,0.000000000000000000e+00,0.000000000000000000e+00,1.500883796201215150e-03,0.000000000000000000e+00,0.000000000000000000e+00,0.000000000000000000e+00,0.000000000000000000e+00,0.000000000000000000e+00,0.000000000000000000e+00,0.000000000000000000e+00,0.000000000000000000e+00,5.444305245648748716e-03,8.048344190777574538e-04,4.544504292449225798e-05,3.536200779353607018e-03,0.000000000000000000e+00,0.000000000000000000e+00,0.000000000000000000e+00,0.000000000000000000e+00,0.000000000000000000e+00,0.000000000000000000e+00,0.000000000000000000e+00,0.000000000000000000e+00,1.639070669732728327e-03,1.260204762928304311e-03,0.000000000000000000e+00,3.523835476104907050e-02,0.000000000000000000e+00,8.444237312806308470e-04,8.444237312806308470e-04,6.951028410617937810e-03,2.338095918746870006e-02,2.338095918746870006e-02,4.094534631875665332e-04,0.000000000000000000e+00,0.000000000000000000e+00,0.000000000000000000e+00,0.000000000000000000e+00,0.000000000000000000e+00,0.000000000000000000e+00,0.000000000000000000e+00,0.000000000000000000e+00,0.000000000000000000e+00,0.000000000000000000e+00,7.484796394494197883e-03,1.220309849417444692e-02,3.817395184910572781e-02,2.056183886414186574e-04,7.535355434099931385e-05,1.548911277836362461e-02,0.000000000000000000e+00,2.367921122999658030e-03,0.000000000000000000e+00,0.000000000000000000e+00,0.000000000000000000e+00,0.000000000000000000e+00,0.000000000000000000e+00,0.000000000000000000e+00,0.000000000000000000e+00,0.000000000000000000e+00,0.000000000000000000e+00,0.000000000000000000e+00,0.000000000000000000e+00,0.000000000000000000e+00,0.000000000000000000e+00,0.000000000000000000e+00,0.000000000000000000e+00,2.056183886414186574e-04,0.000000000000000000e+00,0.000000000000000000e+00,0.000000000000000000e+00,0.000000000000000000e+00,0.000000000000000000e+00,0.000000000000000000e+00,0.000000000000000000e+00,0.000000000000000000e+00,0.000000000000000000e+00,0.000000000000000000e+00,0.000000000000000000e+00,0.000000000000000000e+00,0.000000000000000000e+00,0.000000000000000000e+00,0.000000000000000000e+00,0.000000000000000000e+00,0.000000000000000000e+00,0.000000000000000000e+00,0.000000000000000000e+00,0.000000000000000000e+00,0.000000000000000000e+00,0.000000000000000000e+00,0.000000000000000000e+00,0.000000000000000000e+00,0.000000000000000000e+00,0.000000000000000000e+00,0.000000000000000000e+00,0.000000000000000000e+00,0.000000000000000000e+00,0.000000000000000000e+00,0.000000000000000000e+00,0.000000000000000000e+00,0.000000000000000000e+00
0.000000000000000000e+00,0.000000000000000000e+00,0.000000000000000000e+00,0.000000000000000000e+00,0.000000000000000000e+00,0.000000000000000000e+00,0.000000000000000000e+00,0.000000000000000000e+00,0.000000000000000000e+00,0.000000000000000000e+00,0.000000000000000000e+00,0.000000000000000000e+00,0.000000000000000000e+00,0.000000000000000000e+00,0.000000000000000000e+00,0.000000000000000000e+00,0.000000000000000000e+00,0.000000000000000000e+00,0.000000000000000000e+00,0.000000000000000000e+00,0.000000000000000000e+00,0.000000000000000000e+00,0.000000000000000000e+00,0.000000000000000000e+00,0.000000000000000000e+00,0.000000000000000000e+00,0.000000000000000000e+00,0.000000000000000000e+00,1.719704545387779927e-03,0.000000000000000000e+00,1.517599488627647263e-20,0.000000000000000000e+00,0.000000000000000000e+00,0.000000000000000000e+00,1.200080112174042000e-02,0.000000000000000000e+00,0.000000000000000000e+00,0.000000000000000000e+00,0.000000000000000000e+00,0.000000000000000000e+00,0.000000000000000000e+00,0.000000000000000000e+00,0.000000000000000000e+00,0.000000000000000000e+00,0.000000000000000000e+00,0.000000000000000000e+00,5.741748862654496091e-03,0.000000000000000000e+00,0.000000000000000000e+00,0.000000000000000000e+00,0.000000000000000000e+00,0.000000000000000000e+00,0.000000000000000000e+00,8.312365067113082831e-03,5.092772354821444025e-02,1.200080112174042000e-02,0.000000000000000000e+00,0.000000000000000000e+00,0.000000000000000000e+00,0.000000000000000000e+00,0.000000000000000000e+00,0.000000000000000000e+00,0.000000000000000000e+00,0.000000000000000000e+00,0.000000000000000000e+00,4.165163258785344047e-02,0.000000000000000000e+00,0.000000000000000000e+00,0.000000000000000000e+00,0.000000000000000000e+00,0.000000000000000000e+00,0.000000000000000000e+00,0.000000000000000000e+00,1.234102786294384926e-02,5.092772354821444025e-02,0.000000000000000000e+00,0.000000000000000000e+00,0.000000000000000000e+00,0.000000000000000000e+00,0.000000000000000000e+00,0.000000000000000000e+00,0.000000000000000000e+00,1.408364386762869271e-02,1.408364386762869271e-02,0.000000000000000000e+00,0.000000000000000000e+00,0.000000000000000000e+00,0.000000000000000000e+00,0.000000000000000000e+00,0.000000000000000000e+00,0.000000000000000000e+00,0.000000000000000000e+00,0.000000000000000000e+00,0.000000000000000000e+00,0.000000000000000000e+00,0.000000000000000000e+00,0.000000000000000000e+00,0.000000000000000000e+00,0.000000000000000000e+00,0.000000000000000000e+00,0.000000000000000000e+00,1.750292810148742877e-03,4.022044317266716164e-03,0.000000000000000000e+00,0.000000000000000000e+00,2.557498803419343270e-02,2.557498803419343270e-02,2.557498803419343270e-02,0.000000000000000000e+00,5.423199743871654794e-19,0.000000000000000000e+00,1.221885818587764745e-02,0.000000000000000000e+00,0.000000000000000000e+00,0.000000000000000000e+00,0.000000000000000000e+00,0.000000000000000000e+00,0.000000000000000000e+00,0.000000000000000000e+00,0.000000000000000000e+00,0.000000000000000000e+00,0.000000000000000000e+00,0.000000000000000000e+00,0.000000000000000000e+00,0.000000000000000000e+00,7.055674854259189055e-03,0.000000000000000000e+00,2.557498803419343270e-02,0.000000000000000000e+00,2.277114879056688773e-02,3.935571523077546242e-04,1.221885818587764745e-02,0.000000000000000000e+00,0.000000000000000000e+00,0.000000000000000000e+00,0.000000000000000000e+00,0.000000000000000000e+00,0.000000000000000000e+00,0.000000000000000000e+00,0.000000000000000000e+00,0.000000000000000000e+00,2.915549746074218672e-19,0.000000000000000000e+00,0.000000000000000000e+00,0.000000000000000000e+00,0.000000000000000000e+00,0.000000000000000000e+00,0.000000000000000000e+00,0.000000000000000000e+00,4.569878932399189242e-02,1.167372683320056642e-02,0.000000000000000000e+00,0.000000000000000000e+00,0.000000000000000000e+00,0.000000000000000000e+00,0.000000000000000000e+00,0.000000000000000000e+00,0.000000000000000000e+00,0.000000000000000000e+00,0.000000000000000000e+00,0.000000000000000000e+00,2.034559232866705974e-19,0.000000000000000000e+00,0.000000000000000000e+00,0.000000000000000000e+00,0.000000000000000000e+00,0.000000000000000000e+00,0.000000000000000000e+00,4.547457553467650765e-02,4.569878932399189242e-02,0.000000000000000000e+00,0.000000000000000000e+00,0.000000000000000000e+00,0.000000000000000000e+00,0.000000000000000000e+00,0.000000000000000000e+00,0.000000000000000000e+00,0.000000000000000000e+00,0.000000000000000000e+00,0.000000000000000000e+00,7.948976927351034851e-19,7.948976927351034851e-19,0.000000000000000000e+00,0.000000000000000000e+00,0.000000000000000000e+00,0.000000000000000000e+00,0.000000000000000000e+00,0.000000000000000000e+00,0.000000000000000000e+00,3.499354054399624742e-02,1.046853327192711659e-02,1.046853327192711659e-02,0.000000000000000000e+00,0.000000000000000000e+00,0.000000000000000000e+00,0.000000000000000000e+00,0.000000000000000000e+00,0.000000000000000000e+00,0.000000000000000000e+00,0.000000000000000000e+00,0.000000000000000000e+00,0.000000000000000000e+00,0.000000000000000000e+00,0.000000000000000000e+00,0.000000000000000000e+00,0.000000000000000000e+00,0.000000000000000000e+00,0.000000000000000000e+00,2.436101249854422113e-02,3.181100516555915737e-03,2.875608855074935494e-02,0.000000000000000000e+00,0.000000000000000000e+00,0.000000000000000000e+00,0.000000000000000000e+00,0.000000000000000000e+00,0.000000000000000000e+00,0.000000000000000000e+00,0.000000000000000000e+00,0.000000000000000000e+00,0.000000000000000000e+00,0.000000000000000000e+00,0.000000000000000000e+00,0.000000000000000000e+00,0.000000000000000000e+00,0.000000000000000000e+00,0.000000000000000000e+00,0.000000000000000000e+00,3.181100516555915737e-03,3.181100516555915737e-03,3.892692242647401851e-02,3.892692242647401851e-02,0.000000000000000000e+00,0.000000000000000000e+00,0.000000000000000000e+00,2.144300441520002171e-05,0.000000000000000000e+00,1.908691802828668465e-04,1.908691802828666297e-04,0.000000000000000000e+00,0.000000000000000000e+00,0.000000000000000000e+00,0.000000000000000000e+00,0.000000000000000000e+00,0.000000000000000000e+00,0.000000000000000000e+00,0.000000000000000000e+00,0.000000000000000000e+00,0.000000000000000000e+00,3.892692242647401851e-02,2.918527402078318483e-02,0.000000000000000000e+00,0.000000000000000000e+00,1.299837300887372501e-19,1.908691802828671989e-04,1.908691802828682560e-04,1.908691802828670905e-04,1.908691802828677681e-04,1.908691802828677681e-04,0.000000000000000000e+00,0.000000000000000000e+00,0.000000000000000000e+00,0.000000000000000000e+00,0.000000000000000000e+00,0.000000000000000000e+00,0.000000000000000000e+00,0.000000000000000000e+00,0.000000000000000000e+00,0.000000000000000000e+00,0.000000000000000000e+00,0.000000000000000000e+00,0.000000000000000000e+00,1.908691802828674971e-04,1.403294847119385298e-03,1.908691802828671989e-04,1.908691802828677681e-04,1.719704545387780578e-03,1.908691802828676326e-04,0.000000000000000000e+00,0.000000000000000000e+00,0.000000000000000000e+00,0.000000000000000000e+00,0.000000000000000000e+00,0.000000000000000000e+00,0.000000000000000000e+00,0.000000000000000000e+00,0.000000000000000000e+00,0.000000000000000000e+00,0.000000000000000000e+00,0.000000000000000000e+00,0.000000000000000000e+00,1.908691802828678223e-04,1.908691802828666297e-04,1.908691802828666297e-04,2.172373980186810896e-02,2.453339549749529447e-02,2.453339549749529447e-02,0.000000000000000000e+00,0.000000000000000000e+00,0.000000000000000000e+00,0.000000000000000000e+00,6.303711944045103412e-03,0.000000000000000000e+00,0.000000000000000000e+00,0.000000000000000000e+00,0.000000000000000000e+00,0.000000000000000000e+00,0.000000000000000000e+00,0.000000000000000000e+00,0.000000000000000000e+00,2.286608203172474374e-02,3.380304560126581176e-03,1.908691802828674971e-04,1.485204327328515025e-02,0.000000000000000000e+00,0.000000000000000000e+00,0.000000000000000000e+00,0.000000000000000000e+00,0.000000000000000000e+00,0.000000000000000000e+00,0.000000000000000000e+00,0.000000000000000000e+00,6.884096812877459060e-03,5.292860004298878887e-03,0.000000000000000000e+00,0.000000000000000000e+00,0.000000000000000000e+00,0.000000000000000000e+00,0.000000000000000000e+00,2.888185884220139873e-02,5.954218308776390578e-03,5.954218308776390578e-03,1.719704545387779494e-03,0.000000000000000000e+00,0.000000000000000000e+00,0.000000000000000000e+00,0.000000000000000000e+00,0.000000000000000000e+00,0.000000000000000000e+00,0.000000000000000000e+00,0.000000000000000000e+00,0.000000000000000000e+00,0.000000000000000000e+00,3.143614485687563215e-02,1.899471586712275090e-02,0.000000000000000000e+00,0.000000000000000000e+00,0.000000000000000000e+00,5.954218308776390578e-03,0.000000000000000000e+00,5.954218308776391445e-03,0.000000000000000000e+00,0.000000000000000000e+00,0.000000000000000000e+00,0.000000000000000000e+00,0.000000000000000000e+00,0.000000000000000000e+00,0.000000000000000000e+00,0.000000000000000000e+00,0.000000000000000000e+00,0.000000000000000000e+00,0.000000000000000000e+00,0.000000000000000000e+00,0.000000000000000000e+00,0.000000000000000000e+00,0.000000000000000000e+00,0.000000000000000000e+00,0.000000000000000000e+00,0.000000000000000000e+00,0.000000000000000000e+00,0.000000000000000000e+00,0.000000000000000000e+00,0.000000000000000000e+00,0.000000000000000000e+00,0.000000000000000000e+00,0.000000000000000000e+00,0.000000000000000000e+00,0.000000000000000000e+00,0.000000000000000000e+00,0.000000000000000000e+00,0.000000000000000000e+00,0.000000000000000000e+00,0.000000000000000000e+00,0.000000000000000000e+00,0.000000000000000000e+00,0.000000000000000000e+00,0.000000000000000000e+00,0.000000000000000000e+00,0.000000000000000000e+00,0.000000000000000000e+00,0.000000000000000000e+00,0.000000000000000000e+00,0.000000000000000000e+00,0.000000000000000000e+00,0.000000000000000000e+00,0.000000000000000000e+00,0.000000000000000000e+00,0.000000000000000000e+00,0.000000000000000000e+00,0.000000000000000000e+00
