0.000000000000000000e+00,0.000000000000000000e+00,0.000000000000000000e+00,0.000000000000000000e+00,0.000000000000000000e+00,0.000000000000000000e+00,0.000000000000000000e+00,0.000000000000000000e+00,0.000000000000000000e+00,0.000000000000000000e+00,0.000000000000000000e+00,0.000000000000000000e+00,0.000000000000000000e+00,0.000000000000000000e+00,0.000000000000000000e+00,0.000000000000000000e+00,0.000000000000000000e+00,0.000000000000000000e+00,0.000000000000000000e+00,0.000000000000000000e+00,0.000000000000000000e+00,0.000000000000000000e+00,0.000000000000000000e+00,0.000000000000000000e+00,0.000000000000000000e+00,0.000000000000000000e+00,0.000000000000000000e+00,0.000000000000000000e+00,0.000000000000000000e+00,0.000000000000000000e+00,0.000000000000000000e+00,0.000000000000000000e+00,0.000000000000000000e+00,0.000000000000000000e+00,1.688978366357417327e-02,1.160183352025936411e-04,0.000000000000000000e+00,0.000000000000000000e+00,0.000000000000000000e+00,0.000000000000000000e+00,0.000000000000000000e+00,0.000000000000000000e+00,0.000000000000000000e+00,0.000000000000000000e+00,0.000000000000000000e+00,0.000000000000000000e+00,4.333103228857140935e-05,0.000000000000000000e+00,0.000000000000000000e+00,0.000000000000000000e+00,0.000000000000000000e+00,0.000000000000000000e+00,0.000000000000000000e+00,0.000000000000000000e+00,1.527589668685961353e-04,5.872112798153395451e-03,0.000000000000000000e+00,1.324230748718791526e-04,0.000000000000000000e+00,0.000000000000000000e+00,0.000000000000000000e+00,0.000000000000000000e+00,0.000000000000000000e+00,0.000000000000000000e+00,0.000000000000000000e+00,0.000000000000000000e+00,0.000000000000000000e+00,0.000000000000000000e+00,0.000000000000000000e+00,0.000000000000000000e+00,0.000000000000000000e+00,0.000000000000000000e+00,0.000000000000000000e+00,0.000000000000000000e+00,0.000000000000000000e+00,0.000000000000000000e+00,0.000000000000000000e+00,9.882278734583272231e-03,0.000000000000000000e+00,0.000000000000000000e+00,0.000000000000000000e+00,0.000000000000000000e+00,0.000000000000000000e+00,0.000000000000000000e+00,0.000000000000000000e+00,0.000000000000000000e+00,0.000000000000000000e+00,0.000000000000000000e+00,0.000000000000000000e+00,5.224368552420450814e-05,0.000000000000000000e+00,0.000000000000000000e+00,0.000000000000000000e+00,0.000000000000000000e+00,0.000000000000000000e+00,0.000000000000000000e+00,0.000000000000000000e+00,0.000000000000000000e+00,0.000000000000000000e+00,4.283212269763423785e-05,0.000000000000000000e+00,0.000000000000000000e+00,0.000000000000000000e+00,0.000000000000000000e+00,0.000000000000000000e+00,0.000000000000000000e+00,0.000000000000000000e+00,0.000000000000000000e+00,0.000000000000000000e+00,0.000000000000000000e+00,0.000000000000000000e+00,0.000000000000000000e+00,0.000000000000000000e+00,5.774155661720486998e-03,5.774155661720487866e-03,5.774155661720486998e-03,0.000000000000000000e+00,1.089660576522558967e-03,0.000000000000000000e+00,0.000000000000000000e+00,1.964146853508761011e-03,0.000000000000000000e+00,0.000000000000000000e+00,0.000000000000000000e+00,1.171093595968708294e-19,0.000000000000000000e+00,0.000000000000000000e+00,0.000000000000000000e+00,0.000000000000000000e+00,0.000000000000000000e+00,4.756698856862228510e-05,4.876538044116315342e-03,0.000000000000000000e+00,0.000000000000000000e+00,6.463055589944522589e-03,6.799065029137672767e-05,6.799065029137702583e-05,6.799065029137668702e-05,0.000000000000000000e+00,0.000000000000000000e+00,0.000000000000000000e+00,0.000000000000000000e+00,6.215436873982706917e-03,0.000000000000000000e+00,0.000000000000000000e+00,0.000000000000000000e+00,0.000000000000000000e+00,0.000000000000000000e+00,0.000000000000000000e+00,0.000000000000000000e+00,8.280398890735562090e-05,9.267110374540384055e-02,0.000000000000000000e+00,0.000000000000000000e+00,0.000000000000000000e+00,0.000000000000000000e+00,0.000000000000000000e+00,0.000000000000000000e+00,0.000000000000000000e+00,0.000000000000000000e+00,0.000000000000000000e+00,0.000000000000000000e+00,0.000000000000000000e+00,0.000000000000000000e+00,0.000000000000000000e+00,0.000000000000000000e+00,0.000000000000000000e+00,0.000000000000000000e+00,2.312454936366145283e-02,2.361114984858211918e-02,2.821488483879794340e-02,8.476250646168416447e-02,5.480686834063096952e-02,0.000000000000000000e+00,0.000000000000000000e+00,0.000000000000000000e+00,0.000000000000000000e+00,0.000000000000000000e+00,0.000000000000000000e+00,0.000000000000000000e+00,0.000000000000000000e+00,0.000000000000000000e+00,0.000000000000000000e+00,1.039761637198925379e-02,0.000000000000000000e+00,0.000000000000000000e+00,7.456015997624160230e-02,1.995199226089144212e-02,1.806579639446022345e-02,2.314502954214685965e-02,2.486985918192485476e-02,2.934569997071656902e-02,0.000000000000000000e+00,0.000000000000000000e+00,0.000000000000000000e+00,0.000000000000000000e+00,0.000000000000000000e+00,0.000000000000000000e+00,8.137553131337683766e-19,5.842940814423097130e-03,0.000000000000000000e+00,1.039761637198925379e-02,0.000000000000000000e+00,0.000000000000000000e+00,2.755294198824367598e-04,4.009252213795462538e-02,5.305364176866165724e-03,5.305364176866165724e-03,2.707129980276094805e-02,4.576447833992916547e-02,5.921847878710181923e-02,6.884287217649975865e-02,0.000000000000000000e+00,0.000000000000000000e+00,0.000000000000000000e+00,0.000000000000000000e+00,1.737821750948874368e-21,0.000000000000000000e+00,0.000000000000000000e+00,5.564469473346894722e-04,0.000000000000000000e+00,0.000000000000000000e+00,0.000000000000000000e+00,0.000000000000000000e+00,0.000000000000000000e+00,4.388162665888996995e-05,2.132536839174071011e-02,2.571207273056220002e-02,0.000000000000000000e+00,0.000000000000000000e+00,0.000000000000000000e+00,0.000000000000000000e+00,0.000000000000000000e+00,0.000000000000000000e+00,0.000000000000000000e+00,0.000000000000000000e+00,0.000000000000000000e+00,0.000000000000000000e+00,6.878515270260903423e-05,1.163084839608558236e-03,0.000000000000000000e+00,0.000000000000000000e+00,0.000000000000000000e+00,0.000000000000000000e+00,0.000000000000000000e+00,8.913046840012224590e-05,1.520493218306434927e-03,4.418451406212725585e-02,1.726965354577742395e-03,0.000000000000000000e+00,0.000000000000000000e+00,0.000000000000000000e+00,0.000000000000000000e+00,2.320073380410879633e-03,0.000000000000000000e+00,0.000000000000000000e+00,0.000000000000000000e+00,5.858481304103776467e-03,1.061606815590463403e-02,0.000000000000000000e+00,0.000000000000000000e+00,0.000000000000000000e+00,0.000000000000000000e+00,0.000000000000000000e+00,0.000000000000000000e+00,0.000000000000000000e+00,0.000000000000000000e+00,4.749840621481961128e-04,0.000000000000000000e+00,0.000000000000000000e+00,0.000000000000000000e+00,0.000000000000000000e+00,0.000000000000000000e+00,0.000000000000000000e+00,0.000000000000000000e+00,0.000000000000000000e+00,0.000000000000000000e+00,0.000000000000000000e+00,0.000000000000000000e+00,0.000000000000000000e+00,0.000000000000000000e+00,0.000000000000000000e+00,0.000000000000000000e+00,0.000000000000000000e+00,0.000000000000000000e+00,0.000000000000000000e+00,1.041976037619880488e-02,0.000000000000000000e+00,0.000000000000000000e+00,2.051970863653102024e-19,0.000000000000000000e+00,0.000000000000000000e+00,0.000000000000000000e+00,3.661856889405044630e-04,0.000000000000000000e+00,0.000000000000000000e+00,5.559619565992126016e-04,0.000000000000000000e+00,0.000000000000000000e+00,0.000000000000000000e+00,0.000000000000000000e+00,0.000000000000000000e+00,0.000000000000000000e+00,0.000000000000000000e+00,0.000000000000000000e+00,3.897712251762068449e-03,2.214400420955262504e-05,2.214400420955108683e-05,0.000000000000000000e+00,0.000000000000000000e+00,0.000000000000000000e+00,0.000000000000000000e+00,0.000000000000000000e+00,0.000000000000000000e+00,0.000000000000000000e+00,0.000000000000000000e+00,0.000000000000000000e+00,0.000000000000000000e+00,0.000000000000000000e+00,0.000000000000000000e+00,0.000000000000000000e+00,0.000000000000000000e+00,8.913046840012224590e-05,0.000000000000000000e+00,0.000000000000000000e+00,5.796299665930037225e-03,3.106979983539264085e-03,2.214400420955091743e-05,1.452847870220957004e-19,0.000000000000000000e+00,0.000000000000000000e+00,0.000000000000000000e+00,0.000000000000000000e+00,0.000000000000000000e+00,0.000000000000000000e+00,0.000000000000000000e+00,0.000000000000000000e+00,0.000000000000000000e+00,0.000000000000000000e+00,0.000000000000000000e+00,0.000000000000000000e+00,0.000000000000000000e+00,0.000000000000000000e+00,5.698250672718072410e-03,1.112744726096731904e-04,2.752129485463306133e-04,5.533195971561137615e-04,0.000000000000000000e+00,0.000000000000000000e+00,0.000000000000000000e+00,0.000000000000000000e+00,0.000000000000000000e+00,0.000000000000000000e+00,0.000000000000000000e+00,0.000000000000000000e+00,0.000000000000000000e+00,0.000000000000000000e+00,0.000000000000000000e+00,0.000000000000000000e+00,0.000000000000000000e+00,0.000000000000000000e+00,0.000000000000000000e+00,0.000000000000000000e+00,0.000000000000000000e+00,0.000000000000000000e+00,0.000000000000000000e+00,0.000000000000000000e+00,0.000000000000000000e+00,0.000000000000000000e+00,0.000000000000000000e+00,0.000000000000000000e+00,0.000000000000000000e+00,0.000000000000000000e+00,0.000000000000000000e+00,0.000000000000000000e+00,0.000000000000000000e+00,0.000000000000000000e+00,0.000000000000000000e+00,0.000000000000000000e+00,0.000000000000000000e+00,0.000000000000000000e+00,0.000000000000000000e+00,0.000000000000000000e+00,0.000000000000000000e+00,0.000000000000000000e+00,0.000000000000000000e+00,0.000000000000000000e+00,0.000000000000000000e+00,0.000000000000000000e+00,0.000000000000000000e+00,0.000000000000000000e+00,0.000000000000000000e+00,0.000000000000000000e+00,0.000000000000000000e+00,0.000000000000000000e+00,0.000000000000000000e+00,0.000000000000000000e+00,0.000000000000000000e+00,0.000000000000000000e+00,0.000000000000000000e+00
0.000000000000000000e+00,0.000000000000000000e+00,0.000000000000000000e+00,0.000000000000000000e+00,0.000000000000000000e+00,0.000000000000000000e+00,0.000000000000000000e+00,0.000000000000000000e+00,0.000000000000000000e+00,0.000000000000000000e+00,0.000000000000000000e+00,0.000000000000000000e+00,0.000000000000000000e+00,0.000000000000000000e+00,0.000000000000000000e+00,0.000000000000000000e+00,0.000000000000000000e+00,0.000000000000000000e+00,0.000000000000000000e+00,0.000000000000000000e+00,0.000000000000000000e+00,0.000000000000000000e+00,0.000000000000000000e+00,0.000000000000000000e+00,0.000000000000000000e+00,0.000000000000000000e+00,0.000000000000000000e+00,0.000000000000000000e+00,0.000000000000000000e+00,0.000000000000000000e+00,1.499858004058317318e-02,7.321576992965081275e-06,8.768967436791902859e-21,3.308298333529011873e-20,4.021377062755755044e-03,1.223721238719884885e-03,0.000000000000000000e+00,0.000000000000000000e+00,0.000000000000000000e+00,0.000000000000000000e+00,0.000000000000000000e+00,0.000000000000000000e+00,0.000000000000000000e+00,0.000000000000000000e+00,0.000000000000000000e+00,0.000000000000000000e+00,1.763848944262566958e-05,7.321576992965061794e-06,7.321576992965083817e-06,8.768967436791902859e-21,1.524053490155026884e-20,5.078282844106244383e-20,8.768967436791902859e-21,1.524053490155026884e-20,3.637118258776098588e-05,1.398122094798427695e-03,2.622546874062330692e-20,3.152930354092361358e-05,8.652413246647554668e-05,0.000000000000000000e+00,0.000000000000000000e+00,0.000000000000000000e+00,0.000000000000000000e+00,0.000000000000000000e+00,7.321576992965066029e-06,7.321576992965081275e-06,2.926562627179523631e-19,1.524053490155026884e-20,8.768967436791902859e-21,8.768967436791902859e-21,8.768967436791902859e-21,1.524053490155026884e-20,5.078282844106244383e-20,1.064816499805427288e-18,8.768967436791902859e-21,8.768967436791902859e-21,2.509728288572258665e-18,2.352923508234112601e-03,4.058273118380145020e-20,4.889204212519182233e-04,0.000000000000000000e+00,0.000000000000000000e+00,7.321576992965081275e-06,8.768967436791917906e-21,8.768967436791902859e-21,1.732978209003797077e-19,1.604737059812155541e-18,1.820299942271878679e-19,1.524053490155026884e-20,1.243897274385822623e-05,5.474963957094537334e-20,1.524053490155026884e-20,8.768967436791902859e-21,2.831415903843060960e-19,1.797965758663508240e-20,1.524053490155026884e-20,2.809303489294214060e-03,0.000000000000000000e+00,8.311221140114003244e-20,1.019812445181769310e-05,0.000000000000000000e+00,1.068631573254595124e-06,1.524053490155026884e-20,5.078282844106244383e-20,6.071155868686904169e-19,1.524053490155026884e-20,3.400807181435894196e-19,8.768967436791902859e-21,8.768967436791902859e-21,8.768967436791911887e-21,8.768967436791902859e-21,1.524053490155026884e-20,8.768967436791916401e-21,1.374798967076307048e-03,2.132240751056747700e-03,1.374798967076306180e-03,8.243469290190965400e-20,2.594429944101330409e-04,1.204501016974877536e-20,1.861373121808835430e-19,4.749755897331460908e-04,8.768967436791902859e-21,8.768967436791902859e-21,8.768967436791902859e-21,4.312371575794808550e-20,1.335754071961749818e-20,1.253016025141649107e-19,8.768967436791902859e-21,2.622546874062330692e-20,8.768967436791902859e-21,1.132547346871960460e-05,3.970383975988575620e-03,2.809303489294214494e-03,1.732978209003797077e-19,1.538822759510600699e-03,2.787888023129020702e-05,1.618825006937560883e-05,1.618825006937541232e-05,1.064816499805427288e-18,9.626279967053106233e-20,2.743035110930435949e-19,8.768967436791902859e-21,1.479865922376834980e-03,1.524053490155026884e-20,8.768967436791902859e-21,1.095376657203508124e-18,2.799633228901629506e-20,1.204501016974877536e-20,5.285367118972454274e-20,5.333829637646544507e-04,4.014871686999391120e-03,2.487385200010465425e-02,8.768967436791902859e-21,9.031531123552164028e-05,1.204501016974877536e-20,9.924895000587041034e-21,1.732978209003797077e-19,1.524053490155026884e-20,1.524053490155026884e-20,1.524053490155026884e-20,3.307445558514796914e-03,8.768967436791902859e-21,2.044031172729914079e-19,1.524053490155026884e-20,5.078282844106244383e-20,2.766051837891313331e-19,9.004983449848312257e-20,8.639785867829042221e-04,2.565589712420992749e-02,6.708715919502122871e-02,6.620226662003869667e-02,2.053224682169260684e-02,1.362743077567486055e-02,1.441759530492515439e-20,1.140394373540753146e-20,5.540949877337328643e-20,1.170201617154999490e-20,1.334698239998769335e-20,5.327337603124011961e-20,2.232398909512223041e-20,1.239530550087889171e-19,8.768967436791916401e-21,8.768967436791902859e-21,2.475622945711727918e-03,5.078282844106244383e-20,1.171304495772319918e-18,1.775241904196228626e-02,4.773086600013669301e-02,6.310026522002977478e-02,6.612284005748911286e-02,7.417247690727804543e-02,5.626272472760578125e-02,4.835650901775077892e-02,3.942410582770393412e-02,1.082206230899725033e-20,1.524053490155026884e-20,1.204501016974877536e-20,5.676814311680092428e-20,2.059938619115899346e-19,1.391176384386451532e-03,1.067403320455766825e-18,2.475622945711727918e-03,1.524053490155026884e-20,1.524053490155026884e-20,6.560224282915164302e-05,9.545838604274912292e-03,1.263181946872896436e-03,4.026503519266233511e-02,8.569445095399128021e-03,2.115175597460027326e-02,2.435508941440328590e-02,3.882778497393590128e-02,3.994266952610206478e-02,3.980108376911762474e-02,4.889204212519180064e-04,1.455433460805756784e-20,1.565430198510952509e-20,1.524053490155026884e-20,6.642484474960766155e-19,1.324873684130216411e-04,8.235615083217785372e-20,1.524053490155026884e-20,2.606004367936235757e-18,1.524053490155026884e-20,1.524053490155026884e-20,1.044800634735476959e-05,5.077468664700168083e-03,6.153767697045772755e-03,3.051836328315828400e-05,2.958660354736006019e-05,2.857013838073882973e-05,2.755367321458034014e-05,2.653720804822501365e-05,2.560544831211767025e-05,2.458898314598820679e-05,4.889204212519180064e-04,4.889204212519180064e-04,4.889204212519180064e-04,1.684194812922898236e-04,1.821737373391113871e-02,1.524053490155026884e-20,1.524053490155026884e-20,8.351002730704412377e-20,1.251048906957268873e-20,1.524053490155026884e-20,2.122154009526728917e-05,3.620221948348655103e-04,1.052012239574458274e-02,4.391594276474846455e-04,2.687602977019979225e-05,2.594427003430630434e-05,2.501251029858745430e-05,2.399604513228588052e-05,5.523984239073523143e-04,2.196311479943135390e-05,2.094664963308868547e-05,2.001488989720518239e-05,1.413874925708058679e-03,2.545617234779870910e-03,0.000000000000000000e+00,1.066282451151512333e-20,1.524053490155026884e-20,3.994479654077308713e-19,1.517440366522793142e-19,6.115859732509373021e-20,1.296909903608253474e-20,1.350271396935240516e-02,1.392051242639602256e-04,2.509721572907921348e-05,2.416545599324259198e-05,2.314899082695745064e-05,2.213252566061043523e-05,2.120076592472628502e-05,2.026900618881091656e-05,1.925254102266399066e-05,1.823607585597244291e-05,1.721961068980575065e-05,0.000000000000000000e+00,0.000000000000000000e+00,0.000000000000000000e+00,1.524053490155026884e-20,8.351002730704412377e-20,1.234272399271044726e-19,1.672801442534157878e-20,1.524053490155026884e-20,1.147236215161691244e-03,2.505484310812319121e-03,2.348781254889071107e-05,2.255605281303694223e-05,2.153958764669940343e-05,2.052312248056277746e-05,1.950665731418807085e-05,1.857489757820730128e-05,1.046607957765769217e-04,1.662667267600835341e-05,1.561020750957142715e-05,1.470503422020606570e-04,0.000000000000000000e+00,0.000000000000000000e+00,0.000000000000000000e+00,9.191442882558193816e-04,3.485232331784116706e-20,2.232398909512223041e-20,1.140394373540753146e-20,7.072602821766989191e-04,9.507521902841231144e-04,2.689667503179399267e-05,2.604962072659509784e-05,1.984547903623605004e-05,1.882901386975461050e-05,1.781254870345279278e-05,1.688078896764037609e-05,1.586432380108562755e-05,1.484785863480150264e-05,1.391609889899667537e-05,0.000000000000000000e+00,0.000000000000000000e+00,0.000000000000000000e+00,0.000000000000000000e+00,0.000000000000000000e+00,9.191442882558193816e-04,6.054655466710796637e-19,2.122154009526793970e-05,4.140635974281774547e-04,1.524053490155026884e-20,1.400170944358840319e-03,7.589249745298116794e-04,2.333904694954458842e-05,3.459161595764182770e-20,1.611844009273092832e-05,1.518668035697218980e-05,0.000000000000000000e+00,1.315375002423328318e-05,0.000000000000000000e+00,0.000000000000000000e+00,0.000000000000000000e+00,0.000000000000000000e+00,0.000000000000000000e+00,0.000000000000000000e+00,0.000000000000000000e+00,0.000000000000000000e+00,0.000000000000000000e+00,0.000000000000000000e+00,1.896119491665028411e-02,4.582303797138927159e-03,8.291591406186352739e-05,1.481153176120622345e-04,0.000000000000000000e+00,1.450903691268960804e-05,0.000000000000000000e+00,0.000000000000000000e+00,0.000000000000000000e+00,0.000000000000000000e+00,0.000000000000000000e+00,0.000000000000000000e+00,0.000000000000000000e+00,0.000000000000000000e+00,0.000000000000000000e+00,0.000000000000000000e+00,0.000000000000000000e+00,0.000000000000000000e+00,0.000000000000000000e+00,0.000000000000000000e+00,0.000000000000000000e+00,0.000000000000000000e+00,0.000000000000000000e+00,0.000000000000000000e+00,0.000000000000000000e+00,0.000000000000000000e+00,0.000000000000000000e+00,0.000000000000000000e+00,0.000000000000000000e+00,0.000000000000000000e+00,0.000000000000000000e+00,0.000000000000000000e+00,0.000000000000000000e+00,0.000000000000000000e+00,0.000000000000000000e+00,0.000000000000000000e+00,0.000000000000000000e+00,0.000000000000000000e+00,0.000000000000000000e+00,0.000000000000000000e+00,0.000000000000000000e+00,0.000000000000000000e+00,0.000000000000000000e+00,0.000000000000000000e+00,0.000000000000000000e+00,0.000000000000000000e+00,0.000000000000000000e+00,0.000000000000000000e+00,0.000000000000000000e+00,0.000000000000000000e+00,0.000000000000000000e+00,0.000000000000000000e+00,0.000000000000000000e+00,0.000000000000000000e+00,0.000000000000000000e+00,0.000000000000000000e+00,0.000000000000000000e+00
0.000000000000000000e+00,0.000000000000000000e+00,0.000000000000000000e+00,0.000000000000000000e+00,0.000000000000000000e+00,0.000000000000000000e+00,0.000000000000000000e+00,0.000000000000000000e+00,0.000000000000000000e+00,0.000000000000000000e+00,0.000000000000000000e+00,0.000000000000000000e+00,0.000000000000000000e+00,0.000000000000000000e+00,0.000000000000000000e+00,0.000000000000000000e+00,0.000000000000000000e+00,0.000000000000000000e+00,0.000000000000000000e+00,0.000000000000000000e+00,0.000000000000000000e+00,0.000000000000000000e+00,0.000000000000000000e+00,0.000000000000000000e+00,0.000000000000000000e+00,0.000000000000000000e+00,0.000000000000000000e+00,0.000000000000000000e+00,0.000000000000000000e+00,0.000000000000000000e+00,9.374112525364484971e-03,9.662404918182928432e-04,3.012973530742939134e-03,3.012973530742939134e-03,2.391101134848264015e-19,9.801315755802032618e-04,0.000000000000000000e+00,0.000000000000000000e+00,0.000000000000000000e+00,0.000000000000000000e+00,0.000000000000000000e+00,0.000000000000000000e+00,0.000000000000000000e+00,0.000000000000000000e+00,0.000000000000000000e+00,0.000000000000000000e+00,1.378471878495320416e-05,4.575985620603243136e-06,4.575985620603189773e-06,2.867097581000079252e-19,1.155319921990536541e-19,1.055402673588299868e-19,5.292371973263723830e-20,4.028188530994019339e-20,1.310346060993207006e-03,3.848181620213926027e-20,2.874855709112167564e-20,5.480604647994939663e-21,5.407758279154720990e-05,0.000000000000000000e+00,0.000000000000000000e+00,0.000000000000000000e+00,0.000000000000000000e+00,0.000000000000000000e+00,4.575985620603290570e-06,4.575985620603217725e-06,6.426764908067056933e-19,5.294917164968336641e-19,7.502648813071925120e-19,7.592072863730773215e-20,2.342142321359313311e-04,7.764435108886817347e-05,2.654282256334382644e-04,6.655103123783921751e-19,5.480604647994939663e-21,5.480604647994939663e-21,1.568580180357661665e-18,3.733097697158573283e-20,1.034058148281123490e-04,6.246264161840606090e-04,0.000000000000000000e+00,0.000000000000000000e+00,4.575985620603786931e-06,3.641332463621077700e-20,1.783824377622704773e-20,1.381627240983741550e-19,1.133946824496127819e-18,1.261263855202245015e-19,2.188297344170102496e-20,6.580145296025565957e-03,3.421852473184086436e-20,9.525334313468916898e-21,5.480604647994939663e-21,3.190511529016119906e-04,1.123728599164692575e-20,9.525334313468916898e-21,1.755814680808883733e-03,0.000000000000000000e+00,5.194513212571252329e-20,9.296594523681320295e-21,0.000000000000000000e+00,6.678947332843017883e-07,9.510544739130629636e-19,6.236336198904365032e-20,7.106371271161111703e-19,2.299201227886679637e-20,6.246797588079257280e-04,2.907392473288893716e-03,5.480604647994939663e-21,5.480604647994945682e-21,5.480604647994939663e-21,9.525334313468916898e-21,2.943145570223765217e-04,3.084203150482012645e-19,4.734011149877756248e-04,3.173926777566402439e-20,5.152168306369353977e-20,5.480604647994939663e-21,7.528131356092985542e-21,1.163358201130521993e-19,5.771470408802923703e-03,1.783824377622704773e-20,1.783824377622704773e-20,1.783824377622704773e-20,2.188297344170102496e-20,8.348462949760936171e-21,7.831350157135306615e-20,5.480604647994939663e-21,1.639091796288956457e-20,1.081220006142461545e-04,1.608852992025179042e-03,3.364667672834063209e-03,2.403520859082534586e-02,3.190511529016120448e-04,9.525334313468916898e-21,7.306643851196747535e-06,7.839472099356340380e-20,5.480604647994939663e-21,6.655103123783921751e-19,3.190511529016118279e-04,6.437833928607188767e-04,6.437833928607174672e-04,3.550455931915257046e-02,9.525334313468916898e-21,5.480604647994939663e-21,6.846104107521926739e-19,1.749770768063518516e-20,7.528131356092985542e-21,4.799641891239669907e-20,4.724904780314743741e-04,5.385264897599698411e-03,4.157441114032554147e-02,5.480604647994939663e-21,5.644706952220103534e-05,7.528131356092985542e-21,6.203059375366901023e-21,1.083111380627373233e-19,9.525334313468916898e-21,9.525334313468916898e-21,4.037791065591903429e-04,2.710936866932465647e-03,5.480604647994939663e-21,1.277519482956196239e-19,9.525334313468916898e-21,3.173926777566402439e-20,1.728782398682070772e-19,5.628114656155194408e-20,7.986935102274947754e-03,1.644826741040811974e-02,5.312567323540051678e-02,5.639464990024506408e-02,2.191860400929707305e-04,3.613602555362257205e-04,9.010997065578220366e-21,7.127464834629706785e-21,3.463093673335831004e-20,7.313760107218746624e-21,8.341863999992308721e-21,3.329586001952508002e-20,1.395249318445139326e-20,7.747065938049308822e-20,5.480604647994947939e-21,5.480604647994939663e-21,9.525334313468916898e-21,3.173926777566402439e-20,7.320653098576999248e-19,5.480604647994939663e-21,2.686274478269086788e-02,5.513221508801431636e-02,1.019609407057290307e-01,8.592825731286037050e-02,3.079728331625412180e-02,3.022281813609423162e-02,2.464006614231496403e-02,6.763788943123280139e-21,9.525334313468916898e-21,7.528131356092985542e-21,3.548008944800057918e-20,7.651623049837688390e-21,1.414098813589849705e-03,6.671270752848542175e-19,5.480604647994939663e-21,4.310044611653058785e-03,9.525334313468916898e-21,3.221681563420176840e-20,5.480604647994939663e-21,7.313760107218746624e-21,2.437615827861840112e-02,1.327435952070743280e-03,4.650978528382902766e-02,1.338998939334606550e-02,2.066449955962703505e-02,3.113673524476863463e-02,2.487567735569851460e-02,3.055752632824487811e-04,9.096459130035977644e-21,9.525334313468916898e-21,1.349800663372048397e-02,4.151552796850479088e-19,1.306709200276733734e-02,5.147259427011117061e-20,9.525334313468916898e-21,1.628752729960147059e-18,9.525334313468916898e-21,9.525334313468916898e-21,9.525334313468916898e-21,7.661896668908480109e-04,1.990351146280578198e-05,5.716380039599756706e-03,1.849162721710003804e-05,1.785633648796176816e-05,1.151405841318125373e-02,1.658575503014063395e-05,1.600340519507354137e-05,6.187934905421087900e-03,6.947184240464389197e-03,5.420468261271947771e-04,7.746174495095428832e-04,9.502628998884051154e-05,1.746771535647578463e-02,9.525334313468916898e-21,9.525334313468916898e-21,5.219376706690256833e-20,9.800592664095392043e-20,9.525334313468916898e-21,5.130259339631753401e-20,5.480604647994939663e-21,9.525334313468916898e-21,1.748575022941858687e-05,1.679751860637486677e-05,1.621516877144143937e-05,1.563281893661715724e-05,1.499752820767867871e-05,4.132930047709679894e-03,1.372694674964459534e-05,1.309165602068042800e-05,1.250930618575323815e-05,1.187401545685567808e-05,1.391570568658721200e-03,0.000000000000000000e+00,6.664265319696951138e-21,9.525334313468916898e-21,2.496549783798318066e-19,9.484002290767456837e-20,3.822412332818357687e-20,8.105686897551583461e-21,8.439196230845252139e-03,1.632105055958882534e-05,1.568575983067450758e-05,5.339373986463070640e-03,1.446811926684840919e-05,1.383282853788151948e-05,1.325047870295392814e-05,3.760802158808940893e-02,1.691622960006595663e-02,1.139754740998277851e-05,1.076225668112859670e-05,3.835072096229391776e-04,0.000000000000000000e+00,0.000000000000000000e+00,9.525334313468916898e-21,5.219376706690256833e-20,7.714202495444028332e-20,1.045500901583848561e-20,9.525334313468916898e-21,7.170226344760570816e-04,1.536811446621137034e-05,1.467988284305669569e-05,1.409753300814808635e-05,1.346224227918710724e-05,1.164264209885480664e-03,1.219166082136754682e-05,4.539441966031815322e-05,4.470618803719928435e-05,4.417677909644353339e-05,4.354148836741991789e-05,4.264663481554248651e-04,0.000000000000000000e+00,0.000000000000000000e+00,0.000000000000000000e+00,5.744651801598871406e-04,2.178270207365072791e-20,1.395249318445139326e-20,7.127464834629706785e-21,4.420376763604367838e-04,1.420341479631682773e-05,1.351518317321162827e-05,1.298577423246254855e-05,1.240342439764752958e-05,4.555324234253448372e-05,1.119425338951332734e-02,4.433560177871298980e-05,4.370031104961651590e-05,4.306502032068909623e-05,4.248267048581049897e-05,0.000000000000000000e+00,0.000000000000000000e+00,0.000000000000000000e+00,0.000000000000000000e+00,0.000000000000000000e+00,5.744651801598871406e-04,3.784159666694247658e-19,4.667705751705435715e-19,2.587897483926108956e-04,9.525334313468916898e-21,1.256224707992430265e-05,1.197989724493222839e-05,3.105049999291814144e-04,3.378510867393786613e-05,1.652712125757074216e-03,1.652129775922224703e-03,1.475352073594862930e-03,1.650859194464263232e-03,0.000000000000000000e+00,0.000000000000000000e+00,0.000000000000000000e+00,0.000000000000000000e+00,0.000000000000000000e+00,0.000000000000000000e+00,0.000000000000000000e+00,0.000000000000000000e+00,0.000000000000000000e+00,0.000000000000000000e+00,1.126822107938538729e-02,3.112809397564066105e-03,2.762963641027081467e-04,4.352823845033224406e-03,6.095280854840525852e-04,1.917134474402986321e-03,0.000000000000000000e+00,0.000000000000000000e+00,0.000000000000000000e+00,0.000000000000000000e+00,0.000000000000000000e+00,0.000000000000000000e+00,0.000000000000000000e+00,0.000000000000000000e+00,0.000000000000000000e+00,0.000000000000000000e+00,0.000000000000000000e+00,0.000000000000000000e+00,0.000000000000000000e+00,0.000000000000000000e+00,0.000000000000000000e+00,0.000000000000000000e+00,0.000000000000000000e+00,0.000000000000000000e+00,0.000000000000000000e+00,0.000000000000000000e+00,0.000000000000000000e+00,0.000000000000000000e+00,0.000000000000000000e+00,0.000000000000000000e+00,0.000000000000000000e+00,0.000000000000000000e+00,0.000000000000000000e+00,0.000000000000000000e+00,0.000000000000000000e+00,0.000000000000000000e+00,0.000000000000000000e+00,0.000000000000000000e+00,0.000000000000000000e+00,0.000000000000000000e+00,0.000000000000000000e+00,0.000000000000000000e+00,0.000000000000000000e+00,0.000000000000000000e+00,0.000000000000000000e+00,0.000000000000000000e+00,0.000000000000000000e+00,0.000000000000000000e+00,0.000000000000000000e+00,0.000000000000000000e+00,0.000000000000000000e+00,0.000000000000000000e+00,0.000000000000000000e+00,0.000000000000000000e+00,0.000000000000000000e+00,0.000000000000000000e+00,0.000000000000000000e+00
0.000000000000000000e+00,0.000000000000000000e+00,0.000000000000000000e+00,0.000000000000000000e+00,0.000000000000000000e+00,0.000000000000000000e+00,0.000000000000000000e+00,0.000000000000000000e+00,0.000000000000000000e+00,0.000000000000000000e+00,0.000000000000000000e+00,0.000000000000000000e+00,0.000000000000000000e+00,0.000000000000000000e+00,0.000000000000000000e+00,0.000000000000000000e+00,0.000000000000000000e+00,0.000000000000000000e+00,0.000000000000000000e+00,0.000000000000000000e+00,0.000000000000000000e+00,0.000000000000000000e+00,0.000000000000000000e+00,0.000000000000000000e+00,0.000000000000000000e+00,0.000000000000000000e+00,0.000000000000000000e+00,0.000000000000000000e+00,0.000000000000000000e+00,0.000000000000000000e+00,3.253846190195794346e-06,3.459239324423081085e-03,5.619848550036348270e-03,5.496971860495639822e-03,3.253846190195584705e-06,3.203953479105773119e-04,0.000000000000000000e+00,0.000000000000000000e+00,0.000000000000000000e+00,0.000000000000000000e+00,0.000000000000000000e+00,0.000000000000000000e+00,0.000000000000000000e+00,0.000000000000000000e+00,0.000000000000000000e+00,0.000000000000000000e+00,7.214410965950338039e-05,3.253846190195432239e-06,3.253846190195252244e-06,9.585658362016108653e-04,3.253846190195332289e-06,1.100573907984763638e-03,4.475718545495389476e-04,3.253846190195421227e-06,1.790089383908205056e-03,8.415678519801203234e-07,1.981646477394663528e-20,2.047166154138349389e-19,4.136576112633707445e-05,0.000000000000000000e+00,0.000000000000000000e+00,0.000000000000000000e+00,0.000000000000000000e+00,0.000000000000000000e+00,7.251155702482315821e-04,5.827235004497355286e-20,1.753770300637408613e-03,3.253846190195911660e-06,2.894602834069894340e-03,3.253846190195343724e-06,3.226368900119198544e-04,3.731959941884190838e-03,1.101341211123761524e-03,2.488241977682021690e-03,1.869483414128399992e-21,5.862479476550412861e-21,2.118752530601095644e-21,7.093824847645984373e-21,1.410079293110622534e-04,4.350697539567437220e-04,0.000000000000000000e+00,0.000000000000000000e+00,3.899266956819251190e-03,6.029919969130095007e-05,1.067610185783870719e-19,6.160424757683959571e-20,2.578833665704291672e-19,4.698833433510786578e-19,3.253846190195277655e-06,8.976179249861420545e-03,3.702531024021914023e-03,1.302615232766567655e-20,1.869483414128398488e-21,4.350697539567433426e-04,1.869483414128399992e-21,5.862479476550412861e-21,3.626820964150335893e-20,3.821485883066118444e-21,1.311262085565172689e-19,1.869483414128405258e-21,0.000000000000000000e+00,2.449746501237491050e-19,2.468634410267961355e-04,7.475870937973903143e-20,4.696692810433024729e-19,2.023313518512550666e-20,8.518360347380802720e-04,6.064046263906637015e-03,6.254724385027002603e-04,4.324749616334418525e-03,7.232514845804004959e-04,1.311262085565172689e-19,4.013380323032407558e-04,3.809133138696129656e-20,1.869483414128420305e-21,9.567128304869279506e-21,3.132663773224597545e-20,3.758290254785577792e-20,1.869483414128398488e-21,2.488311140589113675e-20,1.012635981851897279e-02,6.164861706510516590e-05,3.738415848337829812e-03,1.931149638810921369e-20,6.659361361854513126e-20,2.580472527418011892e-19,1.441318282424391462e-20,8.411943314316789552e-20,1.581185971342748998e-03,2.993435036336688777e-04,2.193890443670698694e-03,2.193890443670698694e-03,3.038099169547698805e-02,4.350697539567435594e-04,6.408416935081541243e-20,1.300344552522417105e-19,2.294798254601377414e-20,1.869483414128402249e-21,1.120491553375976131e-19,4.350697539567432884e-04,5.376808050111511576e-03,1.582518187584697113e-03,5.694367216357299616e-02,1.869483414128400744e-21,1.869483414128398488e-21,7.580853159514133183e-20,1.988097052734335065e-19,3.991943232922727947e-04,1.511922760446873836e-03,2.633966796135146044e-04,4.016051407404052850e-03,5.429808608115908181e-02,5.528502004894869088e-20,1.164429025351536668e-19,1.869483414128399992e-21,5.862479476550412861e-21,1.869483414128398488e-21,1.441318282424391462e-20,1.869483414128399992e-21,1.256046688894178493e-03,1.072025356919220412e-03,3.797887008871777669e-04,3.809133138696129656e-20,8.021116202962402529e-20,5.862479476550412861e-21,2.692416934263132618e-19,3.817486360911463619e-03,1.521422527939475695e-02,6.738221333260871991e-03,2.013623857380108725e-02,3.031671907296231566e-02,7.747125006235445371e-05,3.156314222161065060e-03,2.068151814436574527e-20,8.096998008717887814e-20,5.862479476550412861e-21,8.096998008717887814e-20,2.624845229215157566e-21,6.047247081346302042e-04,1.414414067475916470e-03,1.407212992963278574e-03,6.253070235626358379e-20,8.540719450314095843e-21,2.474822376158312957e-21,3.804695858447885558e-03,4.446620722695080082e-03,4.605858119379062409e-04,7.543349639555383887e-03,3.576355950776818893e-02,1.008562049108618769e-01,6.336746219639581568e-02,8.861457351506741784e-03,2.210709857770464684e-20,1.869483414128399992e-21,1.093425705735950715e-19,1.984340972709283988e-21,1.984340972709283988e-21,5.213077865972869189e-20,1.127502654543152379e-03,1.982712282902171497e-03,5.168101859789157870e-03,3.322564738018885164e-20,5.877333561345080004e-03,2.885562729027598739e-19,2.613986557432343922e-20,8.444387079459534363e-21,8.415575063342818591e-20,5.344945755887011221e-03,2.882096970948099489e-03,5.590467016424144342e-02,1.935295081137157480e-02,2.059677127643079822e-02,8.478785150185349367e-03,1.817846686087675487e-20,9.453697445204369787e-20,7.782688101695475783e-20,1.833212994313747675e-20,1.846076840126212315e-02,5.439571891601258731e-05,1.787315754087147324e-02,1.038401057702704805e-04,5.712848718596070768e-20,5.504768201218205055e-20,1.441318282424391462e-20,5.787044658056023557e-21,6.662147460478582766e-20,1.044804091214792969e-03,1.378173692299882078e-20,7.769053721656067960e-03,5.858394681719458720e-04,5.097765863639459188e-03,2.025383358001650244e-02,3.653436181493961710e-03,7.781627571310912803e-03,1.349749927802201474e-02,1.210307198400870088e-02,3.324623516616129291e-03,6.939987001347772263e-04,1.490008100998532151e-03,1.383070903142573534e-02,2.638986291278849338e-19,5.213077865972869189e-20,1.869483414128401121e-21,2.468415886028826703e-19,5.862479476550412861e-21,2.153545917312920592e-19,1.878545250121203124e-19,2.816732037737023372e-19,1.222677397614187807e-03,1.100438506911852795e-03,6.011755287163897155e-20,2.506535370998597459e-05,2.390694509789982022e-05,5.658465703857118966e-03,2.159012787371710992e-05,2.043171926164064561e-05,2.265617294228327184e-03,8.086943404473054308e-04,3.965257672568482487e-03,0.000000000000000000e+00,8.891823821224394498e-21,1.869483414128398488e-21,1.262375614678805243e-19,2.023299023449897307e-21,5.828726286456403003e-21,1.478926858236160290e-03,8.170146153658967153e-03,4.317594246557825577e-20,1.107527479314331900e-04,1.810962135961338357e-02,2.475840657208927103e-05,2.178319597574535806e-05,2.072132141467593154e-05,5.128605052761005950e-02,2.306967844086892094e-02,1.734262962938774838e-05,7.057993993331912800e-05,1.313447281117395993e-03,0.000000000000000000e+00,0.000000000000000000e+00,1.869483414128398488e-21,6.801579688480736269e-04,7.360871854428303234e-04,9.993856081368999251e-20,9.707100901270850546e-20,6.755610778200457417e-04,7.371222100547625895e-20,5.193813538004195671e-20,8.265127493958870343e-20,3.733294106898442052e-20,1.570141715911540278e-03,1.356015086018238884e-03,6.379936857061507165e-05,4.085959309769531325e-03,6.157908539743779316e-05,2.365433364010214451e-03,5.823231789828303348e-04,0.000000000000000000e+00,0.000000000000000000e+00,0.000000000000000000e+00,2.204658656504795798e-21,8.340384445882639353e-04,8.340384445882639353e-04,1.876491640770603883e-04,2.614936913818448031e-19,3.264851041788534259e-04,4.796015538176007925e-05,1.026735604888149205e-19,3.135708749198052536e-20,6.850930640932790053e-05,2.029009816412311387e-02,1.996287149430718902e-03,6.861827174410709863e-04,6.850243088289783471e-04,6.839624342679046041e-04,0.000000000000000000e+00,0.000000000000000000e+00,0.000000000000000000e+00,0.000000000000000000e+00,0.000000000000000000e+00,9.795125914543366613e-05,1.483471226409649587e-03,9.795125914543389653e-05,9.795125914543373390e-05,9.795125914543380166e-05,1.360018348559903761e-03,1.563815592398254537e-19,4.080181831464209982e-04,4.607060273718799803e-05,2.239961046407887464e-03,2.253828450201012142e-03,5.374538070179567771e-03,6.285927401436421612e-03,0.000000000000000000e+00,0.000000000000000000e+00,0.000000000000000000e+00,0.000000000000000000e+00,0.000000000000000000e+00,0.000000000000000000e+00,0.000000000000000000e+00,0.000000000000000000e+00,0.000000000000000000e+00,0.000000000000000000e+00,5.962015255004733671e-03,4.598988395546671406e-04,4.598988395546671406e-04,8.364149592891324120e-03,8.311746620237080510e-04,2.601908626817120776e-03,0.000000000000000000e+00,0.000000000000000000e+00,0.000000000000000000e+00,0.000000000000000000e+00,0.000000000000000000e+00,0.000000000000000000e+00,0.000000000000000000e+00,0.000000000000000000e+00,0.000000000000000000e+00,0.000000000000000000e+00,0.000000000000000000e+00,0.000000000000000000e+00,0.000000000000000000e+00,0.000000000000000000e+00,0.000000000000000000e+00,0.000000000000000000e+00,0.000000000000000000e+00,0.000000000000000000e+00,0.000000000000000000e+00,0.000000000000000000e+00,0.000000000000000000e+00,0.000000000000000000e+00,0.000000000000000000e+00,0.000000000000000000e+00,0.000000000000000000e+00,0.000000000000000000e+00,0.000000000000000000e+00,0.000000000000000000e+00,0.000000000000000000e+00,0.000000000000000000e+00,0.000000000000000000e+00,0.000000000000000000e+00,0.000000000000000000e+00,0.000000000000000000e+00,0.000000000000000000e+00,0.000000000000000000e+00,0.000000000000000000e+00,0.000000000000000000e+00,0.000000000000000000e+00,0.000000000000000000e+00,0.000000000000000000e+00,0.000000000000000000e+00,0.000000000000000000e+00,0.000000000000000000e+00,0.000000000000000000e+00,0.000000000000000000e+00,0.000000000000000000e+00,0.000000000000000000e+00,0.000000000000000000e+00,0.000000000000000000e+00,0.000000000000000000e+00
0.000000000000000000e+00,0.000000000000000000e+00,0.000000000000000000e+00,0.000000000000000000e+00,0.000000000000000000e+00,0.000000000000000000e+00,0.000000000000000000e+00,0.000000000000000000e+00,0.000000000000000000e+00,0.000000000000000000e+00,0.000000000000000000e+00,0.000000000000000000e+00,0.000000000000000000e+00,0.000000000000000000e+00,0.000000000000000000e+00,0.000000000000000000e+00,0.000000000000000000e+00,0.000000000000000000e+00,0.000000000000000000e+00,0.000000000000000000e+00,0.000000000000000000e+00,0.000000000000000000e+00,0.000000000000000000e+00,0.000000000000000000e+00,0.000000000000000000e+00,0.000000000000000000e+00,0.000000000000000000e+00,0.000000000000000000e+00,0.000000000000000000e+00,0.000000000000000000e+00,1.084615396731819471e-05,7.159595447178347671e-03,6.362043509268508826e-03,4.687753183462157157e-03,1.084615396731757129e-05,1.084615396731746965e-05,0.000000000000000000e+00,0.000000000000000000e+00,0.000000000000000000e+00,0.000000000000000000e+00,0.000000000000000000e+00,0.000000000000000000e+00,0.000000000000000000e+00,0.000000000000000000e+00,0.000000000000000000e+00,0.000000000000000000e+00,3.608148664742984982e-04,1.084615396731774578e-05,1.084615396731745101e-05,3.195219454005368033e-03,1.084615396731729177e-05,3.668579693282544157e-03,1.491906181831796022e-03,1.084615396731793213e-05,1.084615396731783726e-05,2.805226173266917679e-06,9.883795633312540880e-21,6.823887180461165112e-19,1.378858704211236041e-04,0.000000000000000000e+00,0.000000000000000000e+00,0.000000000000000000e+00,0.000000000000000000e+00,0.000000000000000000e+00,2.449646556279312312e-03,6.231611380427995961e-21,5.845901002124693352e-03,1.084615396731734259e-05,9.648676113566312731e-03,1.084615396731749167e-05,1.084615396731766616e-05,1.208693760436153723e-02,2.464645435715092162e-03,8.294139925606739544e-03,6.231611380427999723e-21,1.954159825516804087e-20,7.062508435336985982e-21,2.364608282548661357e-20,6.205831947071352496e-20,1.348784147131091859e-18,0.000000000000000000e+00,0.000000000000000000e+00,1.315974890169322592e-02,2.009973323043363241e-04,2.996989749814473065e-19,6.965846448808580016e-20,2.642195759308374219e-19,1.510106724223752617e-18,1.084615396731753402e-05,1.084615396731741883e-05,1.234177008007304559e-02,4.342050775888558851e-20,1.216420095112113239e-03,1.269711046232043259e-19,6.231611380427999723e-21,1.954159825516804087e-20,1.208940321383445217e-19,1.273828627688706098e-20,4.370873618550575952e-19,6.231611380428018531e-21,0.000000000000000000e+00,7.723691767623678899e-05,8.228781367559829260e-04,1.099952696898288054e-19,6.015570049352500723e-20,6.231611380428000475e-21,6.231611380428017026e-21,6.998067213224122562e-03,2.084908128342334056e-03,1.441583205444806060e-02,2.410838281934668537e-03,3.922248158988991058e-04,3.652685804507087509e-19,1.269711046232043259e-19,6.231611380428067432e-21,3.189042768289760036e-20,1.044221257741532355e-19,1.252763418261859184e-19,6.231611380427995961e-21,8.294370468630378917e-20,7.833674744135729270e-03,2.054953902170171564e-04,1.246138616112609822e-02,8.200567680521130057e-21,1.658076251153075204e-19,8.601575091393372330e-19,4.804394274747970738e-20,2.803981104772263184e-19,5.270619904475829995e-03,5.063480396232319936e-04,1.221884584397646391e-20,6.231611380428004237e-21,6.231611380427999723e-21,6.231611380428004237e-21,2.136138978360513908e-19,4.334481841741390349e-19,7.649327515337924715e-20,6.231611380428006494e-21,3.734971844586587265e-19,4.330992922578618809e-20,1.499640535100480246e-02,3.668351114153026692e-03,2.842788000364072573e-02,6.231611380428002732e-21,3.925521008317123424e-04,1.621923789623916270e-04,6.626990175781116242e-19,1.330647744307575982e-03,5.039742534822913220e-03,2.455974516879334889e-04,2.582375002078484230e-04,2.735747163723650454e-19,1.842834001631622708e-19,3.881430084505122868e-19,6.231611380427999723e-21,1.954159825516804087e-20,6.231611380427995961e-21,4.804394274747970738e-20,6.231611380427999723e-21,2.351462721044881264e-03,6.471297070305022641e-04,1.265962336290592412e-03,1.269711046232043259e-19,2.673705400987467189e-19,1.954159825516804087e-20,8.974723114210443343e-19,1.272495453637154453e-02,1.686431842130540343e-02,6.662209561493190151e-03,2.582375002078488024e-04,1.966501880203274516e-02,2.582375002078481519e-04,1.052104740720354904e-02,6.893839381455247822e-20,2.698999336239295697e-19,1.954159825516804087e-20,2.698999336239295697e-19,8.749484097383858555e-21,4.769546609998642252e-03,4.847540650676726917e-03,4.690709976544261625e-03,2.084356745208786447e-19,2.846906483438031647e-20,8.249407920527711110e-21,1.268231952815961766e-02,1.482206907565026578e-02,1.535286039793020947e-03,2.514449879851794398e-02,4.028735414368465190e-02,5.076842595677998060e-02,1.974971953509183781e-02,3.039228924709454216e-02,7.369032859234881478e-20,6.231611380427999723e-21,3.644752352453169049e-19,6.614469909030946627e-21,6.614469909030946627e-21,1.737692621990956276e-19,3.758342181810507641e-03,1.035417138458778362e-03,1.722700619929719290e-02,1.107521579339628468e-19,7.021463836543286514e-19,9.618542430091996439e-19,8.713288524774479740e-20,2.814795693153178121e-20,2.805191687780939851e-19,2.035745518786588604e-02,9.606989903160332786e-03,4.075591325380626025e-03,3.278105359073697767e-02,3.932087061571136466e-02,2.054953902170176443e-04,6.059488953625584555e-20,3.151232481734790250e-19,2.594229367231825261e-19,6.110709981045825582e-20,1.813190630533747941e-04,1.813190630533753091e-04,1.813190630533760951e-04,3.461336859009016016e-04,1.904282906198690256e-19,1.834922733739401765e-19,4.804394274747970738e-20,1.929014886018674318e-20,2.220715820159527910e-19,7.133512988312561763e-19,4.593912307666273393e-20,1.044329389204910092e-19,1.952798227239819573e-03,1.699255287879819845e-02,1.525442692995437367e-02,1.217812060497987237e-02,2.593875857103637370e-02,1.693454248300589951e-02,1.015444156556563615e-02,1.000720764851703928e-02,1.813190630533753362e-04,4.966693669995106593e-03,1.852493935933869490e-02,8.796620970929496510e-19,1.737692621990956276e-19,6.231611380428004237e-21,4.128649727408013804e-19,1.954159825516804087e-20,1.140452506797806111e-03,6.261817500404010413e-19,9.389106792456745215e-19,4.075591325380626025e-03,3.668128356372842794e-03,2.003918429054632224e-19,8.355117903328658198e-05,7.968981699299939171e-05,7.550667478275807686e-05,7.196709291239037091e-05,6.810573087213547632e-05,7.552057647427757280e-03,2.695647801491018319e-03,7.459747058681898829e-03,0.000000000000000000e+00,8.417277286488366995e-20,6.231611380427995961e-21,4.207918715596016836e-19,6.744330078166324860e-21,1.942908762152134535e-20,5.338227815563736413e-03,2.723382051219656180e-02,1.216420095112113456e-03,3.691758264381106696e-04,3.616417463901145518e-02,8.252802190696424580e-05,7.261065325248452010e-05,6.907107138225311192e-05,6.553148951199541184e-05,6.167012747161071114e-05,5.780876543129248558e-05,2.352664664443971114e-04,2.634943014529475547e-03,0.000000000000000000e+00,0.000000000000000000e+00,6.231611380427995961e-21,2.267193229493578901e-03,2.453623951476101295e-03,3.331285360456332763e-19,3.235700300423616608e-19,2.251870259400152834e-03,3.582938573436830060e-03,1.731271179334731730e-19,2.755042497986290435e-19,6.452731082033776869e-20,1.208466318203512051e-18,4.520050286727462369e-03,5.909588611142031935e-05,1.406347006858077453e-02,5.169494220083062434e-05,7.731209204243421826e-03,4.429399829029718587e-05,0.000000000000000000e+00,0.000000000000000000e+00,0.000000000000000000e+00,1.621923789623913289e-04,2.780128148627546234e-03,2.780128148627546234e-03,6.254972135902012219e-04,8.716456379394827411e-19,2.744684140639146001e-03,1.598671846058669218e-04,3.422452016293830441e-19,1.045236249732684179e-19,7.479567890713307156e-05,1.680129442628763500e-02,6.500721822311769996e-03,2.133707049012942454e-03,2.129845686972633295e-03,2.126306105102390015e-03,0.000000000000000000e+00,0.000000000000000000e+00,0.000000000000000000e+00,0.000000000000000000e+00,0.000000000000000000e+00,4.886965761138369188e-04,4.944904088032164857e-03,3.265041971514463489e-04,3.265041971514458068e-04,3.265041971514459694e-04,4.533394495199678624e-03,5.212718641327514801e-19,6.231611380428015522e-21,0.000000000000000000e+00,6.231611380427995961e-21,4.622467931041705731e-05,1.120898111153100125e-02,1.348655451676177876e-02,0.000000000000000000e+00,0.000000000000000000e+00,0.000000000000000000e+00,0.000000000000000000e+00,0.000000000000000000e+00,0.000000000000000000e+00,0.000000000000000000e+00,0.000000000000000000e+00,0.000000000000000000e+00,0.000000000000000000e+00,1.891444586537605749e-02,4.886965761138368104e-04,8.121665282014627280e-04,8.212537362996919638e-03,8.849231100930472688e-20,1.014333935088005120e-20,0.000000000000000000e+00,0.000000000000000000e+00,0.000000000000000000e+00,0.000000000000000000e+00,0.000000000000000000e+00,0.000000000000000000e+00,0.000000000000000000e+00,0.000000000000000000e+00,0.000000000000000000e+00,0.000000000000000000e+00,0.000000000000000000e+00,0.000000000000000000e+00,0.000000000000000000e+00,0.000000000000000000e+00,0.000000000000000000e+00,0.000000000000000000e+00,0.000000000000000000e+00,0.000000000000000000e+00,0.000000000000000000e+00,0.000000000000000000e+00,0.000000000000000000e+00,0.000000000000000000e+00,0.000000000000000000e+00,0.000000000000000000e+00,0.000000000000000000e+00,0.000000000000000000e+00,0.000000000000000000e+00,0.000000000000000000e+00,0.000000000000000000e+00,0.000000000000000000e+00,0.000000000000000000e+00,0.000000000000000000e+00,0.000000000000000000e+00,0.000000000000000000e+00,0.000000000000000000e+00,0.000000000000000000e+00,0.000000000000000000e+00,0.000000000000000000e+00,0.000000000000000000e+00,0.000000000000000000e+00,0.000000000000000000e+00,0.000000000000000000e+00,0.000000000000000000e+00,0.000000000000000000e+00,0.000000000000000000e+00,0.000000000000000000e+00,0.000000000000000000e+00,0.000000000000000000e+00,0.000000000000000000e+00,0.000000000000000000e+00,0.000000000000000000e+00
0.000000000000000000e+00,0.000000000000000000e+00,0.000000000000000000e+00,0.000000000000000000e+00,0.000000000000000000e+00,0.000000000000000000e+00,0.000000000000000000e+00,0.000000000000000000e+00,0.000000000000000000e+00,0.000000000000000000e+00,0.000000000000000000e+00,0.000000000000000000e+00,0.000000000000000000e+00,0.000000000000000000e+00,0.000000000000000000e+00,0.000000000000000000e+00,0.000000000000000000e+00,0.000000000000000000e+00,0.000000000000000000e+00,0.000000000000000000e+00,0.000000000000000000e+00,0.000000000000000000e+00,0.000000000000000000e+00,0.000000000000000000e+00,0.000000000000000000e+00,0.000000000000000000e+00,0.000000000000000000e+00,0.000000000000000000e+00,0.000000000000000000e+00,0.000000000000000000e+00,2.169230793463639280e-06,1.431919089435669187e-03,2.352483593044452093e-02,1.942995006016204774e-03,2.169230793463513919e-06,2.169230793463493591e-06,0.000000000000000000e+00,0.000000000000000000e+00,0.000000000000000000e+00,0.000000000000000000e+00,0.000000000000000000e+00,0.000000000000000000e+00,0.000000000000000000e+00,0.000000000000000000e+00,0.000000000000000000e+00,0.000000000000000000e+00,2.796994939863033883e-03,2.169230793463549495e-06,2.169230793463490203e-06,6.390438908010736933e-04,2.169230793463458015e-06,7.337159386565086580e-04,2.983812363663591177e-04,2.169230793463586764e-06,2.169230793463566435e-06,5.610452346533836204e-07,1.976759126662507875e-21,1.364777436092233408e-19,2.757717408422472082e-05,0.000000000000000000e+00,0.000000000000000000e+00,0.000000000000000000e+00,0.000000000000000000e+00,0.000000000000000000e+00,1.037519522847343313e-03,1.246322276085599493e-21,1.169180200424938497e-03,2.169230793463468180e-06,1.929735222713262893e-03,2.169230793463498673e-06,2.169230793463532554e-06,2.417387520872307100e-03,4.929290871430185191e-04,1.658827985121348082e-03,1.246322276085600246e-21,3.908319651033607571e-21,1.412501687067397347e-21,4.729216565097323918e-21,1.241166389414270499e-20,2.697568294262183718e-19,0.000000000000000000e+00,0.000000000000000000e+00,5.356781746906820810e-03,4.019946646086725939e-05,5.993979499628949019e-20,1.393169289761716244e-20,5.284391518616747474e-20,3.020213448447503308e-19,2.169230793463507143e-06,2.169230793463483426e-06,2.468354016014608771e-03,8.684101551777117702e-21,2.067914161690592376e-02,2.539422092464086036e-20,1.246322276085600246e-21,3.908319651033607571e-21,2.417880642766890194e-20,2.547657255377412798e-21,8.741747237101152866e-20,1.246322276085604007e-21,0.000000000000000000e+00,1.313027600496025332e-03,1.645756273511965202e-04,2.199905393796576589e-20,1.203114009870500145e-20,1.246322276085600246e-21,1.246322276085603255e-21,1.399613442644824512e-03,4.169816256684667679e-04,2.883166410889611772e-03,4.821676563869338808e-04,6.667821870281278457e-03,7.305371609014175982e-20,2.539422092464086036e-20,1.246322276085613035e-21,6.378085536579517665e-21,2.088442515483064228e-20,2.505526836523718127e-20,1.246322276085599493e-21,1.658874093726076987e-20,6.477349492622104868e-03,4.109907804340342586e-05,2.492277232225219297e-03,1.640113536104226312e-21,3.316152502306148964e-20,1.720315018278674273e-19,9.608788549495939068e-21,5.607962209544526368e-20,1.054123980895165132e-03,1.012696079246464096e-04,2.443769168795292180e-21,1.246322276085600998e-21,1.246322276085600246e-21,1.246322276085600998e-21,4.272277956721028298e-20,8.668963683482780697e-20,1.529865503067584943e-20,1.246322276085600998e-21,7.469943689173177419e-20,8.661985845157236415e-21,2.999281070200960839e-03,2.290259134522228471e-02,5.685576000728144452e-03,1.246322276085600998e-21,6.673385714139109387e-03,2.757270442360653349e-03,1.325398035156223056e-19,2.661295488615149796e-04,1.007948506964582991e-03,4.911949033758669777e-05,5.164750004156969001e-05,5.471494327447300908e-20,3.685668003263244453e-20,7.762860169010247662e-20,1.246322276085600246e-21,3.908319651033607571e-21,1.246322276085599493e-21,9.608788549495939068e-21,1.246322276085600246e-21,4.702925442089762528e-04,1.294259414061004962e-04,2.531924672581184390e-04,2.539422092464086036e-20,5.347410801974933414e-20,3.908319651033607571e-21,1.794944622842089054e-19,2.544990907274308212e-03,3.372863684261080339e-03,3.025965015461987151e-02,5.164750004156977133e-05,1.040396465973281032e-01,5.164750004156963580e-05,2.104209481440709462e-03,1.378767876291049083e-20,5.397998672478589469e-20,3.908319651033607571e-21,5.397998672478589469e-20,1.749896819476771711e-21,4.721770871443763118e-02,3.201003282853034405e-03,9.381419953088526720e-04,4.168713490417573858e-20,5.693812966876063895e-21,1.649881584105542222e-21,2.536463905631922838e-03,2.964413815130052809e-03,3.070572079586042329e-04,5.028899759703588102e-03,8.591168643706767472e-02,1.083728440205361243e-01,9.152354584588093256e-02,2.042730551622966989e-02,1.473806571846976055e-20,1.246322276085600246e-21,7.289504704906338097e-20,1.322893981806189325e-21,1.322893981806189325e-21,3.475385243981911589e-20,7.516684363621014414e-04,1.455593109450251804e-02,3.445401239859438580e-03,2.215043158679255973e-20,1.404292767308657110e-19,1.923708486018399480e-19,1.742657704954895948e-20,5.629591386306356242e-21,5.610383375561880666e-20,4.675977586404750364e-02,1.921397980632066904e-03,8.151182650761252049e-04,6.556210718147395533e-03,2.221302178995304341e-02,4.109907804340353428e-05,1.211897790725116791e-20,6.302464963469581463e-20,5.188458734463650522e-20,1.222141996209165116e-20,3.626381261067495882e-05,3.626381261067506724e-05,3.626381261067522987e-05,6.922673718018032031e-05,3.808565812397380512e-20,3.669845467478804975e-20,9.608788549495939068e-21,3.858029772037348035e-21,4.441431640319056782e-20,1.426702597662512160e-19,9.187824615332549193e-21,2.088658778409820184e-20,3.905596454479639146e-04,3.398510575759640037e-03,3.050885385990874388e-03,2.435624120995974473e-03,5.187751714207274045e-03,3.386908496601181290e-03,2.030888313113127230e-03,2.001441529703407510e-03,3.626381261067506724e-05,9.933387339990211451e-04,1.805383553867850183e-02,1.759324194185898917e-19,3.475385243981911589e-20,1.246322276085600998e-21,8.257299454816026645e-20,3.908319651033607571e-21,1.938769261556269261e-02,1.252363500080801120e-19,1.877821358491349236e-19,8.151182650761252049e-04,7.336256712745683854e-04,4.007836858109263967e-20,1.671023580665731640e-05,1.593796339859987563e-05,1.510133495655162079e-05,1.439341858247806876e-05,1.362114617442709933e-05,1.510411529485551456e-03,5.391295602982038374e-04,1.016842932484565698e-02,0.000000000000000000e+00,9.329950047144562731e-19,1.246322276085599493e-21,8.415837431192031745e-20,1.348866015633265122e-21,3.885817524304269672e-21,7.929968803358552337e-03,5.446764102439313748e-03,2.067914161690592376e-02,7.383516528762214476e-05,7.232834927802293812e-03,1.650560438139285187e-05,1.452213065049689860e-05,1.381421427645062103e-05,1.310629790239908508e-05,1.233402549432214223e-05,1.156175308625849441e-05,4.705329328887942770e-05,5.269886029058957165e-04,0.000000000000000000e+00,0.000000000000000000e+00,1.246322276085599493e-21,4.534386458987156067e-04,4.907247902952204324e-04,6.662570720912664563e-20,6.471400600847231290e-20,4.503740518800305667e-04,6.090995574842610061e-02,3.462542358669462978e-20,5.510084995972581834e-20,1.290546216406754652e-20,2.416932636407024101e-19,9.040100573454923003e-04,1.181917722228406522e-05,1.284522357206190415e-02,1.033898844016612351e-05,1.546241840848684365e-03,8.858799658059437175e-06,0.000000000000000000e+00,0.000000000000000000e+00,0.000000000000000000e+00,2.757270442360652482e-03,5.560256297255090734e-04,5.560256297255090734e-04,1.250994427180402227e-04,1.743291275878965675e-19,2.837646455684968844e-02,3.197343692117336810e-05,6.844904032587658956e-20,2.090472499465368357e-20,1.495913578142661973e-05,3.360258885257526654e-03,1.300144364462353999e-03,4.267414098025885776e-04,4.259691373945267458e-04,4.252612210204780897e-04,0.000000000000000000e+00,0.000000000000000000e+00,0.000000000000000000e+00,0.000000000000000000e+00,0.000000000000000000e+00,2.822571281790941557e-03,9.889808176064326245e-04,6.530083943028929146e-05,6.530083943028918304e-05,6.530083943028918304e-05,9.066788990399359850e-04,1.042543728265503345e-19,1.246322276085603255e-21,0.000000000000000000e+00,1.246322276085599493e-21,9.244935862083414173e-06,2.241796222306200251e-03,2.697310903352356098e-03,0.000000000000000000e+00,0.000000000000000000e+00,0.000000000000000000e+00,0.000000000000000000e+00,0.000000000000000000e+00,0.000000000000000000e+00,0.000000000000000000e+00,0.000000000000000000e+00,0.000000000000000000e+00,0.000000000000000000e+00,7.941789934044977961e-03,2.822571281790941557e-03,8.321560467280580964e-03,2.836797762314476577e-03,1.769846220186095019e-20,1.724367689649608824e-19,0.000000000000000000e+00,0.000000000000000000e+00,0.000000000000000000e+00,0.000000000000000000e+00,0.000000000000000000e+00,0.000000000000000000e+00,0.000000000000000000e+00,0.000000000000000000e+00,0.000000000000000000e+00,0.000000000000000000e+00,0.000000000000000000e+00,0.000000000000000000e+00,0.000000000000000000e+00,0.000000000000000000e+00,0.000000000000000000e+00,0.000000000000000000e+00,0.000000000000000000e+00,0.000000000000000000e+00,0.000000000000000000e+00,0.000000000000000000e+00,0.000000000000000000e+00,0.000000000000000000e+00,0.000000000000000000e+00,0.000000000000000000e+00,0.000000000000000000e+00,0.000000000000000000e+00,0.000000000000000000e+00,0.000000000000000000e+00,0.000000000000000000e+00,0.000000000000000000e+00,0.000000000000000000e+00,0.000000000000000000e+00,0.000000000000000000e+00,0.000000000000000000e+00,0.000000000000000000e+00,0.000000000000000000e+00,0.000000000000000000e+00,0.000000000000000000e+00,0.000000000000000000e+00,0.000000000000000000e+00,0.000000000000000000e+00,0.000000000000000000e+00,0.000000000000000000e+00,0.000000000000000000e+00,0.000000000000000000e+00,0.000000000000000000e+00,0.000000000000000000e+00,0.000000000000000000e+00,0.000000000000000000e+00,0.000000000000000000e+00,0.000000000000000000e+00
0.000000000000000000e+00,0.000000000000000000e+00,0.000000000000000000e+00,0.000000000000000000e+00,0.000000000000000000e+00,0.000000000000000000e+00,0.000000000000000000e+00,0.000000000000000000e+00,0.000000000000000000e+00,0.000000000000000000e+00,0.000000000000000000e+00,0.000000000000000000e+00,0.000000000000000000e+00,0.000000000000000000e+00,0.000000000000000000e+00,0.000000000000000000e+00,0.000000000000000000e+00,0.000000000000000000e+00,0.000000000000000000e+00,0.000000000000000000e+00,0.000000000000000000e+00,0.000000000000000000e+00,0.000000000000000000e+00,0.000000000000000000e+00,0.000000000000000000e+00,0.000000000000000000e+00,0.000000000000000000e+00,0.000000000000000000e+00,0.000000000000000000e+00,0.000000000000000000e+00,1.319677668723260363e-03,2.591089638997855910e-04,1.206359862213472744e-02,5.462288947611485847e-04,7.597982623413093837e-06,7.597982623412845657e-06,0.000000000000000000e+00,0.000000000000000000e+00,0.000000000000000000e+00,0.000000000000000000e+00,0.000000000000000000e+00,0.000000000000000000e+00,0.000000000000000000e+00,0.000000000000000000e+00,0.000000000000000000e+00,0.000000000000000000e+00,5.865624819418286534e-03,7.597982623412916808e-06,2.544214527300013920e-03,7.597982623412875303e-06,4.960251798608305077e-03,7.597982623412722837e-06,1.718627575168757255e-06,7.778069594740435868e-20,1.203188991798856796e-21,1.130125920360889801e-20,1.304378380048406937e-21,4.253539281509091675e-21,1.054010013289831449e-19,0.000000000000000000e+00,0.000000000000000000e+00,0.000000000000000000e+00,0.000000000000000000e+00,0.000000000000000000e+00,5.783500197626807943e-04,7.597982623412750789e-06,4.129141195253230485e-03,1.877264947158928995e-03,7.597982623412722837e-06,7.597982623412804999e-06,1.596824699586226137e-21,1.213206057435875979e-19,4.770392256803006304e-04,1.116230867798509441e-03,1.116230867798509441e-03,1.116230867798509441e-03,1.617407928790220856e-20,7.027460234703128199e-20,1.447831172103440337e-20,3.305959001941405177e-03,0.000000000000000000e+00,0.000000000000000000e+00,1.923885299872449750e-03,8.515865127985722788e-20,9.677029271202088750e-03,7.597982623413184470e-06,7.597982623412722837e-06,5.119124614899056222e-03,2.258260776714212520e-02,1.865271428206558349e-02,1.886193060643191408e-02,2.870917900522361454e-02,1.094778085600901958e-02,1.831337887060664355e-21,1.116230867798509441e-03,2.334121092079773678e-19,1.203188991798856796e-21,7.027460234703128199e-20,1.808493349245198574e-20,1.069012609640495812e-02,0.000000000000000000e+00,1.909817846642543684e-03,1.189287073757924491e-03,1.130125920360889801e-20,5.542444883915322229e-19,3.779391274804297374e-03,3.431159692637095280e-03,2.365625741115731998e-02,6.818070953526849159e-21,1.203188991798856796e-21,1.203188991798856796e-21,3.530023343090087778e-03,1.203188991798857924e-21,1.203188991798856796e-21,1.892578018867708148e-20,1.172597088931496852e-19,1.203188991798856796e-21,7.027460234703128199e-20,5.276940327318737352e-20,5.061827330915801568e-05,9.917593270432338570e-03,6.072221320128627642e-03,5.087738037516155182e-04,5.849250432373306199e-20,8.675416364101370038e-19,7.058903102937147294e-21,1.524045389527523518e-21,1.769576003033020702e-19,2.449744000879585935e-20,0.000000000000000000e+00,1.203188991798856796e-21,3.522362950948617156e-19,1.203188991798856796e-21,3.522362950948617156e-19,1.366576007519424687e-21,1.837027620834447939e-20,2.038015526651754324e-20,3.493764885743867052e-20,1.078680496132277741e-19,1.366835859927953770e-04,1.797682737330346021e-05,1.187620774413839994e-02,3.095890230414572797e-19,4.428180568876974927e-21,6.275611873026306145e-03,6.388018228808514318e-03,6.789796727901154134e-03,5.092928803849926364e-19,6.758352720276314129e-20,1.203188991798866576e-21,6.372091670678804883e-20,1.203188991798856796e-21,2.038015526651754324e-20,1.203188991798856796e-21,4.253539281509091675e-21,6.190443602347447818e-20,3.522362950948617156e-19,2.995845112393898699e-21,2.505921011037133041e-19,4.698938713232463267e-03,2.402494991549647543e-20,2.409958657541779502e-20,1.102912647508179239e-19,1.203188991798856796e-21,1.691658286093122617e-20,4.073824275062713253e-03,7.175754077725288779e-04,4.636712336201635407e-03,1.549671870124351772e-02,4.562255127239667023e-03,5.819081378987622788e-02,1.203188991798856796e-21,1.203188991798856796e-21,1.203188991798884632e-21,4.253539281509091675e-21,9.994082380741689167e-21,4.253539281509091675e-21,2.995845112393898699e-21,2.492086183194167082e-02,1.332127417805842665e-03,1.732780698807717757e-19,1.203188991798856796e-21,5.786833094940679195e-20,6.190443602347447818e-20,3.866495372647407181e-19,1.935678414358515950e-19,1.381506656823709364e-02,3.095223156135342921e-02,4.375915530490116778e-02,6.861335183814687433e-02,7.059012632505290430e-02,7.686882678648622458e-03,2.478714900072309153e-19,1.366576007519424687e-21,3.552999825164599878e-20,9.994082380741689167e-21,9.994082380741689167e-21,9.994082380741689167e-21,8.889687931148629500e-21,7.823566264641416967e-03,7.027460234703128199e-20,7.854842484555210902e-21,1.689335599930872034e-21,5.849250432373306199e-20,1.203188991798856796e-21,7.103202883292878377e-03,2.087642825549149844e-02,2.492026381462094514e-02,2.051539800438267110e-03,1.468030698204502742e-05,1.420037925892315533e-05,7.700643124161415595e-03,1.332051176669065150e-05,1.288057802053934258e-05,1.236065632057439256e-05,3.586398156037313223e-19,5.513796470346232236e-20,1.203188991798866576e-21,1.366835859927953770e-04,3.166490145908502940e-04,7.027460234703128199e-20,2.697500881256459740e-19,4.141573924272722595e-21,5.849250432373306199e-20,5.051663082854609965e-03,6.003757240741763521e-03,3.188570165079600283e-02,5.066023438021330372e-03,5.065543510298255517e-03,1.344049369750179143e-05,1.296056597445357055e-05,1.248063825134249136e-05,1.200071052829134482e-05,1.156077678213210937e-05,1.108084905911690753e-05,1.064091531297907661e-05,1.012099361296941171e-05,9.721053843745926378e-06,1.366835859927954312e-04,1.254929196974281617e-02,5.708474976097994100e-19,9.994082380741689167e-21,1.203188991798856796e-21,2.716844422378232508e-19,1.678710270179876600e-19,1.026407256118024719e-02,3.743511084204678318e-21,1.308054790510040642e-05,1.268060813592100407e-05,1.216068643597800236e-05,1.172075268983719157e-05,1.128081894370252516e-05,1.080089122063772954e-05,1.028096952063069045e-05,9.841035774501500949e-06,9.361108051460994845e-06,8.111727737291111410e-05,1.451248325750733388e-04,9.053898991041111483e-03,0.000000000000000000e+00,4.990382234126144546e-19,1.203188991798856796e-21,1.400008412787037953e-03,4.952653815984893806e-03,4.952653815984892072e-03,8.628898408973715434e-03,1.483663417390863660e-20,1.095958159665267814e-02,1.132081292063456866e-05,1.187119946277434166e-03,5.180123911554227492e-05,9.921023728356683944e-06,9.481089982269114258e-06,9.041156236096902263e-06,8.561228513107563726e-06,8.081300789972366115e-06,1.442849590597222124e-04,1.366835859927960275e-04,0.000000000000000000e+00,0.000000000000000000e+00,7.175754077725287694e-04,1.404039792986925889e-19,2.698188920746809315e-19,1.011779018033451879e-03,1.031371937478745469e-19,6.110557414747984405e-04,5.157069431293194450e-02,2.325249705462793109e-02,2.521901966264034935e-03,4.719576114584889928e-04,4.714776837354616801e-04,4.709977560123928425e-04,8.241276697714655083e-06,5.382290761254345662e-03,7.321415228477659326e-06,2.688094120368497014e-02,1.561877433737647938e-03,0.000000000000000000e+00,0.000000000000000000e+00,0.000000000000000000e+00,4.228846618872317623e-03,6.407844289537737424e-05,7.748482211300559586e-19,6.003757240741763521e-03,6.003757240741763521e-03,1.941530147174905935e-02,9.681059866807911293e-06,1.514652159801298248e-02,8.841186351539084257e-06,8.361258628465255877e-06,4.701978764739692465e-04,4.697579427278099416e-04,4.692780150047377971e-04,4.687980872817180738e-04,6.041607967001419300e-06,0.000000000000000000e+00,0.000000000000000000e+00,0.000000000000000000e+00,0.000000000000000000e+00,0.000000000000000000e+00,2.303929665572030782e-03,7.175754077725288779e-04,9.165311596477905845e-20,4.350097285565167164e-21,1.173924305488201893e-19,1.524045389527523518e-21,5.235159750600983791e-03,3.138389157166196399e-03,1.345283108817672964e-19,7.081451366938962979e-06,3.304975847871835385e-04,6.201583874678884837e-06,2.050129736002111343e-04,0.000000000000000000e+00,0.000000000000000000e+00,0.000000000000000000e+00,0.000000000000000000e+00,0.000000000000000000e+00,0.000000000000000000e+00,0.000000000000000000e+00,0.000000000000000000e+00,0.000000000000000000e+00,0.000000000000000000e+00,8.300203870648146381e-03,1.008345880595346716e-02,1.379274848720534949e-02,6.397983694902280348e-04,0.000000000000000000e+00,9.129005415792044874e-20,0.000000000000000000e+00,0.000000000000000000e+00,0.000000000000000000e+00,0.000000000000000000e+00,0.000000000000000000e+00,0.000000000000000000e+00,0.000000000000000000e+00,0.000000000000000000e+00,0.000000000000000000e+00,0.000000000000000000e+00,0.000000000000000000e+00,0.000000000000000000e+00,0.000000000000000000e+00,0.000000000000000000e+00,0.000000000000000000e+00,0.000000000000000000e+00,0.000000000000000000e+00,0.000000000000000000e+00,0.000000000000000000e+00,0.000000000000000000e+00,0.000000000000000000e+00,0.000000000000000000e+00,0.000000000000000000e+00,0.000000000000000000e+00,0.000000000000000000e+00,0.000000000000000000e+00,0.000000000000000000e+00,0.000000000000000000e+00,0.000000000000000000e+00,0.000000000000000000e+00,0.000000000000000000e+00,0.000000000000000000e+00,0.000000000000000000e+00,0.000000000000000000e+00,0.000000000000000000e+00,0.000000000000000000e+00,0.000000000000000000e+00,0.000000000000000000e+00,0.000000000000000000e+00,0.000000000000000000e+00,0.000000000000000000e+00,0.000000000000000000e+00,0.000000000000000000e+00,0.000000000000000000e+00,0.000000000000000000e+00,0.000000000000000000e+00,0.000000000000000000e+00,0.000000000000000000e+00,0.000000000000000000e+00,0.000000000000000000e+00,0.000000000000000000e+00
0.000000000000000000e+00,0.000000000000000000e+00,0.000000000000000000e+00,0.000000000000000000e+00,0.000000000000000000e+00,0.000000000000000000e+00,0.000000000000000000e+00,0.000000000000000000e+00,0.000000000000000000e+00,0.000000000000000000e+00,0.000000000000000000e+00,0.000000000000000000e+00,0.000000000000000000e+00,0.000000000000000000e+00,0.000000000000000000e+00,0.000000000000000000e+00,0.000000000000000000e+00,0.000000000000000000e+00,0.000000000000000000e+00,0.000000000000000000e+00,0.000000000000000000e+00,0.000000000000000000e+00,0.000000000000000000e+00,0.000000000000000000e+00,0.000000000000000000e+00,0.000000000000000000e+00,0.000000000000000000e+00,0.000000000000000000e+00,0.000000000000000000e+00,0.000000000000000000e+00,8.574457123803461145e-03,1.567181135721545503e-03,1.664313746212523469e-04,8.864313060648365108e-06,8.864313060648610748e-06,8.864313060648319368e-06,0.000000000000000000e+00,0.000000000000000000e+00,0.000000000000000000e+00,0.000000000000000000e+00,0.000000000000000000e+00,0.000000000000000000e+00,0.000000000000000000e+00,0.000000000000000000e+00,0.000000000000000000e+00,0.000000000000000000e+00,5.140208976882890829e-03,8.864313060648404072e-06,1.288732007333982972e-02,5.578865752461916253e-03,7.873695378946551221e-03,3.834668030698731595e-03,2.005065504363550237e-06,9.074414527197175982e-20,1.403720490431999595e-21,1.318480240421038026e-20,3.918863359772556961e-19,4.962462495093939410e-21,2.233474342229713133e-19,0.000000000000000000e+00,0.000000000000000000e+00,0.000000000000000000e+00,0.000000000000000000e+00,0.000000000000000000e+00,1.011897392993537986e-03,8.864313060648207560e-06,6.000238565244633837e-03,2.190142438352083755e-03,6.723228620896292210e-03,3.301417185111143928e-03,1.862962149517263544e-21,1.415407067008521654e-19,5.565457632936839875e-04,1.302269345764927753e-03,1.302269345764927753e-03,1.302269345764927970e-03,1.886975916921924181e-20,8.198703607153648762e-20,1.689136367454013827e-20,3.856952168931638940e-03,0.000000000000000000e+00,0.000000000000000000e+00,5.415128707460820784e-04,9.935175982650010521e-20,1.128986748306910412e-02,8.864313060648715780e-06,8.864313060648177067e-06,1.056425950664609432e-02,2.892630682918143417e-02,3.175701137294773685e-02,2.318670697281143694e-02,3.349404217276089057e-02,1.403720490431999595e-21,2.794432432169278550e-21,1.302269345764927753e-03,2.723141274093068970e-19,1.403720490431999595e-21,8.198703607153648762e-20,2.109908907452731620e-20,1.247181377913911607e-02,0.000000000000000000e+00,4.608826771231142212e-03,1.551231884685003778e-03,1.318480240421038026e-20,6.466185697901209106e-19,4.409289820605013892e-03,9.358832889773929103e-03,2.759896697968354171e-02,1.939652965264631115e-02,1.403720490431999595e-21,1.403720490431999595e-21,2.109908907452731620e-20,1.403720490432000724e-21,1.403720490431999595e-21,2.663476420508694357e-20,2.863749400023729864e-19,1.403720490431999595e-21,8.198703607153648762e-20,6.156430381871859442e-20,5.905465219401768496e-05,9.463960161655824571e-03,7.084258206816733405e-03,5.935694377102180685e-04,6.824125504435523097e-20,1.012131909145159645e-18,8.235386953426672345e-21,1.778052954448777249e-21,7.045169408453774706e-03,5.107078188950617877e-04,0.000000000000000000e+00,1.403720490431999595e-21,4.109423442773387323e-19,1.403720490431999595e-21,4.109423442773387323e-19,1.594338675439328990e-21,2.143198890973522696e-20,2.377684781093713780e-20,4.076059033367844593e-20,1.258460578820990538e-19,1.594641836582612370e-04,2.097296526885403240e-05,2.055502904104488970e-20,3.611871935483668584e-19,5.097107658582239906e-19,3.199750126464377502e-03,6.454274289105134225e-03,1.216077029020366795e-02,3.752367032818701691e-03,7.884744840322366082e-20,1.403720490432011256e-21,7.434106949125271963e-20,1.403720490431999595e-21,2.377684781093713780e-20,2.055502904104488970e-20,4.962462495093939410e-21,7.222184202738688318e-20,4.109423442773387323e-19,3.495152631126214899e-21,2.923574512876655054e-19,5.482095165437872800e-03,2.802910823474588951e-20,3.267087165628444220e-20,1.286731422092875739e-19,2.364693420301209620e-19,1.973601333775309921e-20,4.828413540715112591e-03,7.647679641340462617e-03,2.513637549181862302e-02,8.502618267705066429e-03,5.322630981779612538e-03,5.322630981779612538e-03,1.403720490431999595e-21,1.403720490431999595e-21,1.403720490432032321e-21,2.411377104570682951e-20,1.165976277753196969e-20,4.962462495093939410e-21,2.264646118173910500e-20,1.594641836582617791e-04,1.594641836582611015e-04,2.025028936473117544e-19,1.405774927652701857e-21,6.751305277430791190e-20,7.222184202738688318e-20,4.510911268088641711e-19,2.258291483418268248e-19,1.611757766294327418e-02,5.449538936735614375e-02,2.393463100511312135e-03,2.466332972881414565e-02,4.602317010120100110e-02,7.359015888385085982e-03,2.891834050084360518e-19,1.594338675439328990e-21,4.145166462692033392e-20,1.165976277753196969e-20,1.165976277753196969e-20,8.204714002038797676e-20,1.037130258634006725e-20,1.594641836582611015e-04,8.198703607153648762e-20,9.163982898647748059e-21,1.970891533252683977e-21,6.833904625606067667e-20,1.403720490431999595e-21,1.459049132750583205e-02,4.666515587867146875e-02,2.393463100511313002e-03,2.393463100511312135e-03,5.612162638836111148e-03,1.656710913541035014e-05,1.605385309825426706e-05,1.554059706113909229e-05,1.900329284515463570e-03,1.832529790889465523e-03,4.184131182043531773e-19,6.435145317896487649e-20,1.403720490432011256e-21,1.594641836582612370e-04,3.694238503559920186e-04,8.198703607153648762e-20,3.147084361465869857e-19,4.831836244984842526e-21,6.824125504435523097e-20,5.893606929997044670e-03,1.195810709002398213e-02,3.719998525926200561e-02,5.910360677691552100e-03,1.030629780911296832e-02,1.568057598041875441e-05,1.512066030352916734e-05,1.456074462656624076e-05,1.400082894967323506e-05,1.348757291248746009e-05,1.292765723563639099e-05,1.241440119847558994e-05,1.180782588179764671e-05,1.134122948437024970e-05,2.492655563967362264e-04,1.317114471456782426e-02,6.706465672782088044e-19,1.165976277753196969e-20,1.403720490431999595e-21,3.169651826107937766e-19,1.958495315209855793e-19,4.962462495093939410e-21,4.367429598238790618e-21,1.526063922261714252e-05,1.479404282524117057e-05,1.418746750864100360e-05,2.847096875346490519e-03,1.316095543431961325e-05,2.518936540236907558e-03,1.199446444073580467e-05,1.148120840358508501e-05,1.092129272670449512e-05,4.437899301210619738e-04,1.693123046709188592e-04,1.016778488413165940e-02,0.000000000000000000e+00,9.617553508731788027e-21,1.403720490431999595e-21,1.633343148251544062e-03,5.778096118649043642e-03,5.778096118649041039e-03,1.001743689296802874e-02,1.035601743718249715e-02,1.376753075093390703e-05,1.320761507407367135e-05,1.447172042217402576e-03,6.043477896813265069e-05,1.157452768308279794e-05,1.106127164598063358e-05,1.054801560877977295e-05,9.988099931958826041e-06,9.428184254967761032e-06,1.683324522363425721e-04,3.586695796557865662e-03,0.000000000000000000e+00,0.000000000000000000e+00,8.371713090679501045e-04,1.638046425151413216e-19,3.147887074204610707e-19,1.180408854372360598e-03,1.203267260391869995e-19,8.028997645988734250e-03,2.254495501066722599e-02,2.712791323039924832e-02,2.942218960641374524e-03,3.300678586165948277e-03,8.920233483808475338e-04,5.494973820144583975e-04,9.614822814000452953e-06,9.008247497309312954e-06,8.541651099890601418e-06,3.136109807096580659e-02,2.994546468244973017e-03,0.000000000000000000e+00,0.000000000000000000e+00,0.000000000000000000e+00,3.230634409579261589e-03,7.475818337794025187e-05,9.039895913183986505e-19,7.004383447532058597e-03,9.276837918107202693e-03,5.258980219922743116e-03,6.167021248107011459e-03,1.966658092462170507e-02,1.031471741012892937e-05,8.493776372736213612e-04,5.485641892196307153e-04,5.480509331824448506e-04,5.474910175055275113e-04,6.250717088107842021e-04,9.684991536664326313e-05,0.000000000000000000e+00,0.000000000000000000e+00,0.000000000000000000e+00,0.000000000000000000e+00,0.000000000000000000e+00,6.263995038129405515e-03,8.371713090679503214e-04,1.069286352922422409e-19,5.075113499826029362e-21,1.369578356402902129e-19,4.271214946075257805e-03,2.243382960402128673e-02,3.661454016693895148e-03,1.569496960287285044e-19,8.261693261428789295e-06,3.855805155850474796e-04,7.235181187125364513e-06,3.289831752720544429e-04,0.000000000000000000e+00,0.000000000000000000e+00,0.000000000000000000e+00,0.000000000000000000e+00,0.000000000000000000e+00,0.000000000000000000e+00,0.000000000000000000e+00,0.000000000000000000e+00,0.000000000000000000e+00,0.000000000000000000e+00,7.788864541417042653e-03,1.980809849450268501e-02,1.099208542571439295e-02,3.168938151411115033e-03,8.512362756731142038e-03,0.000000000000000000e+00,0.000000000000000000e+00,0.000000000000000000e+00,0.000000000000000000e+00,0.000000000000000000e+00,0.000000000000000000e+00,0.000000000000000000e+00,0.000000000000000000e+00,0.000000000000000000e+00,0.000000000000000000e+00,0.000000000000000000e+00,0.000000000000000000e+00,0.000000000000000000e+00,0.000000000000000000e+00,0.000000000000000000e+00,0.000000000000000000e+00,0.000000000000000000e+00,0.000000000000000000e+00,0.000000000000000000e+00,0.000000000000000000e+00,0.000000000000000000e+00,0.000000000000000000e+00,0.000000000000000000e+00,0.000000000000000000e+00,0.000000000000000000e+00,0.000000000000000000e+00,0.000000000000000000e+00,0.000000000000000000e+00,0.000000000000000000e+00,0.000000000000000000e+00,0.000000000000000000e+00,0.000000000000000000e+00,0.000000000000000000e+00,0.000000000000000000e+00,0.000000000000000000e+00,0.000000000000000000e+00,0.000000000000000000e+00,0.000000000000000000e+00,0.000000000000000000e+00,0.000000000000000000e+00,0.000000000000000000e+00,0.000000000000000000e+00,0.000000000000000000e+00,0.000000000000000000e+00,0.000000000000000000e+00,0.000000000000000000e+00,0.000000000000000000e+00,0.000000000000000000e+00,0.000000000000000000e+00,0.000000000000000000e+00,0.000000000000000000e+00,0.000000000000000000e+00
0.000000000000000000e+00,0.000000000000000000e+00,0.000000000000000000e+00,0.000000000000000000e+00,0.000000000000000000e+00,0.000000000000000000e+00,0.000000000000000000e+00,0.000000000000000000e+00,0.000000000000000000e+00,0.000000000000000000e+00,0.000000000000000000e+00,0.000000000000000000e+00,0.000000000000000000e+00,0.000000000000000000e+00,0.000000000000000000e+00,0.000000000000000000e+00,0.000000000000000000e+00,0.000000000000000000e+00,0.000000000000000000e+00,0.000000000000000000e+00,0.000000000000000000e+00,0.000000000000000000e+00,0.000000000000000000e+00,0.000000000000000000e+00,0.000000000000000000e+00,0.000000000000000000e+00,0.000000000000000000e+00,0.000000000000000000e+00,0.000000000000000000e+00,0.000000000000000000e+00,2.062898697859115449e-02,3.833786990203767123e-03,1.233919830992889282e-05,6.704257465727059381e-05,1.296925360747483305e-04,6.727136912994759516e-07,0.000000000000000000e+00,0.000000000000000000e+00,0.000000000000000000e+00,0.000000000000000000e+00,0.000000000000000000e+00,0.000000000000000000e+00,0.000000000000000000e+00,0.000000000000000000e+00,0.000000000000000000e+00,0.000000000000000000e+00,1.099858635133117756e-03,1.279447914112873141e-04,2.692318948140426382e-02,1.512203881535156488e-02,5.664013533304149833e-03,1.053458405972596684e-02,7.273363119783056874e-04,5.467911890703616110e-04,2.094818188363371708e-05,4.736048414353493256e-11,4.736048525820876507e-11,4.736048414373946589e-11,6.727136912996819924e-07,0.000000000000000000e+00,0.000000000000000000e+00,0.000000000000000000e+00,0.000000000000000000e+00,0.000000000000000000e+00,1.844084636615717131e-03,4.736048417716275837e-11,3.210748082341642433e-03,4.736048414577273400e-11,1.822470316862866146e-02,8.936929271497544638e-03,4.736048422807955078e-11,1.557166076727261716e-03,1.898914278815239998e-07,6.918445535786412045e-05,6.937385897758360288e-05,1.143870312971137027e-03,2.321961828143976562e-03,4.736048414399254439e-11,5.788453281183777153e-05,3.339414559067397284e-06,0.000000000000000000e+00,0.000000000000000000e+00,5.528378535181478545e-09,4.736048423303788463e-11,4.736048416269504634e-11,4.736048414372833773e-11,4.736048425921104890e-11,1.246385742774334428e-02,7.002670178236226894e-03,2.713067378548713118e-02,3.233285784368412474e-03,2.260335551341674173e-03,0.000000000000000000e+00,1.785651387814985707e-21,1.227852014414626788e-20,1.417618720413854865e-04,1.003736226600403670e-03,9.006074944564870311e-04,1.453688236223524158e-04,2.197856823117891377e-04,0.000000000000000000e+00,8.664013638945682744e-03,4.444108579387328695e-04,4.736048414353964362e-11,4.736048420755515122e-11,4.736048414358322569e-11,1.453720743577701681e-02,4.736048425635687512e-11,5.264772339025761139e-02,3.914811916518093086e-12,0.000000000000000000e+00,0.000000000000000000e+00,6.593096150032928251e-04,4.411230335513524224e-04,1.060454928417723919e-08,6.957798791980605280e-09,6.957798791498883416e-09,6.957798791517121094e-09,6.266004248879272898e-07,1.235562109224654006e-04,2.613588629041376302e-03,4.736048415777533795e-11,4.736048414372839589e-11,4.736048420347832695e-11,4.736048422282058848e-11,4.736048414357165809e-11,1.497038587359209824e-11,1.912260268008881756e-02,1.386206937000881902e-03,0.000000000000000000e+00,3.712508897079460951e-04,1.344031976602061678e-03,2.263054893344373323e-03,0.000000000000000000e+00,0.000000000000000000e+00,1.095869323238432948e-03,6.957798791483855198e-09,6.957798791625524768e-09,1.450585461378373767e-07,6.494146644776099115e-05,4.736048418940017175e-11,4.736048431437576272e-11,4.736048421490514210e-11,4.736048556656360931e-11,0.000000000000000000e+00,1.912502908200839355e-03,1.150678210172296524e-02,1.018499623193647521e-02,0.000000000000000000e+00,1.717844168363970607e-03,5.771848255102966958e-03,0.000000000000000000e+00,0.000000000000000000e+00,5.198212320880640976e-20,0.000000000000000000e+00,0.000000000000000000e+00,0.000000000000000000e+00,6.957798791483751801e-09,6.957798791494227216e-09,6.494146644776095049e-05,4.736048415486183335e-11,1.236272272109190922e-20,0.000000000000000000e+00,6.380352584648700407e-19,0.000000000000000000e+00,2.052503585281419097e-04,1.848566547331110393e-02,5.354438250839298197e-02,2.603296412757230907e-02,6.488081724270027342e-03,2.180525633742538968e-04,0.000000000000000000e+00,0.000000000000000000e+00,0.000000000000000000e+00,5.198212320880640976e-20,0.000000000000000000e+00,0.000000000000000000e+00,5.198212320880640976e-20,2.057130841495949532e-05,6.957798791648665972e-09,9.368233726402530852e-22,5.576329599049123478e-24,0.000000000000000000e+00,0.000000000000000000e+00,0.000000000000000000e+00,0.000000000000000000e+00,0.000000000000000000e+00,4.990065690996652731e-02,5.185698360718504416e-03,2.223942238838955490e-02,5.475249302104506777e-02,2.095121415989327843e-02,0.000000000000000000e+00,0.000000000000000000e+00,0.000000000000000000e+00,0.000000000000000000e+00,0.000000000000000000e+00,2.232544560175945931e-19,6.957798791483751801e-09,6.957798791485401199e-09,0.000000000000000000e+00,0.000000000000000000e+00,0.000000000000000000e+00,2.654332889147383992e-22,0.000000000000000000e+00,1.710928637756457121e-02,6.055387648067091927e-02,0.000000000000000000e+00,0.000000000000000000e+00,1.977759897866557953e-02,4.826260813553949654e-03,8.583599074318168388e-08,4.872881996273455435e-10,5.117248603593691977e-03,4.934867806382527491e-03,4.377453108449623147e-10,6.467516289300156935e-23,0.000000000000000000e+00,5.995192496481968828e-09,1.215743331238571454e-07,1.132508682670637414e-07,0.000000000000000000e+00,0.000000000000000000e+00,0.000000000000000000e+00,0.000000000000000000e+00,1.344582131533522164e-02,0.000000000000000000e+00,0.000000000000000000e+00,1.538537714041905702e-02,2.750737911819776428e-03,4.741739055373840384e-10,4.566881800571461455e-10,6.290448522678790085e-05,4.231738729165475096e-10,4.056881474678477387e-10,3.896595657615257907e-10,3.707166965048896873e-10,1.383502110545415789e-07,2.438918751285529978e-04,2.035281946313113183e-02,1.264265446696417482e-20,0.000000000000000000e+00,0.000000000000000000e+00,2.168537404560461556e-20,0.000000000000000000e+00,0.000000000000000000e+00,8.724337215305402174e-04,5.777874731550888127e-03,4.576908412132866004e-04,3.957595824856585871e-04,7.690719088091771231e-03,4.129738663869837499e-10,6.802911039646776341e-03,3.765452716625754172e-10,3.605166900607992241e-10,3.430309645106461130e-10,9.477016161262849861e-04,3.095166573641689630e-10,1.364730145881714284e-02,0.000000000000000000e+00,1.784425471695719454e-23,0.000000000000000000e+00,1.126865656597512898e-05,3.311659941097443437e-05,1.340401532787627997e-03,1.385753018393166489e-02,2.810919018663820754e-02,1.518439686146162248e-04,4.492894028820064311e-07,1.688256354949330682e-04,3.809167030286941503e-10,3.634309775597653674e-10,3.474023958789699028e-10,3.313738143462286010e-10,3.138880887311832225e-10,2.964023632625317518e-10,2.789166377946376167e-10,9.302485806441780636e-03,0.000000000000000000e+00,0.000000000000000000e+00,7.510710415058422072e-21,2.114422093485176873e-04,8.676352647084099867e-05,0.000000000000000000e+00,2.824337561734292009e-03,2.165283930079806018e-02,0.000000000000000000e+00,3.867452781858735423e-10,3.707166966646485591e-10,7.464452650824757694e-03,9.281939019023935974e-04,3.182595200969235204e-10,3.022309384861318858e-10,2.832880691678599184e-10,2.687166312800104124e-10,6.198938570031181824e-07,3.183402036845420485e-03,0.000000000000000000e+00,0.000000000000000000e+00,0.000000000000000000e+00,0.000000000000000000e+00,9.768286655270170746e-04,5.402719583620383195e-04,5.818656167371035799e-06,6.571349849031299026e-03,1.157368172706493186e-03,1.708585060617557119e-02,5.416734932286868670e-03,3.240880952551056104e-10,2.278976574497773838e-03,2.891166443178408228e-10,6.199157141591399399e-07,6.198982284336075111e-07,2.120959332371641229e-04,2.443664478614156351e-04,0.000000000000000000e+00,0.000000000000000000e+00,0.000000000000000000e+00,0.000000000000000000e+00,0.000000000000000000e+00,1.432897777246796775e-02,4.134859443067154837e-06,2.556943240926479448e-08,2.556943240926595254e-08,3.121928673180203567e-06,1.159329771077569939e-02,4.565326682084390464e-02,1.047273096144479354e-03,0.000000000000000000e+00,1.573559867771157620e-05,1.233939489463165817e-05,7.505576705190477663e-06,2.831106478539114593e-04,0.000000000000000000e+00,0.000000000000000000e+00,0.000000000000000000e+00,0.000000000000000000e+00,0.000000000000000000e+00,0.000000000000000000e+00,0.000000000000000000e+00,0.000000000000000000e+00,0.000000000000000000e+00,0.000000000000000000e+00,1.913619803251632827e-03,2.646922577846989519e-02,5.989297990232927049e-05,9.003022691809853609e-03,2.310498462541309833e-02,1.592718140514431382e-03,0.000000000000000000e+00,0.000000000000000000e+00,0.000000000000000000e+00,0.000000000000000000e+00,0.000000000000000000e+00,0.000000000000000000e+00,0.000000000000000000e+00,0.000000000000000000e+00,0.000000000000000000e+00,0.000000000000000000e+00,0.000000000000000000e+00,0.000000000000000000e+00,0.000000000000000000e+00,0.000000000000000000e+00,0.000000000000000000e+00,0.000000000000000000e+00,0.000000000000000000e+00,0.000000000000000000e+00,0.000000000000000000e+00,0.000000000000000000e+00,0.000000000000000000e+00,0.000000000000000000e+00,0.000000000000000000e+00,0.000000000000000000e+00,0.000000000000000000e+00,0.000000000000000000e+00,0.000000000000000000e+00,0.000000000000000000e+00,0.000000000000000000e+00,0.000000000000000000e+00,0.000000000000000000e+00,0.000000000000000000e+00,0.000000000000000000e+00,0.000000000000000000e+00,0.000000000000000000e+00,0.000000000000000000e+00,0.000000000000000000e+00,0.000000000000000000e+00,0.000000000000000000e+00,0.000000000000000000e+00,0.000000000000000000e+00,0.000000000000000000e+00,0.000000000000000000e+00,0.000000000000000000e+00,0.000000000000000000e+00,0.000000000000000000e+00,0.000000000000000000e+00,0.000000000000000000e+00,0.000000000000000000e+00,0.000000000000000000e+00,0.000000000000000000e+00
0.000000000000000000e+00,0.000000000000000000e+00,0.000000000000000000e+00,0.000000000000000000e+00,0.000000000000000000e+00,0.000000000000000000e+00,0.000000000000000000e+00,0.000000000000000000e+00,0.000000000000000000e+00,0.000000000000000000e+00,0.000000000000000000e+00,0.000000000000000000e+00,0.000000000000000000e+00,0.000000000000000000e+00,0.000000000000000000e+00,0.000000000000000000e+00,0.000000000000000000e+00,0.000000000000000000e+00,0.000000000000000000e+00,0.000000000000000000e+00,0.000000000000000000e+00,0.000000000000000000e+00,0.000000000000000000e+00,0.000000000000000000e+00,0.000000000000000000e+00,0.000000000000000000e+00,0.000000000000000000e+00,0.000000000000000000e+00,0.000000000000000000e+00,0.000000000000000000e+00,1.682488656028865298e-02,4.146786643710807276e-03,1.110527847893600371e-04,6.033831719154353172e-04,1.167232824672734866e-03,6.054423221695283882e-06,0.000000000000000000e+00,0.000000000000000000e+00,0.000000000000000000e+00,0.000000000000000000e+00,0.000000000000000000e+00,0.000000000000000000e+00,0.000000000000000000e+00,0.000000000000000000e+00,0.000000000000000000e+00,0.000000000000000000e+00,9.898727716198060453e-03,1.151503122701585773e-03,4.251030336882850869e-03,2.418314792533658025e-03,8.944830660526682797e-04,2.991967314219719579e-03,6.546026807804750970e-03,4.921120701633254282e-03,1.885336369527034503e-04,4.262443572918143995e-10,4.262443579551293954e-10,4.262443572936551866e-10,6.054423221694729076e-06,0.000000000000000000e+00,0.000000000000000000e+00,0.000000000000000000e+00,0.000000000000000000e+00,0.000000000000000000e+00,2.911716771793939479e-04,4.262443575944648447e-10,5.069606422940147253e-04,4.262443573119545931e-10,2.877585129602490410e-03,1.411094514265997732e-03,4.262443580527159764e-10,1.401449469054535588e-02,1.709022850933715919e-06,6.226600982207771383e-04,6.243647307982522904e-04,1.029483281674022782e-02,2.089765645329579036e-02,4.262443572959328801e-10,5.209607953065399167e-04,3.005473103160657386e-05,0.000000000000000000e+00,0.000000000000000000e+00,4.975540681663330690e-08,4.262443580973409746e-10,4.262443574642553977e-10,4.262443572935550460e-10,4.262443583328994207e-10,1.967977907357440145e-03,1.105685183751053784e-03,4.283791016474882557e-03,7.526616919349311818e-04,2.034301996207506930e-02,0.000000000000000000e+00,2.819449559707871476e-22,1.938713706970463587e-21,1.275856848372469406e-03,9.033626039403632596e-03,8.105467450108382738e-03,1.308319412601171823e-03,1.978071140806102104e-03,0.000000000000000000e+00,1.375476692543276674e-03,7.017055423039696930e-05,4.262443572918567925e-10,4.262443578679963610e-10,4.262443572922490312e-10,2.295348961257496351e-03,4.262443583072118955e-10,8.312798848807062546e-03,3.523330724866283535e-11,0.000000000000000000e+00,0.000000000000000000e+00,5.933786535029635101e-03,3.970107301962171910e-03,9.544094355748584407e-08,6.262018912423572355e-08,6.262018912348995074e-08,6.262018912365408985e-08,5.639403823991345925e-06,1.112005898302188605e-03,4.206471968137429421e-04,4.262443574199780221e-10,4.262443572935555630e-10,4.262443578313049555e-10,4.262443580053853222e-10,4.262443572921449099e-10,1.347334728623288842e-10,3.019358317908761580e-03,2.188747795264550829e-04,0.000000000000000000e+00,3.341258007371515019e-03,1.209628778941855554e-02,2.036749404009936121e-02,0.000000000000000000e+00,0.000000000000000000e+00,9.862823909145897183e-03,6.262018912335469017e-08,6.262018912462972622e-08,1.305526915240536337e-06,5.844731980298488797e-04,4.262443577046015651e-10,4.262443583697505238e-10,4.262443579341462531e-10,4.262443579900031232e-10,0.000000000000000000e+00,3.019741434001324727e-04,1.816860331850994603e-03,1.608157299779443272e-03,0.000000000000000000e+00,1.546059751527573481e-02,5.194663429592670523e-02,0.000000000000000000e+00,0.000000000000000000e+00,8.207703664548379538e-21,0.000000000000000000e+00,0.000000000000000000e+00,0.000000000000000000e+00,6.262018912335376373e-08,6.262018912344804908e-08,5.844731980298485544e-04,4.262443573937565001e-10,1.952008850698722509e-21,0.000000000000000000e+00,1.007424092312952797e-19,0.000000000000000000e+00,3.240795134654871545e-05,2.918789285259647259e-03,8.454376185535732169e-03,3.023383872322916305e-02,5.839273551843024435e-02,1.962473070368285152e-03,0.000000000000000000e+00,0.000000000000000000e+00,0.000000000000000000e+00,8.207703664548379538e-21,0.000000000000000000e+00,0.000000000000000000e+00,8.207703664548379538e-21,1.851417757346354579e-04,6.262018912483799044e-08,1.479194798905662172e-22,8.804730945867040937e-25,0.000000000000000000e+00,0.000000000000000000e+00,0.000000000000000000e+00,0.000000000000000000e+00,0.000000000000000000e+00,7.879051091047348243e-03,4.667128524646654147e-02,5.612135703437690082e-02,5.113586277912438027e-02,1.194454611779743880e-02,0.000000000000000000e+00,0.000000000000000000e+00,0.000000000000000000e+00,0.000000000000000000e+00,0.000000000000000000e+00,3.199930503298068798e-19,6.262018912335376373e-08,6.262018912336861327e-08,0.000000000000000000e+00,0.000000000000000000e+00,0.000000000000000000e+00,4.191051930232712309e-23,0.000000000000000000e+00,2.701466270141773124e-03,9.561138391684882720e-03,0.000000000000000000e+00,0.000000000000000000e+00,4.371753607142078724e-02,4.343634732198554949e-02,7.725239166886351946e-07,4.385593796646110099e-09,8.079907885472047135e-04,7.791936530716506507e-04,3.939707797604660678e-09,1.021186782521077844e-23,0.000000000000000000e+00,5.395673246833771697e-08,1.094168998114714335e-06,1.019257814403573712e-06,0.000000000000000000e+00,0.000000000000000000e+00,0.000000000000000000e+00,0.000000000000000000e+00,2.123024418210824743e-03,0.000000000000000000e+00,0.000000000000000000e+00,3.295246513341142103e-02,2.475664120637798699e-02,4.267565149836456553e-09,4.110193620514315517e-09,5.661403670410911212e-04,3.808564856248927483e-09,3.651193327210629752e-09,3.506936091853732064e-09,3.336450268544007186e-09,1.245151899490873443e-06,3.979393043358035059e-05,3.215362169189793506e-03,1.996208600046975526e-21,0.000000000000000000e+00,0.000000000000000000e+00,1.951683664104415340e-19,0.000000000000000000e+00,0.000000000000000000e+00,7.851903493774861631e-03,5.200087258395799661e-02,4.119217570919579512e-03,3.561836242370927230e-03,1.214327859825609437e-03,3.716764797482853594e-09,1.074147345313053448e-03,3.388907444963178600e-09,3.244650210547193069e-09,3.087278680595814914e-09,1.496399886725878307e-04,2.785649916277520822e-09,2.160848962706416257e-03,0.000000000000000000e+00,2.817513902677451924e-24,0.000000000000000000e+00,1.014179090937761642e-04,2.980493946987699161e-04,1.206361379508865198e-02,2.297359307172927925e-02,4.438293187363929332e-03,1.366595717531546078e-03,4.043604625937879633e-06,2.666020200488351572e-05,3.428250327258247456e-09,3.270878798037888100e-09,3.126621562910729074e-09,2.982364327824387689e-09,2.824992798580648899e-09,2.667621269362785560e-09,2.510249740151738602e-09,1.468813548385542941e-03,0.000000000000000000e+00,0.000000000000000000e+00,1.185901644482908273e-21,1.902979884136659239e-03,7.808717382375689881e-04,0.000000000000000000e+00,2.541903805560862678e-02,1.928917096474727991e-02,0.000000000000000000e+00,3.480707503672861932e-09,3.336450268568567006e-09,1.178600910277758686e-03,1.465599005741282821e-04,2.864335680872311839e-09,2.720078445845416616e-09,2.549592622499249055e-09,2.418449681520093557e-09,5.579044713021621533e-06,5.140712383835729232e-04,0.000000000000000000e+00,0.000000000000000000e+00,0.000000000000000000e+00,0.000000000000000000e+00,8.791457989743154539e-03,4.862447625258344876e-03,5.236790550633932558e-05,4.603241347478236392e-03,1.041631355435843932e-02,6.035215177282473448e-03,8.552769440243338309e-04,2.916792857295950442e-09,3.598411175100759557e-04,2.602049798860567457e-09,5.579241427432259036e-06,5.579084055902467811e-06,3.348883156376275625e-05,4.406508502934172776e-05,0.000000000000000000e+00,0.000000000000000000e+00,0.000000000000000000e+00,0.000000000000000000e+00,0.000000000000000000e+00,2.262470174600204886e-03,3.721373498760439268e-05,2.301248916833831437e-07,2.301248916833935728e-07,2.809735805862183380e-05,1.830520691175110612e-03,1.905196390791173006e-02,9.425457865300313973e-03,0.000000000000000000e+00,1.416203880994041926e-04,1.110545540516849269e-04,6.755019034671430405e-05,3.927628849618075070e-04,0.000000000000000000e+00,0.000000000000000000e+00,0.000000000000000000e+00,0.000000000000000000e+00,0.000000000000000000e+00,0.000000000000000000e+00,0.000000000000000000e+00,0.000000000000000000e+00,0.000000000000000000e+00,0.000000000000000000e+00,3.120261988572730662e-04,4.293035206339085308e-03,5.390368191209634480e-04,4.972688592421913023e-03,3.648155467170489941e-03,1.433446326462988266e-02,0.000000000000000000e+00,0.000000000000000000e+00,0.000000000000000000e+00,0.000000000000000000e+00,0.000000000000000000e+00,0.000000000000000000e+00,0.000000000000000000e+00,0.000000000000000000e+00,0.000000000000000000e+00,0.000000000000000000e+00,0.000000000000000000e+00,0.000000000000000000e+00,0.000000000000000000e+00,0.000000000000000000e+00,0.000000000000000000e+00,0.000000000000000000e+00,0.000000000000000000e+00,0.000000000000000000e+00,0.000000000000000000e+00,0.000000000000000000e+00,0.000000000000000000e+00,0.000000000000000000e+00,0.000000000000000000e+00,0.000000000000000000e+00,0.000000000000000000e+00,0.000000000000000000e+00,0.000000000000000000e+00,0.000000000000000000e+00,0.000000000000000000e+00,0.000000000000000000e+00,0.000000000000000000e+00,0.000000000000000000e+00,0.000000000000000000e+00,0.000000000000000000e+00,0.000000000000000000e+00,0.000000000000000000e+00,0.000000000000000000e+00,0.000000000000000000e+00,0.000000000000000000e+00,0.000000000000000000e+00,0.000000000000000000e+00,0.000000000000000000e+00,0.000000000000000000e+00,0.000000000000000000e+00,0.000000000000000000e+00,0.000000000000000000e+00,0.000000000000000000e+00,0.000000000000000000e+00,0.000000000000000000e+00,0.000000000000000000e+00,0.000000000000000000e+00
0.000000000000000000e+00,0.000000000000000000e+00,0.000000000000000000e+00,0.000000000000000000e+00,0.000000000000000000e+00,0.000000000000000000e+00,0.000000000000000000e+00,0.000000000000000000e+00,0.000000000000000000e+00,0.000000000000000000e+00,0.000000000000000000e+00,0.000000000000000000e+00,0.000000000000000000e+00,0.000000000000000000e+00,0.000000000000000000e+00,0.000000000000000000e+00,0.000000000000000000e+00,0.000000000000000000e+00,0.000000000000000000e+00,0.000000000000000000e+00,0.000000000000000000e+00,0.000000000000000000e+00,0.000000000000000000e+00,0.000000000000000000e+00,0.000000000000000000e+00,0.000000000000000000e+00,0.000000000000000000e+00,0.000000000000000000e+00,0.000000000000000000e+00,0.000000000000000000e+00,6.137759135945497491e-03,1.309048917286707164e-02,4.935679323971556450e-05,2.681702986290824295e-04,5.187701442989933222e-04,3.162451218164183918e-03,0.000000000000000000e+00,0.000000000000000000e+00,0.000000000000000000e+00,0.000000000000000000e+00,0.000000000000000000e+00,0.000000000000000000e+00,0.000000000000000000e+00,0.000000000000000000e+00,0.000000000000000000e+00,0.000000000000000000e+00,4.399434540532471023e-03,5.117791656451491479e-04,1.894419365778433539e-10,1.385391933535243429e-05,7.470607352969174338e-08,6.010387331189703981e-04,2.909345247913222750e-03,2.187164756281446878e-03,8.379272753453485476e-05,1.894419365741397561e-10,1.894419367945912476e-10,1.894419365749578377e-10,2.690854765197662826e-06,0.000000000000000000e+00,0.000000000000000000e+00,0.000000000000000000e+00,0.000000000000000000e+00,0.000000000000000000e+00,1.894419365744940996e-10,1.894419367086510593e-10,1.894419369426171310e-10,1.894419365830909360e-10,1.894419367350011562e-10,2.971481643465333569e-02,1.894419369123181773e-10,6.228664306909048598e-03,7.595657115260961050e-07,2.767378214314564818e-04,2.774954359103347368e-04,4.802745862869646151e-03,9.515111923561006893e-03,2.833024039100338127e-06,2.315381312473510861e-04,1.335765823626958914e-05,0.000000000000000000e+00,0.000000000000000000e+00,2.211351414072591418e-08,1.894419369321515385e-10,1.894419366507802112e-10,1.894419365749133251e-10,1.894419370368442214e-10,1.894419366196204726e-10,2.024234223660235921e-03,2.024234223660235921e-03,1.095408284204394365e-04,1.824373992025834362e-02,0.000000000000000000e+00,0.000000000000000000e+00,0.000000000000000000e+00,7.943120991506422666e-04,4.014944906401613813e-03,3.602429977825947691e-03,5.814752944894096632e-04,1.403702972044687525e-03,0.000000000000000000e+00,3.381339082981142218e-06,1.894419367630778376e-10,1.894419365741585745e-10,1.894419368302206049e-10,1.894419365743329028e-10,1.894419366220362019e-10,1.894419370254274746e-10,1.894419366233938121e-10,1.565924766607237234e-11,0.000000000000000000e+00,0.000000000000000000e+00,2.637238460013170867e-03,6.454029314225053979e-03,4.689579598216780075e-03,6.937313678633577792e-04,7.093869180259843844e-06,7.093869180259876879e-06,9.572439684645564034e-06,5.012908816749555305e-04,2.082828143404530439e-04,1.894419366311013776e-10,1.894419365749135836e-10,1.894419368139133595e-10,1.894419368912823539e-10,1.894419365742865807e-10,5.988154349436840588e-11,0.000000000000000000e+00,0.000000000000000000e+00,0.000000000000000000e+00,1.485003558831784164e-03,5.376127906408248447e-03,9.052219573377491557e-03,0.000000000000000000e+00,0.000000000000000000e+00,4.390543330938824311e-03,7.093869180261097453e-06,7.093869180261660730e-06,7.646272169645213911e-06,4.161447531933486926e-04,1.894419367576006612e-10,1.894419370495745311e-10,1.894419368596205684e-10,1.894419367883421565e-10,0.000000000000000000e+00,0.000000000000000000e+00,0.000000000000000000e+00,1.525697201021645501e-02,3.201379890784594034e-02,4.231477103141159657e-02,2.616841894768476978e-02,0.000000000000000000e+00,0.000000000000000000e+00,0.000000000000000000e+00,3.081025927272905418e-03,3.088091965257998804e-03,3.088091965258000105e-03,7.129027969153377145e-04,7.093869180259753212e-06,3.906058615627437604e-04,1.894419366194473334e-10,0.000000000000000000e+00,0.000000000000000000e+00,0.000000000000000000e+00,0.000000000000000000e+00,1.091397417629102361e-04,3.459126499012182138e-04,9.853705867607764207e-03,2.732382048963228824e-02,2.937827655859039794e-02,8.722102534970156956e-04,9.572124258164674965e-03,3.109097131064190306e-02,0.000000000000000000e+00,0.000000000000000000e+00,0.000000000000000000e+00,6.281579481299330142e-06,2.071918156514097987e-05,8.935127164493177391e-05,7.093869180260523165e-06,2.002011062594033248e-04,0.000000000000000000e+00,0.000000000000000000e+00,0.000000000000000000e+00,0.000000000000000000e+00,0.000000000000000000e+00,3.419480029168663060e-05,1.287754031271361004e-02,5.823104814751944858e-02,2.379970277352363300e-02,5.427176231077986829e-02,3.367593310465236134e-02,1.938651854824288007e-02,0.000000000000000000e+00,0.000000000000000000e+00,0.000000000000000000e+00,0.000000000000000000e+00,1.288120140050844337e-19,7.093869180260378322e-06,7.093869180259700696e-06,0.000000000000000000e+00,0.000000000000000000e+00,0.000000000000000000e+00,0.000000000000000000e+00,0.000000000000000000e+00,0.000000000000000000e+00,0.000000000000000000e+00,4.528524650949049268e-02,0.000000000000000000e+00,3.499956364679664839e-02,2.217387448039715228e-02,3.433439629727266826e-07,1.949152798509382588e-09,1.885038471835427695e-09,1.809266994759995047e-09,1.750981243379849052e-09,0.000000000000000000e+00,0.000000000000000000e+00,2.398076998592787200e-08,7.552335317589204365e-06,3.775131424130867726e-03,3.730439653335535302e-03,0.000000000000000000e+00,0.000000000000000000e+00,0.000000000000000000e+00,0.000000000000000000e+00,0.000000000000000000e+00,0.000000000000000000e+00,4.194033249084723469e-02,1.589601690767876441e-02,3.924124160173096329e-03,1.826752720228584582e-09,3.175802339689108578e-02,1.692695491666189625e-09,1.622752589871390955e-09,1.558638263046102956e-09,1.482866786019558749e-09,5.534008442181658921e-07,2.007822741844598482e-04,3.781105107417574024e-02,0.000000000000000000e+00,0.000000000000000000e+00,0.000000000000000000e+00,8.674149618241843816e-20,0.000000000000000000e+00,0.000000000000000000e+00,3.489734886122160436e-03,2.311149892620355251e-02,1.830763364853146835e-03,6.691772237845962021e-03,1.716009792260291959e-09,1.651895465547934793e-09,1.581952563674816181e-09,1.506181086650301876e-09,1.442066760243197103e-09,1.372123858042584452e-09,1.308009531332234853e-09,1.238066629456675645e-09,3.077454202001896413e-03,0.000000000000000000e+00,0.000000000000000000e+00,0.000000000000000000e+00,4.507462626390051593e-05,1.324663976438977646e-04,5.361606131150511989e-03,9.402992328834791635e-03,0.000000000000000000e+00,6.073758744584648993e-04,1.797157611527944621e-06,3.574478908008110831e-03,1.523666812114776601e-09,1.453723910239061469e-09,1.389609583515879818e-09,1.325495256800587402e-09,1.255552354924732890e-09,1.185609453050127007e-09,1.115666551178550674e-09,0.000000000000000000e+00,0.000000000000000000e+00,0.000000000000000000e+00,0.000000000000000000e+00,8.457688373940709659e-04,3.470541058833639947e-04,0.000000000000000000e+00,1.129735024693716977e-02,7.179422153042954585e-03,0.000000000000000000e+00,6.327620815952739348e-03,7.810338829117730204e-03,1.412923884140756580e-09,1.342980982268297644e-09,1.273038080387693875e-09,1.208923753704869538e-09,1.133152276666241671e-09,1.074866525120041443e-09,2.479575428009558936e-06,5.170176636943295295e-06,0.000000000000000000e+00,0.000000000000000000e+00,0.000000000000000000e+00,0.000000000000000000e+00,3.907314662108068298e-03,2.161087833448152844e-03,2.327462466948414320e-05,1.613036572737918707e-03,4.629472690825972743e-03,1.509798489281911123e-03,1.360466707737903785e-09,2.199453606691222432e-02,4.986127491482689482e-05,1.156466578081286228e-09,2.479662856636559760e-06,2.479592913734430044e-06,0.000000000000000000e+00,2.479458856505844239e-06,0.000000000000000000e+00,0.000000000000000000e+00,0.000000000000000000e+00,0.000000000000000000e+00,0.000000000000000000e+00,0.000000000000000000e+00,1.653943777226861596e-05,1.022777296370591779e-07,1.022777296370638102e-07,1.248771469272081427e-05,0.000000000000000000e+00,5.357797947328360802e-03,4.495091431689097333e-03,2.272646109851008355e-04,6.294239471084631837e-05,4.935757957852663269e-05,3.002230682076191065e-05,1.574562588264906676e-04,0.000000000000000000e+00,0.000000000000000000e+00,0.000000000000000000e+00,0.000000000000000000e+00,0.000000000000000000e+00,0.000000000000000000e+00,0.000000000000000000e+00,0.000000000000000000e+00,0.000000000000000000e+00,0.000000000000000000e+00,4.467580203173571962e-06,5.142837107221150128e-05,2.395719196093170820e-04,1.833741162903834362e-03,1.237034267322048922e-02,2.177679192216789086e-02,0.000000000000000000e+00,0.000000000000000000e+00,0.000000000000000000e+00,0.000000000000000000e+00,0.000000000000000000e+00,0.000000000000000000e+00,0.000000000000000000e+00,0.000000000000000000e+00,0.000000000000000000e+00,0.000000000000000000e+00,0.000000000000000000e+00,0.000000000000000000e+00,0.000000000000000000e+00,0.000000000000000000e+00,0.000000000000000000e+00,0.000000000000000000e+00,0.000000000000000000e+00,0.000000000000000000e+00,0.000000000000000000e+00,0.000000000000000000e+00,0.000000000000000000e+00,0.000000000000000000e+00,0.000000000000000000e+00,0.000000000000000000e+00,0.000000000000000000e+00,0.000000000000000000e+00,0.000000000000000000e+00,0.000000000000000000e+00,0.000000000000000000e+00,0.000000000000000000e+00,0.000000000000000000e+00,0.000000000000000000e+00,0.000000000000000000e+00,0.000000000000000000e+00,0.000000000000000000e+00,0.000000000000000000e+00,0.000000000000000000e+00,0.000000000000000000e+00,0.000000000000000000e+00,0.000000000000000000e+00,0.000000000000000000e+00,0.000000000000000000e+00,0.000000000000000000e+00,0.000000000000000000e+00,0.000000000000000000e+00,0.000000000000000000e+00,0.000000000000000000e+00,0.000000000000000000e+00,0.000000000000000000e+00,0.000000000000000000e+00,0.000000000000000000e+00
0.000000000000000000e+00,0.000000000000000000e+00,0.000000000000000000e+00,0.000000000000000000e+00,0.000000000000000000e+00,0.000000000000000000e+00,0.000000000000000000e+00,0.000000000000000000e+00,0.000000000000000000e+00,0.000000000000000000e+00,0.000000000000000000e+00,0.000000000000000000e+00,0.000000000000000000e+00,0.000000000000000000e+00,0.000000000000000000e+00,0.000000000000000000e+00,0.000000000000000000e+00,0.000000000000000000e+00,0.000000000000000000e+00,0.000000000000000000e+00,0.000000000000000000e+00,0.000000000000000000e+00,0.000000000000000000e+00,0.000000000000000000e+00,0.000000000000000000e+00,0.000000000000000000e+00,0.000000000000000000e+00,0.000000000000000000e+00,0.000000000000000000e+00,0.000000000000000000e+00,3.512026960042821840e-03,1.162956854123912281e-02,1.411647317028612162e-04,0.000000000000000000e+00,1.579654526445495484e-03,3.169252344178869873e-03,0.000000000000000000e+00,0.000000000000000000e+00,0.000000000000000000e+00,0.000000000000000000e+00,0.000000000000000000e+00,0.000000000000000000e+00,0.000000000000000000e+00,0.000000000000000000e+00,0.000000000000000000e+00,0.000000000000000000e+00,9.579301307225845594e-03,9.491980779884032801e-06,9.491980779884097175e-06,9.491980779884000614e-06,9.491980779884280135e-06,9.491980779884120892e-06,9.491980779884000614e-06,9.491980779884010778e-06,9.491980779883959956e-06,6.687314563469946066e-21,4.825193560487319399e-04,6.687314563469946818e-21,3.075142367436100790e-20,0.000000000000000000e+00,0.000000000000000000e+00,0.000000000000000000e+00,0.000000000000000000e+00,0.000000000000000000e+00,4.329066397112247937e-03,9.491980779884000614e-06,9.491980779884154774e-06,9.491980779883959956e-06,9.491980779884000614e-06,2.972430822599128261e-02,9.491980779884000614e-06,9.491980779884000614e-06,9.491980779884032801e-06,9.491980779883973509e-06,9.491980779884305546e-06,2.367565917649844752e-04,2.272646109851004560e-04,1.737423312683783472e-05,1.702497647080960077e-03,8.604246049944239139e-03,0.000000000000000000e+00,0.000000000000000000e+00,3.388860258396583260e-03,9.491980779884459706e-06,9.491980779883959956e-06,9.491980779883959956e-06,9.491980779884002308e-06,9.491980779883959956e-06,2.033726014998184575e-03,2.033726014998183708e-03,1.630153514984886490e-02,3.745830993052742808e-02,1.452689685000621740e-02,9.491980779884000614e-06,2.101779843419646634e-20,2.272646109851004018e-04,5.891064090131520204e-20,6.687314563469946066e-21,6.832784603243220733e-03,7.357344846040751382e-03,0.000000000000000000e+00,9.491980779884000614e-06,9.491980779884032801e-06,9.491980779885050935e-06,9.491980779884469870e-06,9.491980779883959956e-06,9.491980779883959956e-06,9.491980779883959956e-06,9.491980779883968426e-06,9.491980779883959956e-06,7.711746807999175592e-06,6.687314563469955094e-21,9.043449917857845346e-04,4.765885643220312169e-03,5.172056536068375850e-03,6.937035366681913815e-04,7.066037985093932379e-06,7.066037985093829041e-06,7.066037985093892568e-06,6.839850641228315854e-03,2.141669176837427530e-04,9.491980779883978591e-06,2.155851264376465471e-20,6.687314563469955094e-21,2.101779843419646634e-20,6.687314563469956598e-21,3.338269651074527153e-19,3.510510887397406253e-20,6.687314563469967883e-21,6.687314563469955094e-21,4.612159458107503653e-04,2.864056093989224630e-03,9.437353018594820883e-04,4.825193560487319399e-04,4.292211747546223694e-04,7.066037985093895956e-06,7.066037985095207163e-06,7.066037985095180058e-06,7.066037985093956096e-06,1.563788874023048364e-04,3.774337245343935136e-20,2.101779843419646634e-20,3.474673329080722040e-20,6.687314563469946066e-21,2.101779843419646634e-20,8.800256038254962686e-21,1.051341608756817797e-19,1.525697201021645674e-02,3.232020993565298816e-02,3.638712965981520664e-02,7.659324343135555033e-03,4.578298415862649615e-03,4.578298415862649615e-03,4.825193560487317230e-04,3.081025927272905418e-03,3.088091965257998804e-03,3.088091965258000105e-03,7.128749657201718590e-04,7.066037985093797700e-06,1.308399957717003921e-04,6.687314563469946066e-21,6.687314563469950580e-21,1.733081664754179641e-19,6.687314563469946066e-21,4.333768613918263725e-19,1.091397417629102226e-04,3.459126499012184306e-04,9.853705867607764207e-03,1.550610517156949912e-02,3.425949661510285967e-03,8.536291371241830493e-20,1.148733861002548644e-02,3.109097131064190306e-02,1.230016731229827539e-20,1.532265769843208182e-20,2.101779843419646634e-20,6.281579481299596110e-06,2.071918156514100358e-05,7.066037985093797700e-06,7.066037985093934073e-06,2.002011062594033790e-04,6.687314563469953589e-21,5.862082359158460628e-20,2.101779843419646634e-20,4.305216538427938845e-20,4.476619602090941379e-20,3.419480029168664415e-05,1.287754031271361177e-02,4.705806403109139002e-02,9.569809326445962577e-03,4.461957369102992343e-02,3.933877257970614522e-02,2.695910518367139116e-02,3.443334132152734553e-20,5.999853237561034636e-20,6.687314563469967883e-21,6.687314563469964122e-21,1.235598556441584335e-20,7.066037985095236809e-06,7.066037985093764666e-06,5.175717365191813799e-19,6.687314563469948323e-21,7.335405824890794851e-19,3.474673329080722040e-20,4.305216538427938845e-20,6.687314563469955094e-21,4.476619602090941379e-20,4.528524650949049268e-02,3.443334132152734553e-20,1.663526868439193021e-02,2.868831226181355835e-03,1.330222105442861085e-04,1.987117925146700510e-20,3.985425996651625348e-20,3.051610286939323338e-19,7.001725153168977900e-20,7.652366139608194418e-21,1.131789751965335592e-19,2.101779843419646634e-20,7.066037985094305920e-06,3.774678420657799453e-03,3.730439653335535302e-03,1.110333137192834143e-19,3.188365547927369129e-20,2.101779843419646634e-20,2.067810640279391261e-19,6.394576551825162668e-20,4.256524712533732115e-19,2.813222044052438378e-02,1.692864852744538698e-02,3.126619750654759111e-02,2.746218855959743979e-02,3.162167793725462195e-02,1.108350489523504792e-04,1.879219687785496640e-03,1.773225474089773317e-03,1.131789751965335592e-19,6.687314563469950580e-21,2.002011062594035687e-04,3.781025529262305174e-02,1.022366422083606483e-20,6.687314563469946066e-21,6.952237455582711278e-20,2.309969451470966583e-20,2.136034120245896351e-20,7.440461292214446800e-20,4.193984871914791942e-20,2.753410600849457429e-19,6.687314563469946818e-21,5.108733907903327022e-03,2.745452390377475793e-02,2.745008647145625105e-02,1.031703931292795809e-04,1.871151629024570429e-03,1.866714196706108220e-03,8.864788735993075369e-05,8.421045504152725367e-05,1.628931528999468924e-03,4.922488795978097707e-03,0.000000000000000000e+00,4.207502327350614669e-19,6.687314563469946066e-21,1.586041923317176388e-20,1.953744843052986603e-20,1.972605288779958263e-19,2.101779843419646634e-20,7.558198998009955723e-20,6.687314563469946066e-21,4.488598393371042801e-19,3.678454513403885216e-03,9.913636374916745899e-05,9.429552849246427312e-05,8.985809617407351248e-05,8.542066385557284085e-05,1.098882860825007874e-03,7.573899334266853602e-05,7.089815808608520870e-05,0.000000000000000000e+00,0.000000000000000000e+00,0.000000000000000000e+00,6.687314563469950580e-21,1.110333137192834143e-19,2.101779843419646634e-20,1.814953197833225493e-19,2.101779843419646634e-20,2.664201978211426384e-19,1.971557105579984067e-20,6.327619268971627561e-03,7.906649889433785272e-03,9.147170792631140884e-05,8.663087266982453486e-05,8.179003741324122109e-05,7.735260509495810817e-05,7.730648702460646629e-03,6.900858940763217493e-03,6.896018105506564709e-03,6.891580673188200078e-03,0.000000000000000000e+00,0.000000000000000000e+00,0.000000000000000000e+00,1.773225474089773317e-03,2.101779843419646634e-20,1.379182935033468162e-19,1.371954391387018253e-19,1.972605288779958263e-19,2.101779843419646634e-20,1.953744843052983895e-20,2.536751107851533288e-19,2.207793841972518351e-02,1.284228624142515012e-04,4.272684532092960630e-04,6.928454633411212872e-05,3.699006825080796129e-03,3.694165989824375797e-03,5.516544350270021337e-05,0.000000000000000000e+00,0.000000000000000000e+00,0.000000000000000000e+00,0.000000000000000000e+00,0.000000000000000000e+00,1.773225474089773317e-03,2.101779843419646634e-20,4.369212480981900905e-20,2.101779843419646634e-20,2.101779843419646634e-20,6.687314563469946066e-21,6.422446345247842241e-20,3.809312345776843601e-04,2.272646109851008626e-04,3.700217033894856976e-03,8.015354017908883286e-03,4.068326470867961522e-03,8.005672347395733843e-03,0.000000000000000000e+00,0.000000000000000000e+00,0.000000000000000000e+00,0.000000000000000000e+00,0.000000000000000000e+00,0.000000000000000000e+00,0.000000000000000000e+00,0.000000000000000000e+00,0.000000000000000000e+00,0.000000000000000000e+00,6.687314563469956598e-21,6.687314563469946066e-21,2.711233928881838705e-20,2.941287396908773971e-04,1.237034267322048922e-02,2.390056551056342696e-02,0.000000000000000000e+00,0.000000000000000000e+00,0.000000000000000000e+00,0.000000000000000000e+00,0.000000000000000000e+00,0.000000000000000000e+00,0.000000000000000000e+00,0.000000000000000000e+00,0.000000000000000000e+00,0.000000000000000000e+00,0.000000000000000000e+00,0.000000000000000000e+00,0.000000000000000000e+00,0.000000000000000000e+00,0.000000000000000000e+00,0.000000000000000000e+00,0.000000000000000000e+00,0.000000000000000000e+00,0.000000000000000000e+00,0.000000000000000000e+00,0.000000000000000000e+00,0.000000000000000000e+00,0.000000000000000000e+00,0.000000000000000000e+00,0.000000000000000000e+00,0.000000000000000000e+00,0.000000000000000000e+00,0.000000000000000000e+00,0.000000000000000000e+00,0.000000000000000000e+00,0.000000000000000000e+00,0.000000000000000000e+00,0.000000000000000000e+00,0.000000000000000000e+00,0.000000000000000000e+00,0.000000000000000000e+00,0.000000000000000000e+00,0.000000000000000000e+00,0.000000000000000000e+00,0.000000000000000000e+00,0.000000000000000000e+00,0.000000000000000000e+00,0.000000000000000000e+00,0.000000000000000000e+00,0.000000000000000000e+00,0.000000000000000000e+00,0.000000000000000000e+00,0.000000000000000000e+00,0.000000000000000000e+00,0.000000000000000000e+00,0.000000000000000000e+00
0.000000000000000000e+00,0.000000000000000000e+00,0.000000000000000000e+00,0.000000000000000000e+00,0.000000000000000000e+00,0.000000000000000000e+00,0.000000000000000000e+00,0.000000000000000000e+00,0.000000000000000000e+00,0.000000000000000000e+00,0.000000000000000000e+00,0.000000000000000000e+00,0.000000000000000000e+00,0.000000000000000000e+00,0.000000000000000000e+00,0.000000000000000000e+00,0.000000000000000000e+00,0.000000000000000000e+00,0.000000000000000000e+00,0.000000000000000000e+00,0.000000000000000000e+00,0.000000000000000000e+00,0.000000000000000000e+00,0.000000000000000000e+00,0.000000000000000000e+00,0.000000000000000000e+00,0.000000000000000000e+00,0.000000000000000000e+00,0.000000000000000000e+00,0.000000000000000000e+00,1.660879920959004719e-02,4.172930251659416438e-03,1.823095731325439714e-03,4.616474708895041811e-04,3.594299050529656432e-03,3.006477712046117510e-04,0.000000000000000000e+00,0.000000000000000000e+00,0.000000000000000000e+00,0.000000000000000000e+00,0.000000000000000000e+00,0.000000000000000000e+00,0.000000000000000000e+00,0.000000000000000000e+00,0.000000000000000000e+00,0.000000000000000000e+00,2.155342794125815475e-02,2.135695675473907041e-05,2.135695675473921610e-05,2.135695675473900265e-05,2.135695675473962946e-05,2.135695675473927370e-05,2.135695675473900265e-05,4.522626326217758476e-05,2.135695675473890778e-05,1.504645776780737790e-20,1.085668551109646987e-03,1.504645776780738091e-20,1.799377153073470479e-05,0.000000000000000000e+00,0.000000000000000000e+00,0.000000000000000000e+00,0.000000000000000000e+00,0.000000000000000000e+00,9.744194068915230586e-03,2.135695675473900265e-05,2.135695675473934824e-05,2.135695675473890778e-05,2.135695675473900265e-05,2.127235481889063265e-03,2.145112390545281245e-03,2.135695675473900265e-05,2.135695675473907041e-05,2.135695675473894167e-05,2.135695675473890778e-05,2.135695675473907041e-05,1.504645776780737790e-20,3.271814669176670569e-05,3.830619705932160335e-03,1.935955361237453459e-02,0.000000000000000000e+00,0.000000000000000000e+00,7.938212930824009930e-03,2.135695675474003264e-05,2.135695675473890778e-05,2.135695675473890778e-05,2.135695675473900604e-05,2.135695675473890778e-05,2.135695675474133369e-05,2.135695675473910091e-05,3.863254098726641439e-02,6.357580248518050758e-02,3.285275315350094649e-02,3.723273972998009888e-03,4.729004647694204777e-20,2.726283403217116407e-04,1.325489420279591926e-19,1.504645776780737790e-20,1.537376535729724492e-02,1.537376535729724492e-02,0.000000000000000000e+00,2.847363754428740615e-04,2.135695675473928387e-05,2.135695675474136418e-05,2.135695675474005636e-05,2.135695675473891117e-05,2.135695675473891117e-05,2.135695675473891117e-05,2.135695675473892811e-05,2.135695675473891117e-05,3.021048814436948343e-05,3.746633188660748130e-03,9.059792459910266660e-03,1.717840422015035702e-04,1.085668551109646987e-03,4.749080700717152723e-20,1.895025743734848418e-19,4.810636732612521052e-20,9.272592833547929226e-20,1.537376535729724839e-02,2.135695675473992422e-05,2.135695675473895183e-05,4.898995978010777523e-20,1.504645776780739896e-20,5.959417744072842838e-20,1.504645776780740197e-20,7.511106714917685973e-19,7.898649496644163468e-20,1.504645776780742604e-20,1.504645776780739896e-20,1.061200340131172567e-03,1.346914243986800652e-02,9.148420657576088189e-03,1.085668551109646987e-03,9.657476431979003040e-04,4.750247867917011670e-20,1.007239410470461690e-19,4.729004647694204777e-20,2.105939646566059560e-19,2.349398341021272239e-19,1.055698939034903268e-19,4.729004647694204777e-20,7.818014990431625343e-20,1.504645776780737790e-20,4.729004647694204777e-20,2.286595085809705848e-04,2.365518619702840435e-19,3.899433745696899077e-19,6.894248125658649674e-04,3.206009821445713649e-03,1.051177007073174179e-02,1.050499384097805175e-02,1.030117143569096207e-02,1.085668551109646336e-03,8.763787101906266725e-20,2.431428219834697806e-20,1.504645776780740197e-20,7.173822482836580390e-20,2.891168360668453278e-04,3.094826740190259520e-04,1.670996285585951785e-20,1.667961245985329359e-20,3.899433745696903892e-19,1.524721829803685736e-20,9.750979381316093623e-19,8.950794681440317678e-21,3.874515911609336155e-19,2.097889075778076826e-19,1.008289096175950796e-18,7.177294751305903636e-03,7.177294751305903636e-03,1.176201788238798868e-02,5.246232066623955492e-20,2.767537645267112038e-20,3.535816075355646898e-20,4.749080700717152723e-20,5.996159681800096942e-19,4.729004647694204777e-20,3.094826740190250304e-04,3.094826740190251930e-04,7.340172991641784455e-20,1.504645776780739595e-20,1.334217453596509561e-19,4.749080700717152723e-20,1.222107761075522322e-19,1.007239410470461690e-19,2.538829414639840544e-20,2.332134719621979464e-19,2.153207098450341320e-02,2.875019899717156172e-02,2.490719814626308690e-02,2.587044126092060900e-02,1.703831992971415604e-02,8.763787101906266725e-20,1.349966978451232913e-19,1.504645776780742604e-20,1.504645776780742003e-20,5.474701433062781638e-20,1.784664109984231246e-18,3.508879437317441766e-05,1.164536407168158057e-18,1.504645776780738391e-20,1.650466310600428890e-18,7.818014990431625343e-20,9.686737211462862551e-20,1.504645776780739896e-20,1.015575407891046368e-19,2.102578608354032956e-19,4.083326136224329692e-05,2.172555498066793163e-03,4.005927226321443323e-20,2.992999737246437170e-04,4.471015331580075770e-20,8.967208492466157334e-20,2.707419430776976561e-04,1.621326289927509073e-19,1.721782381411843556e-20,2.568398842874389702e-19,2.499272680152883034e-06,1.191776289250055069e-18,1.826048492181958638e-03,4.729004647694204777e-20,2.498249558683876702e-19,7.173822482836580390e-20,5.130572487250562472e-20,4.654581545930924350e-19,1.438779724160661540e-19,9.970767766480804307e-19,7.809552476374714836e-03,2.708006235085289037e-02,6.151966929690774744e-02,6.178992425909424213e-02,2.593630828590638791e-04,2.493788601427885613e-04,4.228244297517367439e-03,7.292952209008453021e-03,4.201742594175084327e-06,4.201742594174843769e-06,4.201742594175084327e-06,3.307834469039700690e-03,2.033301168304994507e-04,1.723364786304586388e-20,1.978280983770359076e-19,5.223876459996095439e-20,5.185581250320821724e-20,1.692136804321906509e-19,9.436465961808282320e-20,7.378807068805832807e-03,1.504645776780738091e-20,4.602604622744901980e-19,6.177267878349321228e-02,6.176269456077656400e-02,2.321333845408790739e-04,4.210091165305283357e-03,4.200106942588743494e-03,2.036594891540190167e-04,1.936752664376111552e-04,3.669297682842980260e-03,6.266973137540066477e-03,0.000000000000000000e+00,2.033301168305006975e-04,1.504645776780737790e-20,3.568594327463646948e-20,4.422371091055639958e-20,5.037965384880487687e-19,4.917058024082892348e-20,4.083326136224360185e-05,1.504645776780737790e-20,1.009934638508484727e-18,2.339486977623475117e-04,2.230568184356267929e-04,2.121649391080447026e-04,2.021807163916654099e-04,1.921964936750388919e-04,2.472486436856267608e-03,1.704127350210041789e-04,1.637225982878665574e-04,1.406534797028824316e-03,0.000000000000000000e+00,0.000000000000000000e+00,1.504645776780738692e-20,2.502771491328484855e-19,4.749080700717152723e-20,4.083644695124757058e-19,4.729004647694204777e-20,6.003276260296552943e-19,4.448748590971590873e-03,2.365518619702840435e-19,2.167032221613896014e-04,2.058113428342006699e-04,1.949194635071051966e-04,1.840275841797927745e-04,3.208682329016512846e-04,1.739619461347457346e-02,1.552916764965535899e-02,1.551604073738977081e-02,1.550605651467345039e-02,0.000000000000000000e+00,0.000000000000000000e+00,0.000000000000000000e+00,3.989757316701990179e-03,4.749080700717152723e-20,3.103161603825303364e-19,3.087183349537846099e-19,4.438361899754906392e-19,4.729004647694204777e-20,8.840563865570719792e-08,2.235032938120586615e-06,3.241919888582916673e-03,3.920943566558540185e-03,9.635890526590337561e-04,1.581252621898717641e-04,8.325000389369910381e-03,8.314108510042965069e-03,1.263572808191948935e-04,0.000000000000000000e+00,0.000000000000000000e+00,0.000000000000000000e+00,0.000000000000000000e+00,0.000000000000000000e+00,3.989757316701990179e-03,5.108509127461759560e-20,9.830728082209277789e-20,4.729004647694204777e-20,2.235032938119629044e-06,2.235032938120034773e-06,2.235032938119633703e-06,4.473018591947709212e-03,4.238061378003326013e-04,8.431339512062862099e-03,1.803678157323310507e-02,9.155969592391031975e-03,1.801499781457852056e-02,0.000000000000000000e+00,0.000000000000000000e+00,0.000000000000000000e+00,0.000000000000000000e+00,0.000000000000000000e+00,0.000000000000000000e+00,0.000000000000000000e+00,0.000000000000000000e+00,0.000000000000000000e+00,0.000000000000000000e+00,2.235032938119756099e-06,2.235032938119429568e-06,5.614991558723268989e-04,8.468787677100384631e-04,6.985523303793905823e-04,2.289680956229885392e-02,0.000000000000000000e+00,0.000000000000000000e+00,0.000000000000000000e+00,0.000000000000000000e+00,0.000000000000000000e+00,0.000000000000000000e+00,0.000000000000000000e+00,0.000000000000000000e+00,0.000000000000000000e+00,0.000000000000000000e+00,0.000000000000000000e+00,0.000000000000000000e+00,0.000000000000000000e+00,0.000000000000000000e+00,0.000000000000000000e+00,0.000000000000000000e+00,0.000000000000000000e+00,0.000000000000000000e+00,0.000000000000000000e+00,0.000000000000000000e+00,0.000000000000000000e+00,0.000000000000000000e+00,0.000000000000000000e+00,0.000000000000000000e+00,0.000000000000000000e+00,0.000000000000000000e+00,0.000000000000000000e+00,0.000000000000000000e+00,0.000000000000000000e+00,0.000000000000000000e+00,0.000000000000000000e+00,0.000000000000000000e+00,0.000000000000000000e+00,0.000000000000000000e+00,0.000000000000000000e+00,0.000000000000000000e+00,0.000000000000000000e+00,0.000000000000000000e+00,0.000000000000000000e+00,0.000000000000000000e+00,0.000000000000000000e+00,0.000000000000000000e+00,0.000000000000000000e+00,0.000000000000000000e+00,0.000000000000000000e+00,0.000000000000000000e+00,0.000000000000000000e+00,0.000000000000000000e+00,0.000000000000000000e+00,0.000000000000000000e+00,0.000000000000000000e+00
0.000000000000000000e+00,0.000000000000000000e+00,0.000000000000000000e+00,0.000000000000000000e+00,0.000000000000000000e+00,0.000000000000000000e+00,0.000000000000000000e+00,0.000000000000000000e+00,0.000000000000000000e+00,0.000000000000000000e+00,0.000000000000000000e+00,0.000000000000000000e+00,0.000000000000000000e+00,0.000000000000000000e+00,0.000000000000000000e+00,0.000000000000000000e+00,0.000000000000000000e+00,0.000000000000000000e+00,0.000000000000000000e+00,0.000000000000000000e+00,0.000000000000000000e+00,0.000000000000000000e+00,0.000000000000000000e+00,0.000000000000000000e+00,0.000000000000000000e+00,0.000000000000000000e+00,0.000000000000000000e+00,0.000000000000000000e+00,0.000000000000000000e+00,0.000000000000000000e+00,5.602068422013747190e-02,2.445225201666958309e-02,9.569966721221061234e-03,2.923767315633526119e-03,6.487306164508861370e-04,1.771214820044165073e-03,0.000000000000000000e+00,0.000000000000000000e+00,0.000000000000000000e+00,0.000000000000000000e+00,0.000000000000000000e+00,0.000000000000000000e+00,0.000000000000000000e+00,0.000000000000000000e+00,0.000000000000000000e+00,0.000000000000000000e+00,2.394825326806460097e-03,2.372995194971008200e-06,2.372995194971021753e-06,2.372995194971001424e-06,2.372995194971069187e-06,2.372995194971031917e-06,2.372995194971001424e-06,1.535452697420819097e-04,2.372995194970991260e-06,1.671828640867485764e-21,1.206298390121829985e-04,1.671828640867488773e-21,1.139605530279863609e-04,0.000000000000000000e+00,0.000000000000000000e+00,0.000000000000000000e+00,0.000000000000000000e+00,0.000000000000000000e+00,1.106299543558323176e-03,2.372995194971001424e-06,2.372995194971038693e-06,2.372995194970991260e-06,2.372995194971001424e-06,1.333960365437902515e-02,1.345282407586840916e-02,2.372995194971001424e-06,2.372995194971008200e-06,2.372995194970994648e-06,2.372995194970991260e-06,2.372995194971008200e-06,1.671828640867485764e-21,3.635349632418816493e-06,4.256244117702406154e-04,2.151061512486059785e-03,0.000000000000000000e+00,0.000000000000000000e+00,2.831304944333231169e-03,2.372995194971113232e-06,2.372995194970991260e-06,2.372995194970991260e-06,2.372995194971001424e-06,2.372995194970991260e-06,2.372995194971258922e-06,2.372995194971011588e-06,1.645126748813652631e-02,7.063978053908945287e-03,4.690880738752283008e-03,2.344784743140235217e-02,5.254449608549115082e-21,1.726646155370839975e-03,1.472766022532878847e-20,1.671828640867485764e-21,1.708196150810803449e-03,1.708196150810803449e-03,0.000000000000000000e+00,1.670442646886493004e-03,2.372995194972349900e-06,2.372995194971262310e-06,2.372995194971116620e-06,2.372995194971004812e-06,2.372995194970998036e-06,2.372995194970994648e-06,2.372995194970991260e-06,2.372995194970998036e-06,8.336863626901828592e-05,2.372867686151807279e-02,4.471785569443070818e-02,1.908711580016707841e-05,1.206298390121829985e-04,6.525932966669161696e-21,2.105584159705386864e-20,1.042448165337583255e-20,7.432956785766263549e-20,1.708196150810806918e-03,2.372995194971103068e-06,2.372995194971001424e-06,8.450568261310769968e-21,1.671828640867488773e-21,8.318061237919620029e-20,1.671828640867488773e-21,8.345674127686316678e-20,8.776277218493509615e-21,1.671828640867491783e-21,1.671828640867488773e-21,2.639122461469210323e-04,4.520778346998156894e-02,4.472770327194913742e-02,1.206298390121829985e-04,1.073052936886556737e-04,6.599853555993579706e-21,1.119154900522734141e-20,5.254449608549115082e-21,2.965775008468448124e-20,4.478948533424773530e-20,1.402021137072877731e-19,5.254449608549115082e-21,8.686683322701812624e-21,1.671828640867485764e-21,5.254449608549115082e-21,1.448176887679480072e-03,2.628354021892045998e-20,4.332704161885441279e-20,7.660275695176282235e-05,7.092434643123441546e-03,2.478365959223932657e-03,2.435449837450571683e-03,1.144574603965662837e-03,1.206298390121827817e-04,7.297307128601406718e-20,1.085915483115929484e-20,1.671828640867488773e-21,7.970913869818421318e-21,1.831073295090019813e-03,1.960056935453824596e-03,1.220736086519770500e-20,1.201514169049155527e-20,4.332704161885450908e-20,2.943311998987526360e-21,1.083442153479566172e-19,5.668836631578867211e-20,4.429935342819828463e-20,2.455905525229541657e-20,1.120321217973279304e-19,4.545620009160405983e-02,4.545620009160405983e-02,4.767977899573924011e-02,7.078323373232270534e-21,3.075041828074569600e-21,9.417810327808495476e-21,6.525932966669161696e-21,7.211312226408115162e-20,5.254449608549115082e-21,1.960056935453824596e-03,1.960056935453826331e-03,1.850644609414864205e-20,1.671828640867488773e-21,2.431285699560498094e-20,6.525932966669161696e-21,1.712712666345861007e-19,1.119154900522734141e-20,8.007764411296900655e-21,5.866450222249180257e-19,2.392452331611488042e-03,4.810726307850975852e-02,2.376825768942274902e-02,2.986879741558704643e-02,1.893146658857126907e-03,7.297307128601406718e-20,1.499963309390259863e-20,1.671828640867491783e-21,1.671828640867491783e-21,1.737472928588210783e-19,1.995451888530090896e-19,2.222290310301045413e-04,1.293929341297952968e-19,1.671828640867485764e-21,1.833851456222699194e-19,8.686683322701812624e-21,1.076304134606984862e-20,1.671828640867488773e-21,1.647101403826424799e-20,2.752909255040097338e-20,2.586106552942071270e-04,1.375951815442302481e-02,4.451030251468271028e-21,3.325555263607150001e-05,4.967794812866747512e-21,9.963564991629066380e-21,1.714698972825414152e-03,4.659846217709880793e-20,1.913091534902046724e-21,4.214694773564382514e-20,1.582872697430129849e-05,1.324195876944506061e-19,1.156497378381907137e-02,5.254449608549115082e-21,2.775832842982084154e-20,7.970913869818421318e-21,3.068707944711842775e-20,5.296674936510475593e-20,1.598644137956290065e-20,3.556849878906182797e-19,4.946049901703986063e-02,3.008895816761433806e-03,6.835518810767521325e-03,6.865547139899369489e-03,2.881812031767380048e-05,2.770876223808762997e-05,4.698049219463741599e-04,2.136354068646337256e-02,2.661103642977394814e-05,2.661103642977391087e-05,2.661103642977412771e-05,2.094961830391810567e-02,1.287757406593162835e-03,1.552403257737789401e-20,2.795980459396477635e-19,7.449785927150702823e-21,2.937536901922654931e-20,3.002206182718487142e-20,1.048496217978698437e-20,4.673244476910359824e-02,1.671828640867488773e-21,5.114005136383226562e-20,6.863630975943696422e-03,6.862521617864061896e-03,2.579259828231991215e-05,4.677879072561424989e-04,4.666785491765270549e-04,4.877300826975662640e-05,4.766365019015573784e-05,4.338439186796412030e-04,1.382227025043010656e-02,0.000000000000000000e+00,1.287757406593165004e-03,1.671828640867485764e-21,3.965104808292941722e-21,6.559224406105753626e-21,4.290640061323674447e-19,1.716449677983266522e-20,2.586106552942084281e-04,1.671828640867485764e-21,1.122149598342761663e-19,2.599429975137193972e-05,2.478409093729187491e-05,2.357388212311667137e-05,2.246452404351838490e-05,2.135516596389321021e-05,2.747207152062518601e-04,1.893474833566713401e-05,4.433557595129520288e-05,8.908053714515888274e-03,0.000000000000000000e+00,0.000000000000000000e+00,1.671828640867488773e-21,3.062221910473929054e-20,6.525932966669161696e-21,4.537382994583065538e-20,5.254449608549115082e-21,7.219219535848611130e-20,2.817540774282007582e-02,2.628354021892045998e-20,2.407813579570993161e-05,2.286792698157785221e-05,2.165771816745615404e-05,2.044750935331033238e-05,9.492290037143779821e-04,1.946817384223250430e-03,1.739369943798894230e-03,1.724004526376641394e-03,1.722895168297048502e-03,0.000000000000000000e+00,0.000000000000000000e+00,0.000000000000000000e+00,4.433063685224435460e-04,6.525932966669161696e-21,3.447957337583670405e-20,3.447997343214364181e-20,4.931513221949893851e-20,5.254449608549115082e-21,5.599023781525387501e-07,1.415520860809349582e-05,1.936450820604365686e-02,2.373276319347943433e-02,1.209723219104136965e-04,3.147634519161802806e-05,9.389069148782892144e-04,9.376967060641828305e-04,2.794656948376470363e-05,0.000000000000000000e+00,0.000000000000000000e+00,0.000000000000000000e+00,0.000000000000000000e+00,0.000000000000000000e+00,4.433063685224435460e-04,2.928973332716092200e-20,1.092303120245475979e-20,5.254449608549115082e-21,1.415520860809069214e-05,1.415520860809346194e-05,1.415520860809011447e-05,2.728006712447109475e-02,2.684105539402106312e-03,1.595445101870129542e-03,2.017993713085308727e-03,1.031236826325079153e-03,2.015573295457026570e-03,0.000000000000000000e+00,0.000000000000000000e+00,0.000000000000000000e+00,0.000000000000000000e+00,0.000000000000000000e+00,0.000000000000000000e+00,0.000000000000000000e+00,0.000000000000000000e+00,0.000000000000000000e+00,0.000000000000000000e+00,1.415520860809169503e-05,1.415520860808962657e-05,3.556161320524736050e-03,4.427467726949380067e-03,4.424164759069473471e-03,2.608808112154707010e-02,0.000000000000000000e+00,0.000000000000000000e+00,0.000000000000000000e+00,0.000000000000000000e+00,0.000000000000000000e+00,0.000000000000000000e+00,0.000000000000000000e+00,0.000000000000000000e+00,0.000000000000000000e+00,0.000000000000000000e+00,0.000000000000000000e+00,0.000000000000000000e+00,0.000000000000000000e+00,0.000000000000000000e+00,0.000000000000000000e+00,0.000000000000000000e+00,0.000000000000000000e+00,0.000000000000000000e+00,0.000000000000000000e+00,0.000000000000000000e+00,0.000000000000000000e+00,0.000000000000000000e+00,0.000000000000000000e+00,0.000000000000000000e+00,0.000000000000000000e+00,0.000000000000000000e+00,0.000000000000000000e+00,0.000000000000000000e+00,0.000000000000000000e+00,0.000000000000000000e+00,0.000000000000000000e+00,0.000000000000000000e+00,0.000000000000000000e+00,0.000000000000000000e+00,0.000000000000000000e+00,0.000000000000000000e+00,0.000000000000000000e+00,0.000000000000000000e+00,0.000000000000000000e+00,0.000000000000000000e+00,0.000000000000000000e+00,0.000000000000000000e+00,0.000000000000000000e+00,0.000000000000000000e+00,0.000000000000000000e+00,0.000000000000000000e+00,0.000000000000000000e+00,0.000000000000000000e+00,0.000000000000000000e+00,0.000000000000000000e+00,0.000000000000000000e+00
0.000000000000000000e+00,0.000000000000000000e+00,0.000000000000000000e+00,0.000000000000000000e+00,0.000000000000000000e+00,0.000000000000000000e+00,0.000000000000000000e+00,0.000000000000000000e+00,0.000000000000000000e+00,0.000000000000000000e+00,0.000000000000000000e+00,0.000000000000000000e+00,0.000000000000000000e+00,0.000000000000000000e+00,0.000000000000000000e+00,0.000000000000000000e+00,0.000000000000000000e+00,0.000000000000000000e+00,0.000000000000000000e+00,0.000000000000000000e+00,0.000000000000000000e+00,0.000000000000000000e+00,0.000000000000000000e+00,0.000000000000000000e+00,0.000000000000000000e+00,0.000000000000000000e+00,0.000000000000000000e+00,0.000000000000000000e+00,0.000000000000000000e+00,0.000000000000000000e+00,5.092158387472683900e-02,1.522180610345966710e-02,9.560433649005937659e-03,6.891043563673277667e-03,2.896850949572368945e-03,3.453144640168904003e-03,0.000000000000000000e+00,0.000000000000000000e+00,0.000000000000000000e+00,0.000000000000000000e+00,0.000000000000000000e+00,0.000000000000000000e+00,0.000000000000000000e+00,0.000000000000000000e+00,0.000000000000000000e+00,0.000000000000000000e+00,2.728473101810642452e-07,2.728473101808349110e-07,2.728473101801693549e-07,8.508113701840681149e-04,4.210028590897339947e-03,1.074015201123004531e-03,2.142104951685500774e-02,5.596789582753682675e-05,2.728473101801941306e-07,2.728473101801693549e-07,2.728473101804370702e-07,2.728473101803284912e-07,4.225831421522783951e-05,0.000000000000000000e+00,0.000000000000000000e+00,0.000000000000000000e+00,0.000000000000000000e+00,0.000000000000000000e+00,9.127089939750318158e-06,2.728473101801693549e-07,2.728473101806060533e-07,2.728473101803818013e-07,2.728473101808312582e-07,9.186876902117984550e-03,9.776282506601566974e-03,5.854092397285411142e-04,2.845010774451350866e-02,1.379866940249507845e-02,1.641235351196301123e-02,2.728473101802517818e-07,2.728473101803424673e-07,2.728473101802799986e-07,2.728473101811270845e-07,2.728473101801712078e-07,0.000000000000000000e+00,0.000000000000000000e+00,3.723830656064117985e-03,2.728473101802282237e-07,2.728473101808371874e-07,2.728473101801693549e-07,2.728473101808591044e-07,2.728473101805354849e-07,2.728473101803865130e-07,6.340459988406971020e-05,4.782770816857767615e-03,2.673841912207672311e-02,5.966725499412755922e-04,8.638079218544481019e-03,2.728473101801696725e-07,6.364056413941739272e-04,2.728473101803519964e-07,2.728473101806562930e-07,2.336637622444556504e-20,3.572588896876622200e-05,0.000000000000000000e+00,6.148248242491623390e-04,2.728473101808511105e-07,2.728473101801693549e-07,2.728473101802522582e-07,2.728473101802054067e-07,2.728473101801741195e-07,2.728473101801716313e-07,2.728473101808263348e-07,2.948255598896198579e-03,7.718871555725210186e-03,8.742416954185257966e-03,3.027206423741766669e-02,9.611354222494294901e-22,3.042547018298777669e-19,3.052487572704572440e-21,6.206775201427603753e-22,4.065773865588151081e-20,2.332034701641153734e-05,3.572588896876622200e-05,2.728473101802018598e-07,2.728473101801713666e-07,2.728473101803653371e-07,2.728473101807249556e-07,1.951519864432805332e-07,6.183742664069245870e-20,3.461430531456136713e-20,1.922270844498858463e-22,5.902460971314638094e-03,5.915718639355155989e-03,1.648008874415964400e-02,6.736876276990996781e-02,3.280378519756808886e-02,1.135789791596340675e-19,8.935201222969079230e-20,1.057279757807328483e-21,3.273381050201209278e-21,2.429021294940190637e-05,3.572588896876660824e-05,3.572588896876622877e-05,2.728473101802459584e-07,3.481908964620139817e-20,1.922270844498852586e-22,3.693224824746202560e-21,5.103173946550422576e-20,5.335388533555978415e-04,4.487478634966099514e-19,6.782201657393760177e-22,3.570919170835918852e-03,3.567370864091636180e-03,1.742622441260193930e-02,4.574396117694547875e-02,2.514270537385067655e-22,6.606683216520085763e-22,6.184550321244197604e-20,1.088358268387124445e-04,7.364125722257018093e-04,7.045946921296521040e-04,7.103318397914054963e-04,7.578521283464910354e-04,1.833719060163036579e-05,8.881922003899123745e-21,5.901590011454563951e-22,6.831136251796641949e-20,2.468393086828938391e-20,2.107741467447729060e-20,6.810426632006605635e-19,2.080286691350859230e-21,5.071540764311851462e-19,2.305887095642549997e-02,2.997877350244139427e-02,2.213150535053138440e-02,1.495611702638713139e-19,8.532593055852314240e-20,1.796764501859146341e-19,1.089118757344880402e-21,9.038203369490613469e-20,6.206775201427603753e-22,7.578521283464910354e-04,7.578521283464916859e-04,6.716276383878863891e-05,4.572814369294600824e-20,4.373275113825240302e-21,2.199793600299801605e-20,8.250098554126733610e-20,6.206775201427603753e-22,2.438448753180057051e-19,2.108352747499313858e-19,6.716276383878747340e-05,4.484860461125150105e-02,3.581443986195960438e-02,1.180475391017531822e-02,4.034624413172800846e-20,3.313940591441264723e-19,2.061540462476528572e-19,4.572814369294600824e-20,4.762670400902830522e-20,8.447311699395475765e-20,5.319563214107499591e-21,3.806597706075506762e-03,6.716276383878743274e-05,1.611845454148680241e-21,1.922270844498864576e-22,5.002009164005953163e-19,1.922270844498866221e-22,2.121954748506803061e-19,1.652148168321102715e-20,1.236746514821602605e-04,1.876700231734455002e-04,1.517047260436356522e-02,1.954696835544037295e-03,2.712468880490797684e-21,3.977381660067390021e-20,5.848515917719784214e-19,6.317312005146263464e-04,2.698344559039450960e-20,3.304093556093041903e-20,4.656749337020550375e-19,4.155752522245619333e-05,3.572588896876624910e-05,4.260779815091236822e-03,1.922270844498858463e-22,8.080059761386995795e-21,1.922270844498910420e-22,9.990593776457770411e-21,1.108590045221840650e-21,1.530996634318110262e-04,1.530996634318117309e-04,4.675041661746216770e-02,5.439548481149263440e-03,2.018368190341415097e-02,1.119691562759472618e-03,2.088848206345799478e-06,2.007264127880351231e-06,1.918263315008809918e-06,7.709291427951623851e-03,1.154432774234505983e-05,1.147016039828978057e-05,4.711446528860358169e-05,1.145989924218406703e-02,4.744369392711652493e-04,5.295670640006350496e-21,9.722710731513422586e-20,1.763553592566732235e-20,9.047331612359510838e-21,1.530996634318115140e-04,1.530996634318112430e-04,2.621080352050116080e-02,8.917271683487429683e-04,2.118515143953007043e-06,2.036931065491045608e-06,1.955346987033733112e-06,1.866346174172493202e-06,1.769928626897220774e-06,1.688344548434028599e-06,1.140340978864890208e-05,1.132182571018199355e-05,1.123282489731521934e-05,6.648723532951594795e-03,0.000000000000000000e+00,4.744369392711658999e-04,1.701848139465085207e-20,5.374187926725253084e-19,7.707289303429606362e-20,1.449787075850944406e-19,1.530996634318109719e-04,2.483772732770458871e-04,6.081359411418892601e-03,1.962763721443849585e-06,1.881179642981999957e-06,1.792178830114547060e-06,1.703178017246477947e-06,1.621593938780308240e-06,1.540009860328358310e-06,1.451009047457831107e-06,1.362008234592193190e-06,1.107707347480134602e-05,3.520741499933611844e-03,0.000000000000000000e+00,0.000000000000000000e+00,1.776180280110513129e-19,1.675795137217956200e-21,5.418145226587912038e-20,1.425440603339120317e-19,6.206775201427603753e-22,1.530996634318109719e-04,1.051126308467817405e-02,8.937879706353173137e-03,2.615475014403745302e-02,1.651260876401008405e-06,1.562260063539816564e-06,1.473259250675014033e-06,3.439830418608738876e-04,6.510334480549852162e-06,6.436167136500888381e-06,1.132089468028046158e-06,6.460099787605512456e-04,0.000000000000000000e+00,0.000000000000000000e+00,0.000000000000000000e+00,5.616046192751581869e-22,1.089118757344880402e-21,6.206775201427603753e-22,4.904098824090289033e-20,6.206775201427603753e-22,8.665142510141601731e-05,8.851638253575471816e-05,8.487981523166390112e-04,1.133786925168420168e-02,1.075813495194945756e-02,6.540001418176196319e-06,4.719659154884944460e-03,1.375532120503221260e-02,6.280415713992681717e-06,6.871871081153645535e-04,0.000000000000000000e+00,0.000000000000000000e+00,0.000000000000000000e+00,0.000000000000000000e+00,0.000000000000000000e+00,5.651188764337294976e-05,9.475782048052372131e-21,1.628395833977931425e-20,6.206775201427603753e-22,5.215076855612357231e-06,9.339167834854201176e-05,1.269391199243530971e-02,1.194549935317457817e-02,1.294046492791996314e-03,2.469861001986799025e-04,4.580161095574779989e-03,5.215076855611972678e-06,5.145852940344098833e-03,0.000000000000000000e+00,0.000000000000000000e+00,0.000000000000000000e+00,0.000000000000000000e+00,0.000000000000000000e+00,0.000000000000000000e+00,0.000000000000000000e+00,0.000000000000000000e+00,0.000000000000000000e+00,0.000000000000000000e+00,3.764290899369573604e-03,1.329209099438630540e-02,3.968797660068005932e-03,1.282922613750573856e-02,6.693304391855360407e-03,1.670465657258358300e-02,0.000000000000000000e+00,0.000000000000000000e+00,0.000000000000000000e+00,0.000000000000000000e+00,0.000000000000000000e+00,0.000000000000000000e+00,0.000000000000000000e+00,0.000000000000000000e+00,0.000000000000000000e+00,0.000000000000000000e+00,0.000000000000000000e+00,0.000000000000000000e+00,0.000000000000000000e+00,0.000000000000000000e+00,0.000000000000000000e+00,0.000000000000000000e+00,0.000000000000000000e+00,0.000000000000000000e+00,0.000000000000000000e+00,0.000000000000000000e+00,0.000000000000000000e+00,0.000000000000000000e+00,0.000000000000000000e+00,0.000000000000000000e+00,0.000000000000000000e+00,0.000000000000000000e+00,0.000000000000000000e+00,0.000000000000000000e+00,0.000000000000000000e+00,0.000000000000000000e+00,0.000000000000000000e+00,0.000000000000000000e+00,0.000000000000000000e+00,0.000000000000000000e+00,0.000000000000000000e+00,0.000000000000000000e+00,0.000000000000000000e+00,0.000000000000000000e+00,0.000000000000000000e+00,0.000000000000000000e+00,0.000000000000000000e+00,0.000000000000000000e+00,0.000000000000000000e+00,0.000000000000000000e+00,0.000000000000000000e+00,0.000000000000000000e+00,0.000000000000000000e+00,0.000000000000000000e+00,0.000000000000000000e+00,0.000000000000000000e+00,0.000000000000000000e+00
0.000000000000000000e+00,0.000000000000000000e+00,0.000000000000000000e+00,0.000000000000000000e+00,0.000000000000000000e+00,0.000000000000000000e+00,0.000000000000000000e+00,0.000000000000000000e+00,0.000000000000000000e+00,0.000000000000000000e+00,0.000000000000000000e+00,0.000000000000000000e+00,0.000000000000000000e+00,0.000000000000000000e+00,0.000000000000000000e+00,0.000000000000000000e+00,0.000000000000000000e+00,0.000000000000000000e+00,0.000000000000000000e+00,0.000000000000000000e+00,0.000000000000000000e+00,0.000000000000000000e+00,0.000000000000000000e+00,0.000000000000000000e+00,0.000000000000000000e+00,0.000000000000000000e+00,0.000000000000000000e+00,0.000000000000000000e+00,0.000000000000000000e+00,0.000000000000000000e+00,3.236132464006702403e-02,8.682035164322070980e-03,8.580541654027553158e-03,5.232753231827973195e-03,2.857815616514221713e-03,2.401256634102171862e-03,0.000000000000000000e+00,0.000000000000000000e+00,0.000000000000000000e+00,0.000000000000000000e+00,0.000000000000000000e+00,0.000000000000000000e+00,0.000000000000000000e+00,0.000000000000000000e+00,0.000000000000000000e+00,0.000000000000000000e+00,1.168554322871588873e-03,2.338691230122238079e-07,5.327648288377112703e-04,1.441147270922601455e-03,6.961003914847625068e-03,1.439279761995489832e-03,1.856516195025410126e-02,2.338691230115812010e-07,2.338691230115949918e-07,2.338691230115737101e-07,2.338691230118032295e-07,2.338691230117101353e-07,2.338691230116144206e-07,0.000000000000000000e+00,0.000000000000000000e+00,0.000000000000000000e+00,0.000000000000000000e+00,0.000000000000000000e+00,2.338691230116093384e-07,2.338691230118376667e-07,2.338691230122437131e-07,1.845417048279405885e-03,1.776561775394472874e-03,1.616849972957735970e-02,8.490493620800197705e-03,5.017793483387494955e-04,2.438580663815443500e-02,1.182743091642435296e-02,1.406773158168258056e-02,2.338691230116444109e-07,2.338691230117220997e-07,2.338691230115737101e-07,2.338691230123942203e-07,2.338691230115753247e-07,0.000000000000000000e+00,0.000000000000000000e+00,2.577319702569649817e-03,1.001577222711116295e-05,2.338691230121611539e-07,2.338691230115773629e-07,2.338691230126135224e-07,1.846539656670134408e-02,2.338691230117598456e-07,5.434679990063118307e-05,1.913440428080044045e-04,2.291864496178004987e-02,1.769631322614643467e-04,2.338691230115737101e-07,2.338691230115740277e-07,2.338691230115737101e-07,2.338691230117303053e-07,2.338691230119910856e-07,2.002832247809620033e-20,3.062219054465675978e-05,0.000000000000000000e+00,2.338691230123293429e-07,2.338691230117930387e-07,2.338691230117172557e-07,6.273833870363436415e-04,1.033730489066442444e-02,2.338691230115746100e-07,2.338691230115743454e-07,2.338691230121368811e-07,2.527076227625313191e-03,1.373110090999281330e-02,2.338691230115737101e-07,1.189745117528778068e-02,8.238303619280823395e-22,2.607897444256094938e-19,2.214896859002102418e-21,5.320093029795089469e-22,3.321684857810353317e-20,1.998886887120986978e-05,3.062219054465675978e-05,3.053302998865661198e-05,2.338691230115748218e-07,2.338691230117418726e-07,3.053302998865706599e-05,8.454396794652060607e-03,5.300350854916495858e-20,2.966940455533831382e-20,1.382183163636226987e-02,1.480846475877511600e-02,5.070615976590133953e-03,1.407886142802287216e-02,4.369462134599546438e-02,1.406749771255957036e-02,9.649533611229972855e-20,7.658743905402067568e-20,4.813753879501341244e-22,2.805755185886750165e-21,2.082018252805877931e-05,3.062219054465709859e-05,3.062219054465675978e-05,9.188069317817667463e-04,3.029916086564500222e-05,3.029916086564603560e-05,3.029916086564498189e-05,4.374149097043218491e-20,1.647660723856179443e-22,2.711542513369807547e-03,1.424053806145324317e-03,1.122200729830490247e-02,2.625811247580456947e-02,1.475443296579822400e-02,3.880146476966479796e-02,2.155089032044343838e-22,1.647660723856189317e-22,3.268472523369797998e-20,9.328785157603922075e-05,6.312107761934586782e-04,6.039383075397018654e-04,3.062219054465692241e-05,3.218048927179265701e-05,1.571759194425459489e-05,4.346766619250295646e-21,6.687096619333992307e-07,5.815107538351225435e-20,2.115765502996232993e-20,1.647660723856165337e-22,5.833493331115358889e-19,6.268132159927191326e-03,2.822556665643421656e-02,3.326530290578000315e-02,2.482476434247435013e-02,5.044539336717418498e-03,1.277937677371450210e-19,7.313651190730555063e-20,1.522440240094725367e-19,5.320093029795089469e-22,7.570595273146527735e-20,5.320093029795089469e-22,3.376708052352189553e-05,3.376708052352215303e-05,5.756808329039025225e-05,3.919555173681086163e-20,6.987369689647094832e-22,1.845385265639648384e-20,2.002832247809620033e-20,5.320093029795089469e-22,2.073426936456022540e-19,4.805309262960403746e-22,5.756808329038926291e-05,3.581649438024354926e-02,4.497113718832561335e-02,1.441619941601598879e-03,3.458249497005258212e-20,2.637263446037132599e-19,1.767034682122738914e-19,3.919555173681086163e-20,1.320594254603296800e-03,6.845219266668269324e-04,1.504800491676239801e-03,9.384528120612857863e-03,3.629155621369394968e-03,1.381581817841726243e-21,1.647660723856170039e-22,4.287436426290817547e-19,1.647660723856171215e-22,1.818818355862973983e-19,1.249407053006396372e-20,1.060068441275659299e-04,7.919349713846682564e-05,2.573878709211802757e-02,1.675454430466317805e-03,7.251243315565047282e-03,4.890432154498258049e-03,5.013013643759815591e-19,1.620151159234614899e-08,3.144889978866342352e-06,3.144889978865165400e-06,3.144889978865704536e-06,3.376708052352247151e-05,1.988748276515501720e-02,1.683314724911261407e-21,1.647660723856164397e-22,6.925765509760282110e-21,1.647660723856208831e-22,5.320093029795089469e-22,5.486989783026178383e-22,1.312282829415522926e-04,1.826706929394224330e-04,3.883143880790212304e-02,1.248101339858638352e-02,2.256985721075810761e-02,5.848657051432441800e-03,1.790441319724970739e-06,1.720512109611729808e-06,1.644225698578979748e-06,4.719186467332362808e-06,4.636542855382823018e-06,4.572970846193101917e-06,2.249945813159400811e-04,1.071443289956843480e-02,5.320093029795089469e-22,1.647660723856165337e-22,5.320093029795089469e-22,1.458726976684358534e-20,1.647660723856251619e-22,1.312282829415527263e-04,1.312282829415525095e-04,7.708788879960759045e-03,2.414929419644272490e-02,1.094326656337898072e-02,5.273652161899398602e-03,1.676011703171770785e-06,1.599725292147851679e-06,1.517081680197617957e-06,4.592042448951433216e-06,4.515756037928813670e-06,4.445826827814339035e-06,1.758680334307844036e-04,1.672868013203606492e-03,0.000000000000000000e+00,2.268807088888871678e-22,1.458726976684358534e-20,4.606446794335930664e-19,6.553357585995393371e-20,4.346766619250295646e-21,1.312282829415522655e-04,1.312282829415524553e-04,5.212593781216193038e-03,1.682368904094727973e-06,1.612439693984571301e-06,1.536153282955326052e-06,1.459866871925360189e-06,1.389937661811692777e-06,1.320008451710021257e-06,4.388612019543267748e-06,4.312325608515571934e-06,4.236039197488048914e-06,3.977230735709339046e-04,0.000000000000000000e+00,0.000000000000000000e+00,1.522440240094725367e-19,5.320093029795089469e-22,4.603972373886599195e-20,1.221806231433531563e-19,5.320093029795089469e-22,1.312282829415522655e-04,1.121568906381089059e-04,7.661039748302719832e-03,2.241835726631781836e-02,1.383017925020425982e-02,1.339080054462699882e-06,1.262793643435726374e-06,1.192864433329347257e-06,1.110220821375324334e-06,1.046648812190560070e-06,1.624027482082962377e-05,7.467370780516735529e-04,0.000000000000000000e+00,0.000000000000000000e+00,0.000000000000000000e+00,4.813753879501355350e-22,5.320093029795089469e-22,5.320093029795089469e-22,4.197793899450576150e-20,5.320093029795089469e-22,7.427265008692801097e-05,7.569437375333558328e-05,7.230712075380218594e-04,8.877254601698029296e-03,1.732904059715379731e-03,2.875456786443262268e-03,4.040952066882284865e-03,1.178580525272280091e-02,9.131475928977562920e-07,5.845474553655021811e-04,0.000000000000000000e+00,0.000000000000000000e+00,0.000000000000000000e+00,0.000000000000000000e+00,0.000000000000000000e+00,4.843876083717681602e-05,5.320093029795089469e-22,1.395767857695370051e-20,5.320093029795089469e-22,1.647660723856164397e-22,7.557994413679596825e-05,1.087602592763974203e-02,1.630157105282061631e-03,2.615704325067602014e-04,1.201955337808700399e-05,5.298643408177481848e-03,0.000000000000000000e+00,4.406261025847273832e-03,0.000000000000000000e+00,0.000000000000000000e+00,0.000000000000000000e+00,0.000000000000000000e+00,0.000000000000000000e+00,0.000000000000000000e+00,0.000000000000000000e+00,0.000000000000000000e+00,0.000000000000000000e+00,0.000000000000000000e+00,3.222064990726252083e-03,1.138875078645487822e-02,2.509614409665828026e-03,1.985869919738651734e-02,1.479504118260236735e-02,8.329819680831306722e-03,0.000000000000000000e+00,0.000000000000000000e+00,0.000000000000000000e+00,0.000000000000000000e+00,0.000000000000000000e+00,0.000000000000000000e+00,0.000000000000000000e+00,0.000000000000000000e+00,0.000000000000000000e+00,0.000000000000000000e+00,0.000000000000000000e+00,0.000000000000000000e+00,0.000000000000000000e+00,0.000000000000000000e+00,0.000000000000000000e+00,0.000000000000000000e+00,0.000000000000000000e+00,0.000000000000000000e+00,0.000000000000000000e+00,0.000000000000000000e+00,0.000000000000000000e+00,0.000000000000000000e+00,0.000000000000000000e+00,0.000000000000000000e+00,0.000000000000000000e+00,0.000000000000000000e+00,0.000000000000000000e+00,0.000000000000000000e+00,0.000000000000000000e+00,0.000000000000000000e+00,0.000000000000000000e+00,0.000000000000000000e+00,0.000000000000000000e+00,0.000000000000000000e+00,0.000000000000000000e+00,0.000000000000000000e+00,0.000000000000000000e+00,0.000000000000000000e+00,0.000000000000000000e+00,0.000000000000000000e+00,0.000000000000000000e+00,0.000000000000000000e+00,0.000000000000000000e+00,0.000000000000000000e+00,0.000000000000000000e+00,0.000000000000000000e+00,0.000000000000000000e+00,0.000000000000000000e+00,0.000000000000000000e+00,0.000000000000000000e+00,0.000000000000000000e+00
0.000000000000000000e+00,0.000000000000000000e+00,0.000000000000000000e+00,0.000000000000000000e+00,0.000000000000000000e+00,0.000000000000000000e+00,0.000000000000000000e+00,0.000000000000000000e+00,0.000000000000000000e+00,0.000000000000000000e+00,0.000000000000000000e+00,0.000000000000000000e+00,0.000000000000000000e+00,0.000000000000000000e+00,0.000000000000000000e+00,0.000000000000000000e+00,0.000000000000000000e+00,0.000000000000000000e+00,0.000000000000000000e+00,0.000000000000000000e+00,0.000000000000000000e+00,0.000000000000000000e+00,0.000000000000000000e+00,0.000000000000000000e+00,0.000000000000000000e+00,0.000000000000000000e+00,0.000000000000000000e+00,0.000000000000000000e+00,0.000000000000000000e+00,0.000000000000000000e+00,1.767316424734867789e-02,6.857350532203972636e-03,6.416242775543583299e-03,4.711633200723234377e-04,8.593561368778760345e-04,2.060115346161991017e-21,0.000000000000000000e+00,0.000000000000000000e+00,0.000000000000000000e+00,0.000000000000000000e+00,0.000000000000000000e+00,0.000000000000000000e+00,0.000000000000000000e+00,0.000000000000000000e+00,0.000000000000000000e+00,0.000000000000000000e+00,9.057216403067839400e-03,1.504073533305612939e-19,1.005891812794432747e-03,1.344662944143089605e-03,6.332326184052994300e-03,9.797577962367748014e-04,3.858289104924968876e-04,1.408528823427604208e-20,0.000000000000000000e+00,0.000000000000000000e+00,0.000000000000000000e+00,0.000000000000000000e+00,0.000000000000000000e+00,0.000000000000000000e+00,0.000000000000000000e+00,0.000000000000000000e+00,0.000000000000000000e+00,0.000000000000000000e+00,8.751558333039134675e-05,4.985518636596171846e-19,5.584839093589554881e-19,3.485346005073189108e-03,5.791250485638817745e-03,2.362204940929588451e-02,8.232408229270045744e-03,1.098720915999399500e-02,0.000000000000000000e+00,0.000000000000000000e+00,1.625354115057302202e-19,7.205846006716737178e-21,0.000000000000000000e+00,1.725518175807505051e-04,1.896275264925460696e-21,0.000000000000000000e+00,0.000000000000000000e+00,0.000000000000000000e+00,1.742840455936276963e-04,1.847692808552135152e-05,2.830021942957078072e-20,1.436259257607252329e-20,8.472608911130762560e-19,3.487864065098129213e-02,0.000000000000000000e+00,2.344603284979260467e-03,0.000000000000000000e+00,0.000000000000000000e+00,0.000000000000000000e+00,0.000000000000000000e+00,0.000000000000000000e+00,9.291748798134736006e-21,0.000000000000000000e+00,0.000000000000000000e+00,5.316913604426970647e-20,0.000000000000000000e+00,0.000000000000000000e+00,1.515804447683528260e-04,1.109354616070228790e-19,2.710912173096510629e-19,1.184615756058516331e-03,1.952557859624488856e-02,0.000000000000000000e+00,0.000000000000000000e+00,0.000000000000000000e+00,0.000000000000000000e+00,1.348788198996586814e-02,0.000000000000000000e+00,0.000000000000000000e+00,0.000000000000000000e+00,0.000000000000000000e+00,0.000000000000000000e+00,0.000000000000000000e+00,0.000000000000000000e+00,0.000000000000000000e+00,0.000000000000000000e+00,8.633882963925884049e-04,2.060115346162002678e-21,2.148477656397106491e-21,5.723174830177390625e-05,1.596910020731711136e-02,0.000000000000000000e+00,0.000000000000000000e+00,2.633862025189334655e-02,1.864589521210026010e-02,0.000000000000000000e+00,3.380729361310415900e-03,1.540440995246382394e-03,0.000000000000000000e+00,0.000000000000000000e+00,0.000000000000000000e+00,1.569496937930110400e-03,0.000000000000000000e+00,0.000000000000000000e+00,0.000000000000000000e+00,1.557966230575935336e-03,1.735082451688759950e-03,5.723174830177383849e-05,5.723174830177584426e-05,5.723174830177383849e-05,0.000000000000000000e+00,0.000000000000000000e+00,5.352518575129807180e-03,2.920595461483561656e-03,1.541563671544475891e-02,5.304555029648532621e-02,4.511921902269263869e-04,0.000000000000000000e+00,0.000000000000000000e+00,0.000000000000000000e+00,0.000000000000000000e+00,0.000000000000000000e+00,0.000000000000000000e+00,0.000000000000000000e+00,0.000000000000000000e+00,8.126172722923155964e-06,0.000000000000000000e+00,2.159787208166182026e-03,1.263118250318642097e-06,2.159787208166182026e-03,0.000000000000000000e+00,6.073330904467832275e-03,2.300473187569715763e-03,1.183980519097358255e-02,6.221661311034824143e-02,6.742196811632809872e-02,2.546838429073381913e-02,1.851581046064260626e-03,0.000000000000000000e+00,0.000000000000000000e+00,0.000000000000000000e+00,0.000000000000000000e+00,0.000000000000000000e+00,0.000000000000000000e+00,5.940347737856542118e-06,5.940347737856493837e-06,1.513985068002339030e-03,0.000000000000000000e+00,0.000000000000000000e+00,0.000000000000000000e+00,0.000000000000000000e+00,0.000000000000000000e+00,0.000000000000000000e+00,8.679700415083587556e-03,1.118596745958787969e-02,3.828708121153103633e-02,4.333888317928095285e-02,0.000000000000000000e+00,0.000000000000000000e+00,0.000000000000000000e+00,0.000000000000000000e+00,0.000000000000000000e+00,2.494455814250671685e-03,1.292985861481784314e-03,2.842400928721786242e-03,1.169582560942926744e-02,6.746332016371456124e-03,2.694434229845266090e-20,0.000000000000000000e+00,7.490287296455550959e-21,0.000000000000000000e+00,0.000000000000000000e+00,4.770082584153993548e-03,8.125547951746317499e-03,0.000000000000000000e+00,3.426850712748329142e-02,9.997248477441883149e-03,1.369679292940064429e-02,9.237482958496709071e-03,1.829998653176156593e-20,3.060285522998139917e-08,5.940347737858644454e-06,5.940347737856370170e-06,5.940347737856697125e-06,5.940347737857415409e-06,3.977832171739556499e-02,0.000000000000000000e+00,0.000000000000000000e+00,0.000000000000000000e+00,6.220078988755029096e-20,0.000000000000000000e+00,0.000000000000000000e+00,0.000000000000000000e+00,9.716899666264254142e-05,2.715987638946656263e-02,2.341096538857909484e-02,9.953610379872560379e-03,9.234629360618961183e-03,0.000000000000000000e+00,0.000000000000000000e+00,1.204134793227664820e-20,5.940347737857207886e-06,5.940347737856654773e-06,5.940347737857781327e-06,1.535135723479908983e-03,1.418051422186218657e-02,0.000000000000000000e+00,0.000000000000000000e+00,0.000000000000000000e+00,0.000000000000000000e+00,0.000000000000000000e+00,1.078283050761961667e-03,8.199635867536014854e-04,7.205846006716737178e-21,4.417158473341448871e-02,2.525715896085466497e-02,9.958045084084894000e-03,0.000000000000000000e+00,0.000000000000000000e+00,0.000000000000000000e+00,5.940347737856343065e-06,5.940347737856362547e-06,5.940347737856379488e-06,3.298819456531877224e-04,3.645824516598877266e-04,0.000000000000000000e+00,0.000000000000000000e+00,1.078283050761961667e-03,0.000000000000000000e+00,8.318212138635752445e-22,0.000000000000000000e+00,0.000000000000000000e+00,0.000000000000000000e+00,0.000000000000000000e+00,0.000000000000000000e+00,2.307160498757262481e-04,0.000000000000000000e+00,0.000000000000000000e+00,7.205846006716737178e-21,1.773563219544927563e-20,5.940347737856350688e-06,5.940347737856339677e-06,5.940347737856339677e-06,3.645824516598876182e-04,0.000000000000000000e+00,0.000000000000000000e+00,2.594264053723778669e-03,0.000000000000000000e+00,0.000000000000000000e+00,0.000000000000000000e+00,3.529997161920841314e-03,0.000000000000000000e+00,0.000000000000000000e+00,0.000000000000000000e+00,0.000000000000000000e+00,2.620725905391736027e-02,1.136251321376292426e-19,3.241529375171847702e-19,1.771968653389907875e-19,0.000000000000000000e+00,3.415880480899306343e-05,2.214835072341456298e-04,3.962038427060219845e-03,0.000000000000000000e+00,0.000000000000000000e+00,0.000000000000000000e+00,0.000000000000000000e+00,0.000000000000000000e+00,0.000000000000000000e+00,0.000000000000000000e+00,0.000000000000000000e+00,0.000000000000000000e+00,2.507305652420278355e-21,9.872425345121968066e-21,9.949919258491580348e-03,0.000000000000000000e+00,5.429273258434392027e-03,0.000000000000000000e+00,3.415880480899294145e-05,3.415880480899297533e-05,3.415880480899293468e-05,0.000000000000000000e+00,0.000000000000000000e+00,0.000000000000000000e+00,0.000000000000000000e+00,0.000000000000000000e+00,9.280549738725919328e-04,3.714877615359691698e-03,9.710165029940966250e-05,0.000000000000000000e+00,0.000000000000000000e+00,0.000000000000000000e+00,0.000000000000000000e+00,0.000000000000000000e+00,0.000000000000000000e+00,2.270360082527545989e-05,2.601493201012145592e-03,1.328974418139735854e-03,3.415880480899293468e-05,0.000000000000000000e+00,0.000000000000000000e+00,0.000000000000000000e+00,0.000000000000000000e+00,0.000000000000000000e+00,0.000000000000000000e+00,0.000000000000000000e+00,0.000000000000000000e+00,0.000000000000000000e+00,0.000000000000000000e+00,0.000000000000000000e+00,1.078283050761961667e-03,1.514212455855782399e-03,2.120755777765053265e-02,2.662583059055256135e-02,6.685932787303032997e-03,0.000000000000000000e+00,0.000000000000000000e+00,0.000000000000000000e+00,0.000000000000000000e+00,0.000000000000000000e+00,0.000000000000000000e+00,0.000000000000000000e+00,0.000000000000000000e+00,0.000000000000000000e+00,0.000000000000000000e+00,0.000000000000000000e+00,0.000000000000000000e+00,0.000000000000000000e+00,0.000000000000000000e+00,0.000000000000000000e+00,0.000000000000000000e+00,0.000000000000000000e+00,0.000000000000000000e+00,0.000000000000000000e+00,0.000000000000000000e+00,0.000000000000000000e+00,0.000000000000000000e+00,0.000000000000000000e+00,0.000000000000000000e+00,0.000000000000000000e+00,0.000000000000000000e+00,0.000000000000000000e+00,0.000000000000000000e+00,0.000000000000000000e+00,0.000000000000000000e+00,0.000000000000000000e+00,0.000000000000000000e+00,0.000000000000000000e+00,0.000000000000000000e+00,0.000000000000000000e+00,0.000000000000000000e+00,0.000000000000000000e+00,0.000000000000000000e+00,0.000000000000000000e+00,0.000000000000000000e+00,0.000000000000000000e+00,0.000000000000000000e+00,0.000000000000000000e+00,0.000000000000000000e+00,0.000000000000000000e+00,0.000000000000000000e+00,0.000000000000000000e+00,0.000000000000000000e+00,0.000000000000000000e+00,0.000000000000000000e+00,0.000000000000000000e+00
0.000000000000000000e+00,0.000000000000000000e+00,0.000000000000000000e+00,0.000000000000000000e+00,0.000000000000000000e+00,0.000000000000000000e+00,0.000000000000000000e+00,0.000000000000000000e+00,0.000000000000000000e+00,0.000000000000000000e+00,0.000000000000000000e+00,0.000000000000000000e+00,0.000000000000000000e+00,0.000000000000000000e+00,0.000000000000000000e+00,0.000000000000000000e+00,0.000000000000000000e+00,0.000000000000000000e+00,0.000000000000000000e+00,0.000000000000000000e+00,0.000000000000000000e+00,0.000000000000000000e+00,0.000000000000000000e+00,0.000000000000000000e+00,0.000000000000000000e+00,0.000000000000000000e+00,0.000000000000000000e+00,0.000000000000000000e+00,0.000000000000000000e+00,0.000000000000000000e+00,3.117367600338346798e-02,3.063093988902269339e-03,3.774260456202108843e-04,2.771548941601898429e-05,5.055036099281691973e-05,1.211832556565875962e-22,0.000000000000000000e+00,0.000000000000000000e+00,0.000000000000000000e+00,0.000000000000000000e+00,0.000000000000000000e+00,0.000000000000000000e+00,0.000000000000000000e+00,0.000000000000000000e+00,0.000000000000000000e+00,0.000000000000000000e+00,3.438175778035248292e-02,8.847491372385962715e-21,5.917010663496658114e-05,7.909782024371125528e-05,3.724897755325289744e-04,5.763281154333964318e-05,2.269581826426454512e-05,8.285463667221188832e-22,0.000000000000000000e+00,0.000000000000000000e+00,0.000000000000000000e+00,0.000000000000000000e+00,0.000000000000000000e+00,0.000000000000000000e+00,0.000000000000000000e+00,0.000000000000000000e+00,0.000000000000000000e+00,0.000000000000000000e+00,4.375779166519567337e-04,2.932658021527162742e-20,3.285199466817385224e-20,2.050203532395992317e-04,1.237719196966045876e-02,1.389532318193876376e-03,4.842593076041200317e-04,5.493604579996997500e-02,0.000000000000000000e+00,0.000000000000000000e+00,8.126770575286511010e-19,3.602923003358368890e-20,0.000000000000000000e+00,8.627590879037524713e-04,9.481376324627303103e-21,0.000000000000000000e+00,0.000000000000000000e+00,0.000000000000000000e+00,7.592377297726597913e-04,1.086878122677724368e-06,1.664718789974753577e-21,3.785568973401992504e-20,4.983887594782794142e-20,2.051684744175372166e-03,0.000000000000000000e+00,1.172301642489630147e-02,0.000000000000000000e+00,0.000000000000000000e+00,0.000000000000000000e+00,0.000000000000000000e+00,0.000000000000000000e+00,4.645874399067368003e-20,0.000000000000000000e+00,0.000000000000000000e+00,2.658456802213485143e-19,0.000000000000000000e+00,0.000000000000000000e+00,7.579022238417611754e-04,6.525615388648401812e-21,1.594654219468533682e-20,6.968327976814795571e-05,1.148563446837932989e-03,0.000000000000000000e+00,0.000000000000000000e+00,0.000000000000000000e+00,0.000000000000000000e+00,7.934048229391692242e-04,0.000000000000000000e+00,0.000000000000000000e+00,0.000000000000000000e+00,0.000000000000000000e+00,0.000000000000000000e+00,0.000000000000000000e+00,0.000000000000000000e+00,0.000000000000000000e+00,0.000000000000000000e+00,4.034149313883588286e-03,1.211832556565883486e-22,1.263810386115946322e-22,3.366573429516104957e-06,9.393588357245359621e-04,0.000000000000000000e+00,0.000000000000000000e+00,2.689339320085550739e-03,2.236826082450665137e-03,0.000000000000000000e+00,1.690364680655207993e-02,7.702204976231911970e-03,0.000000000000000000e+00,0.000000000000000000e+00,0.000000000000000000e+00,7.847484689650552001e-03,0.000000000000000000e+00,0.000000000000000000e+00,0.000000000000000000e+00,7.789831152879676465e-03,1.020636736287507638e-04,3.366573429516104957e-06,3.366573429516226930e-06,3.366573429516104957e-06,0.000000000000000000e+00,0.000000000000000000e+00,1.454862750864167192e-03,1.311808450061446689e-03,9.068021597320452543e-04,2.848236796542865518e-02,2.654071707217217548e-05,0.000000000000000000e+00,0.000000000000000000e+00,0.000000000000000000e+00,0.000000000000000000e+00,0.000000000000000000e+00,0.000000000000000000e+00,0.000000000000000000e+00,0.000000000000000000e+00,2.608674216134738641e-05,0.000000000000000000e+00,1.079893604083091013e-02,7.430107354815551713e-08,1.079893604083091013e-02,0.000000000000000000e+00,3.036665452233916138e-02,1.150236593784857882e-02,6.964591288807983616e-04,4.764444342502184571e-02,7.712847908805423036e-02,1.498140252396105987e-03,1.089165321214269171e-04,0.000000000000000000e+00,0.000000000000000000e+00,0.000000000000000000e+00,0.000000000000000000e+00,0.000000000000000000e+00,0.000000000000000000e+00,3.494322198748296855e-07,3.494322198739115018e-07,7.569925340011694932e-03,0.000000000000000000e+00,0.000000000000000000e+00,0.000000000000000000e+00,0.000000000000000000e+00,0.000000000000000000e+00,0.000000000000000000e+00,4.339850207541794125e-02,5.592983729793939845e-02,8.119857249558865009e-02,2.047694734819536372e-02,0.000000000000000000e+00,0.000000000000000000e+00,0.000000000000000000e+00,0.000000000000000000e+00,0.000000000000000000e+00,1.467326949559214812e-04,7.605799185186976757e-05,1.672000546306933594e-04,6.879897417311348073e-04,3.968430597865568038e-04,1.347217114922633015e-19,0.000000000000000000e+00,3.745143648227775781e-20,0.000000000000000000e+00,0.000000000000000000e+00,2.385041292076996861e-02,4.062773975873158749e-02,0.000000000000000000e+00,1.192326764864325844e-02,4.998624238720941748e-02,8.056937017294485415e-04,5.433813504998052935e-04,9.149993265880783265e-20,1.800167954704790911e-09,3.494322198741562944e-07,3.494322198739038785e-07,3.494322198739233603e-07,3.494322198739648649e-07,1.356090989061448093e-02,0.000000000000000000e+00,0.000000000000000000e+00,0.000000000000000000e+00,3.110039494377514548e-19,0.000000000000000000e+00,0.000000000000000000e+00,0.000000000000000000e+00,5.715823333096614503e-06,1.597639787615678930e-03,4.408175640528333439e-02,5.855064929336795121e-04,5.432134918011161800e-04,0.000000000000000000e+00,0.000000000000000000e+00,6.020673966138324553e-20,3.494322198739530064e-07,3.494322198739208192e-07,3.494322198747492174e-07,5.874212385668335125e-03,8.341478954036578297e-04,0.000000000000000000e+00,0.000000000000000000e+00,0.000000000000000000e+00,0.000000000000000000e+00,0.000000000000000000e+00,5.391415253809808336e-03,4.099817933768007752e-03,3.602923003358368890e-20,2.598328513730263634e-03,2.416558833388780109e-02,5.857673578873474202e-04,0.000000000000000000e+00,0.000000000000000000e+00,0.000000000000000000e+00,3.494322198739021845e-07,3.494322198739038785e-07,3.494322198739047256e-07,1.940482033254212202e-05,2.144602656822868023e-05,0.000000000000000000e+00,0.000000000000000000e+00,5.391415253809808336e-03,0.000000000000000000e+00,4.159106069317876223e-21,0.000000000000000000e+00,0.000000000000000000e+00,0.000000000000000000e+00,0.000000000000000000e+00,0.000000000000000000e+00,1.153580249378631213e-03,0.000000000000000000e+00,0.000000000000000000e+00,3.602923003358368890e-20,8.867816097724638117e-20,3.494322198739030315e-07,3.494322198739021845e-07,3.494322198739021845e-07,2.144602656822868023e-05,0.000000000000000000e+00,0.000000000000000000e+00,1.297132026861889248e-02,0.000000000000000000e+00,0.000000000000000000e+00,0.000000000000000000e+00,1.764998580960420657e-02,0.000000000000000000e+00,0.000000000000000000e+00,0.000000000000000000e+00,0.000000000000000000e+00,1.967832354691587821e-03,5.681256606881462131e-19,1.620764687585923899e-18,8.859843266949539856e-19,0.000000000000000000e+00,1.707940240449647411e-04,9.648983535872093743e-04,1.800872590356988878e-02,0.000000000000000000e+00,0.000000000000000000e+00,0.000000000000000000e+00,0.000000000000000000e+00,0.000000000000000000e+00,0.000000000000000000e+00,0.000000000000000000e+00,0.000000000000000000e+00,0.000000000000000000e+00,1.253652826210139215e-20,4.936212672560984033e-20,5.852893681465628356e-04,0.000000000000000000e+00,3.193690152020227033e-04,0.000000000000000000e+00,1.707940240449646598e-04,1.707940240449647954e-04,1.707940240449646869e-04,0.000000000000000000e+00,0.000000000000000000e+00,0.000000000000000000e+00,0.000000000000000000e+00,0.000000000000000000e+00,4.640274869362959881e-03,1.857438807679845719e-02,4.855082514970482854e-04,0.000000000000000000e+00,0.000000000000000000e+00,0.000000000000000000e+00,0.000000000000000000e+00,0.000000000000000000e+00,0.000000000000000000e+00,1.335505930898605692e-06,1.530290118242436798e-04,6.644872090698679054e-03,1.707940240449646869e-04,0.000000000000000000e+00,0.000000000000000000e+00,0.000000000000000000e+00,0.000000000000000000e+00,0.000000000000000000e+00,0.000000000000000000e+00,0.000000000000000000e+00,0.000000000000000000e+00,0.000000000000000000e+00,0.000000000000000000e+00,0.000000000000000000e+00,5.391415253809808336e-03,5.417058159991798225e-03,1.032362855441293879e-02,3.554889354956829173e-02,1.868995931888338402e-02,0.000000000000000000e+00,0.000000000000000000e+00,0.000000000000000000e+00,0.000000000000000000e+00,0.000000000000000000e+00,0.000000000000000000e+00,0.000000000000000000e+00,0.000000000000000000e+00,0.000000000000000000e+00,0.000000000000000000e+00,0.000000000000000000e+00,0.000000000000000000e+00,0.000000000000000000e+00,0.000000000000000000e+00,0.000000000000000000e+00,0.000000000000000000e+00,0.000000000000000000e+00,0.000000000000000000e+00,0.000000000000000000e+00,0.000000000000000000e+00,0.000000000000000000e+00,0.000000000000000000e+00,0.000000000000000000e+00,0.000000000000000000e+00,0.000000000000000000e+00,0.000000000000000000e+00,0.000000000000000000e+00,0.000000000000000000e+00,0.000000000000000000e+00,0.000000000000000000e+00,0.000000000000000000e+00,0.000000000000000000e+00,0.000000000000000000e+00,0.000000000000000000e+00,0.000000000000000000e+00,0.000000000000000000e+00,0.000000000000000000e+00,0.000000000000000000e+00,0.000000000000000000e+00,0.000000000000000000e+00,0.000000000000000000e+00,0.000000000000000000e+00,0.000000000000000000e+00,0.000000000000000000e+00,0.000000000000000000e+00,0.000000000000000000e+00,0.000000000000000000e+00,0.000000000000000000e+00,0.000000000000000000e+00,0.000000000000000000e+00,0.000000000000000000e+00
0.000000000000000000e+00,0.000000000000000000e+00,0.000000000000000000e+00,0.000000000000000000e+00,0.000000000000000000e+00,0.000000000000000000e+00,0.000000000000000000e+00,0.000000000000000000e+00,0.000000000000000000e+00,0.000000000000000000e+00,0.000000000000000000e+00,0.000000000000000000e+00,0.000000000000000000e+00,0.000000000000000000e+00,0.000000000000000000e+00,0.000000000000000000e+00,0.000000000000000000e+00,0.000000000000000000e+00,0.000000000000000000e+00,0.000000000000000000e+00,0.000000000000000000e+00,0.000000000000000000e+00,0.000000000000000000e+00,0.000000000000000000e+00,0.000000000000000000e+00,0.000000000000000000e+00,0.000000000000000000e+00,0.000000000000000000e+00,0.000000000000000000e+00,0.000000000000000000e+00,1.271828633299582414e-02,7.662341516879578665e-03,6.854926386895032406e-03,6.854926386895032406e-03,6.854926386895033273e-03,6.854926386895032406e-03,0.000000000000000000e+00,0.000000000000000000e+00,0.000000000000000000e+00,0.000000000000000000e+00,0.000000000000000000e+00,0.000000000000000000e+00,0.000000000000000000e+00,0.000000000000000000e+00,0.000000000000000000e+00,0.000000000000000000e+00,1.027558331898079449e-02,0.000000000000000000e+00,0.000000000000000000e+00,0.000000000000000000e+00,0.000000000000000000e+00,0.000000000000000000e+00,0.000000000000000000e+00,6.854926386895032406e-03,0.000000000000000000e+00,0.000000000000000000e+00,0.000000000000000000e+00,0.000000000000000000e+00,5.959816042864308182e-03,0.000000000000000000e+00,0.000000000000000000e+00,0.000000000000000000e+00,0.000000000000000000e+00,0.000000000000000000e+00,1.312733749955870472e-04,0.000000000000000000e+00,0.000000000000000000e+00,0.000000000000000000e+00,3.653946660689088438e-03,0.000000000000000000e+00,0.000000000000000000e+00,1.648081373999098903e-02,0.000000000000000000e+00,0.000000000000000000e+00,2.438031172585952821e-19,1.080876901007510727e-20,0.000000000000000000e+00,2.588277263711256763e-04,2.844412897388191984e-21,0.000000000000000000e+00,0.000000000000000000e+00,0.000000000000000000e+00,2.273706671525283851e-04,0.000000000000000000e+00,0.000000000000000000e+00,1.123543094468332493e-20,0.000000000000000000e+00,5.673539207824593237e-19,0.000000000000000000e+00,3.516904927468891134e-03,0.000000000000000000e+00,6.532868135524337247e-03,0.000000000000000000e+00,0.000000000000000000e+00,0.000000000000000000e+00,1.393762319720210401e-20,0.000000000000000000e+00,0.000000000000000000e+00,7.975370406640456873e-20,0.000000000000000000e+00,0.000000000000000000e+00,9.248197600821475572e-03,0.000000000000000000e+00,0.000000000000000000e+00,0.000000000000000000e+00,0.000000000000000000e+00,0.000000000000000000e+00,0.000000000000000000e+00,0.000000000000000000e+00,0.000000000000000000e+00,1.758437214069946339e-02,0.000000000000000000e+00,0.000000000000000000e+00,0.000000000000000000e+00,0.000000000000000000e+00,0.000000000000000000e+00,0.000000000000000000e+00,0.000000000000000000e+00,0.000000000000000000e+00,0.000000000000000000e+00,1.023006175580516708e-02,9.020826933668946862e-03,0.000000000000000000e+00,0.000000000000000000e+00,0.000000000000000000e+00,0.000000000000000000e+00,0.000000000000000000e+00,3.460740748135893857e-04,3.460740748135896026e-04,1.758437214069946686e-02,5.071094041965623633e-03,2.310661492869573591e-03,0.000000000000000000e+00,0.000000000000000000e+00,0.000000000000000000e+00,2.354245406895166468e-03,0.000000000000000000e+00,0.000000000000000000e+00,0.000000000000000000e+00,2.336949345863902246e-03,9.020826933668946862e-03,0.000000000000000000e+00,0.000000000000000000e+00,0.000000000000000000e+00,0.000000000000000000e+00,0.000000000000000000e+00,3.460740748135899278e-04,3.460740748135898194e-04,1.758437214069946339e-02,2.528356330348164108e-02,1.961475741176113563e-02,1.961475741176113563e-02,1.961475741176113563e-02,1.961475741176113216e-02,0.000000000000000000e+00,0.000000000000000000e+00,0.000000000000000000e+00,0.000000000000000000e+00,0.000000000000000000e+00,7.774079357499687822e-06,0.000000000000000000e+00,3.239680812249273040e-03,0.000000000000000000e+00,3.239680812249273040e-03,0.000000000000000000e+00,9.109996356701750148e-03,3.450709781354572778e-03,0.000000000000000000e+00,1.335248080562541351e-02,2.221003886393917853e-02,0.000000000000000000e+00,0.000000000000000000e+00,0.000000000000000000e+00,0.000000000000000000e+00,0.000000000000000000e+00,0.000000000000000000e+00,0.000000000000000000e+00,0.000000000000000000e+00,2.780989878021693955e-19,0.000000000000000000e+00,2.270977602003508219e-03,0.000000000000000000e+00,0.000000000000000000e+00,0.000000000000000000e+00,0.000000000000000000e+00,0.000000000000000000e+00,0.000000000000000000e+00,3.471492155724236611e-02,6.832935623626840149e-02,8.797441821629847780e-02,5.491209905510288647e-02,0.000000000000000000e+00,0.000000000000000000e+00,0.000000000000000000e+00,9.020826933668948597e-03,0.000000000000000000e+00,0.000000000000000000e+00,0.000000000000000000e+00,0.000000000000000000e+00,0.000000000000000000e+00,0.000000000000000000e+00,4.041651344767899285e-20,0.000000000000000000e+00,1.123543094468332493e-20,0.000000000000000000e+00,0.000000000000000000e+00,1.304680323876251588e-02,3.388369286223645582e-02,1.425385870404335779e-02,3.007625766061643689e-03,1.499587271616282386e-02,0.000000000000000000e+00,0.000000000000000000e+00,2.744997979764235341e-20,0.000000000000000000e+00,3.595173233449651700e-20,0.000000000000000000e+00,9.020826933668946862e-03,3.834991145514509998e-03,3.406377614697333328e-03,0.000000000000000000e+00,0.000000000000000000e+00,0.000000000000000000e+00,9.330118483132541236e-20,0.000000000000000000e+00,0.000000000000000000e+00,4.410889281631295844e-02,0.000000000000000000e+00,0.000000000000000000e+00,1.296390881252210137e-02,0.000000000000000000e+00,0.000000000000000000e+00,0.000000000000000000e+00,0.000000000000000000e+00,1.806202189841497005e-20,0.000000000000000000e+00,0.000000000000000000e+00,2.313343825215573760e-19,1.755829907730032183e-03,2.985503411226960585e-02,0.000000000000000000e+00,0.000000000000000000e+00,0.000000000000000000e+00,0.000000000000000000e+00,0.000000000000000000e+00,1.617424576142943368e-03,3.108497949240001182e-02,1.080876901007510727e-20,0.000000000000000000e+00,6.884961477057822271e-03,0.000000000000000000e+00,0.000000000000000000e+00,0.000000000000000000e+00,0.000000000000000000e+00,0.000000000000000000e+00,0.000000000000000000e+00,0.000000000000000000e+00,5.163484781878784034e-19,0.000000000000000000e+00,0.000000000000000000e+00,0.000000000000000000e+00,1.617424576142943368e-03,0.000000000000000000e+00,1.247731820795362867e-21,7.441512230573623515e-03,0.000000000000000000e+00,0.000000000000000000e+00,0.000000000000000000e+00,2.429897577198060488e-02,3.460740748135893857e-04,0.000000000000000000e+00,0.000000000000000000e+00,1.080876901007510727e-20,2.660344829317391194e-20,0.000000000000000000e+00,0.000000000000000000e+00,0.000000000000000000e+00,0.000000000000000000e+00,0.000000000000000000e+00,0.000000000000000000e+00,3.891396080585668438e-03,0.000000000000000000e+00,0.000000000000000000e+00,0.000000000000000000e+00,5.294995742881263706e-03,0.000000000000000000e+00,0.000000000000000000e+00,0.000000000000000000e+00,0.000000000000000000e+00,1.293909102828505139e-04,1.704376982064439121e-19,4.862294062757771312e-19,2.657952980084861571e-19,0.000000000000000000e+00,5.123820721348942234e-05,2.889605089955073073e-04,6.435833891243426461e-03,0.000000000000000000e+00,0.000000000000000000e+00,0.000000000000000000e+00,7.441512230573623515e-03,5.004662695884769079e-03,0.000000000000000000e+00,0.000000000000000000e+00,0.000000000000000000e+00,0.000000000000000000e+00,3.760958478630417344e-21,1.480863801768294909e-20,1.869777170028002954e-19,0.000000000000000000e+00,0.000000000000000000e+00,0.000000000000000000e+00,5.123820721348939524e-05,5.123820721348942234e-05,2.990627231948309733e-02,0.000000000000000000e+00,0.000000000000000000e+00,0.000000000000000000e+00,0.000000000000000000e+00,0.000000000000000000e+00,1.790080485296157223e-02,3.319290561167353298e-02,1.773002461614858055e-02,0.000000000000000000e+00,0.000000000000000000e+00,0.000000000000000000e+00,0.000000000000000000e+00,0.000000000000000000e+00,0.000000000000000000e+00,1.422393605747480425e-20,1.103632629711721074e-20,1.993461627209603022e-03,5.123820721348939524e-05,0.000000000000000000e+00,0.000000000000000000e+00,0.000000000000000000e+00,0.000000000000000000e+00,0.000000000000000000e+00,0.000000000000000000e+00,0.000000000000000000e+00,0.000000000000000000e+00,0.000000000000000000e+00,0.000000000000000000e+00,1.758437214069946339e-02,1.920179671684240502e-02,1.920179671684240502e-02,2.755252279417311038e-03,1.031616713843050773e-02,5.554345993459186906e-03,0.000000000000000000e+00,0.000000000000000000e+00,0.000000000000000000e+00,0.000000000000000000e+00,0.000000000000000000e+00,0.000000000000000000e+00,0.000000000000000000e+00,0.000000000000000000e+00,0.000000000000000000e+00,0.000000000000000000e+00,0.000000000000000000e+00,0.000000000000000000e+00,0.000000000000000000e+00,0.000000000000000000e+00,0.000000000000000000e+00,0.000000000000000000e+00,0.000000000000000000e+00,0.000000000000000000e+00,0.000000000000000000e+00,0.000000000000000000e+00,0.000000000000000000e+00,0.000000000000000000e+00,0.000000000000000000e+00,0.000000000000000000e+00,0.000000000000000000e+00,0.000000000000000000e+00,0.000000000000000000e+00,0.000000000000000000e+00,0.000000000000000000e+00,0.000000000000000000e+00,0.000000000000000000e+00,0.000000000000000000e+00,0.000000000000000000e+00,0.000000000000000000e+00,0.000000000000000000e+00,0.000000000000000000e+00,0.000000000000000000e+00,0.000000000000000000e+00,0.000000000000000000e+00,0.000000000000000000e+00,0.000000000000000000e+00,0.000000000000000000e+00,0.000000000000000000e+00,0.000000000000000000e+00,0.000000000000000000e+00,0.000000000000000000e+00,0.000000000000000000e+00,0.000000000000000000e+00,0.000000000000000000e+00,0.000000000000000000e+00,0.000000000000000000e+00
0.000000000000000000e+00,0.000000000000000000e+00,0.000000000000000000e+00,0.000000000000000000e+00,0.000000000000000000e+00,0.000000000000000000e+00,0.000000000000000000e+00,0.000000000000000000e+00,0.000000000000000000e+00,0.000000000000000000e+00,0.000000000000000000e+00,0.000000000000000000e+00,0.000000000000000000e+00,0.000000000000000000e+00,0.000000000000000000e+00,0.000000000000000000e+00,0.000000000000000000e+00,0.000000000000000000e+00,0.000000000000000000e+00,0.000000000000000000e+00,0.000000000000000000e+00,0.000000000000000000e+00,0.000000000000000000e+00,0.000000000000000000e+00,0.000000000000000000e+00,0.000000000000000000e+00,0.000000000000000000e+00,0.000000000000000000e+00,0.000000000000000000e+00,0.000000000000000000e+00,8.362551774549389222e-03,5.026946017056356346e-03,8.408894838434970848e-03,5.026946017056356346e-03,5.026946017056356346e-03,5.026946017056356346e-03,0.000000000000000000e+00,0.000000000000000000e+00,0.000000000000000000e+00,0.000000000000000000e+00,0.000000000000000000e+00,0.000000000000000000e+00,0.000000000000000000e+00,0.000000000000000000e+00,0.000000000000000000e+00,0.000000000000000000e+00,4.584819789610111197e-03,0.000000000000000000e+00,0.000000000000000000e+00,0.000000000000000000e+00,0.000000000000000000e+00,0.000000000000000000e+00,9.078480918611205796e-19,5.026946017056356346e-03,0.000000000000000000e+00,0.000000000000000000e+00,0.000000000000000000e+00,0.000000000000000000e+00,4.370531764767158871e-03,0.000000000000000000e+00,0.000000000000000000e+00,0.000000000000000000e+00,0.000000000000000000e+00,0.000000000000000000e+00,0.000000000000000000e+00,0.000000000000000000e+00,0.000000000000000000e+00,0.000000000000000000e+00,0.000000000000000000e+00,0.000000000000000000e+00,0.000000000000000000e+00,0.000000000000000000e+00,0.000000000000000000e+00,0.000000000000000000e+00,0.000000000000000000e+00,0.000000000000000000e+00,0.000000000000000000e+00,0.000000000000000000e+00,6.400596371397895834e-02,0.000000000000000000e+00,0.000000000000000000e+00,0.000000000000000000e+00,0.000000000000000000e+00,0.000000000000000000e+00,0.000000000000000000e+00,0.000000000000000000e+00,0.000000000000000000e+00,0.000000000000000000e+00,0.000000000000000000e+00,0.000000000000000000e+00,0.000000000000000000e+00,4.790769966051180301e-03,0.000000000000000000e+00,0.000000000000000000e+00,0.000000000000000000e+00,0.000000000000000000e+00,2.938710494092280218e-02,1.732731090829198184e-02,0.000000000000000000e+00,0.000000000000000000e+00,0.000000000000000000e+00,6.615273084690560627e-03,0.000000000000000000e+00,0.000000000000000000e+00,0.000000000000000000e+00,0.000000000000000000e+00,0.000000000000000000e+00,0.000000000000000000e+00,0.000000000000000000e+00,0.000000000000000000e+00,1.289520623651294051e-02,0.000000000000000000e+00,0.000000000000000000e+00,0.000000000000000000e+00,0.000000000000000000e+00,0.000000000000000000e+00,0.000000000000000000e+00,0.000000000000000000e+00,0.000000000000000000e+00,0.000000000000000000e+00,6.615273084690560627e-03,6.615273084690560627e-03,0.000000000000000000e+00,0.000000000000000000e+00,0.000000000000000000e+00,0.000000000000000000e+00,0.000000000000000000e+00,0.000000000000000000e+00,0.000000000000000000e+00,1.289520623651294051e-02,0.000000000000000000e+00,0.000000000000000000e+00,0.000000000000000000e+00,0.000000000000000000e+00,0.000000000000000000e+00,0.000000000000000000e+00,0.000000000000000000e+00,0.000000000000000000e+00,0.000000000000000000e+00,0.000000000000000000e+00,6.615273084690560627e-03,0.000000000000000000e+00,0.000000000000000000e+00,0.000000000000000000e+00,0.000000000000000000e+00,0.000000000000000000e+00,0.000000000000000000e+00,0.000000000000000000e+00,1.289520623651294051e-02,1.289520623651294051e-02,1.438415543529149992e-02,1.438415543529149992e-02,1.438415543529149992e-02,1.438415543529149472e-02,0.000000000000000000e+00,0.000000000000000000e+00,0.000000000000000000e+00,0.000000000000000000e+00,0.000000000000000000e+00,0.000000000000000000e+00,0.000000000000000000e+00,0.000000000000000000e+00,0.000000000000000000e+00,0.000000000000000000e+00,0.000000000000000000e+00,0.000000000000000000e+00,0.000000000000000000e+00,0.000000000000000000e+00,0.000000000000000000e+00,0.000000000000000000e+00,2.182118842002037790e-02,0.000000000000000000e+00,0.000000000000000000e+00,0.000000000000000000e+00,0.000000000000000000e+00,0.000000000000000000e+00,0.000000000000000000e+00,0.000000000000000000e+00,0.000000000000000000e+00,0.000000000000000000e+00,0.000000000000000000e+00,0.000000000000000000e+00,0.000000000000000000e+00,0.000000000000000000e+00,0.000000000000000000e+00,0.000000000000000000e+00,0.000000000000000000e+00,1.590993868538578826e-02,3.780363036771682700e-02,1.109455666400404189e-01,1.002838108316015109e-01,0.000000000000000000e+00,0.000000000000000000e+00,0.000000000000000000e+00,6.615273084690561495e-03,0.000000000000000000e+00,0.000000000000000000e+00,0.000000000000000000e+00,0.000000000000000000e+00,0.000000000000000000e+00,0.000000000000000000e+00,0.000000000000000000e+00,0.000000000000000000e+00,0.000000000000000000e+00,0.000000000000000000e+00,0.000000000000000000e+00,4.320564865856452337e-03,1.590993868538578826e-02,7.445879343027742014e-02,3.032117216036514979e-18,0.000000000000000000e+00,0.000000000000000000e+00,0.000000000000000000e+00,0.000000000000000000e+00,0.000000000000000000e+00,0.000000000000000000e+00,0.000000000000000000e+00,6.615273084690560627e-03,2.812326840043974027e-03,0.000000000000000000e+00,0.000000000000000000e+00,0.000000000000000000e+00,0.000000000000000000e+00,0.000000000000000000e+00,0.000000000000000000e+00,0.000000000000000000e+00,3.234652139862950054e-02,0.000000000000000000e+00,0.000000000000000000e+00,0.000000000000000000e+00,0.000000000000000000e+00,0.000000000000000000e+00,0.000000000000000000e+00,0.000000000000000000e+00,0.000000000000000000e+00,0.000000000000000000e+00,0.000000000000000000e+00,0.000000000000000000e+00,0.000000000000000000e+00,2.189369168233104568e-02,0.000000000000000000e+00,0.000000000000000000e+00,0.000000000000000000e+00,0.000000000000000000e+00,0.000000000000000000e+00,0.000000000000000000e+00,8.589965539631000402e-02,0.000000000000000000e+00,0.000000000000000000e+00,0.000000000000000000e+00,0.000000000000000000e+00,0.000000000000000000e+00,0.000000000000000000e+00,0.000000000000000000e+00,0.000000000000000000e+00,0.000000000000000000e+00,0.000000000000000000e+00,0.000000000000000000e+00,0.000000000000000000e+00,0.000000000000000000e+00,0.000000000000000000e+00,0.000000000000000000e+00,0.000000000000000000e+00,0.000000000000000000e+00,5.457108969087322986e-03,0.000000000000000000e+00,0.000000000000000000e+00,0.000000000000000000e+00,1.781924889945244242e-02,0.000000000000000000e+00,0.000000000000000000e+00,0.000000000000000000e+00,0.000000000000000000e+00,0.000000000000000000e+00,0.000000000000000000e+00,0.000000000000000000e+00,0.000000000000000000e+00,0.000000000000000000e+00,0.000000000000000000e+00,0.000000000000000000e+00,0.000000000000000000e+00,0.000000000000000000e+00,0.000000000000000000e+00,0.000000000000000000e+00,0.000000000000000000e+00,6.005114384233834618e-02,0.000000000000000000e+00,0.000000000000000000e+00,0.000000000000000000e+00,0.000000000000000000e+00,0.000000000000000000e+00,0.000000000000000000e+00,0.000000000000000000e+00,0.000000000000000000e+00,0.000000000000000000e+00,0.000000000000000000e+00,7.624099473048143692e-04,0.000000000000000000e+00,0.000000000000000000e+00,0.000000000000000000e+00,5.457108969087324721e-03,3.670085976982163586e-03,0.000000000000000000e+00,0.000000000000000000e+00,0.000000000000000000e+00,0.000000000000000000e+00,0.000000000000000000e+00,0.000000000000000000e+00,0.000000000000000000e+00,0.000000000000000000e+00,0.000000000000000000e+00,0.000000000000000000e+00,0.000000000000000000e+00,0.000000000000000000e+00,2.189369168233104568e-02,0.000000000000000000e+00,0.000000000000000000e+00,0.000000000000000000e+00,0.000000000000000000e+00,0.000000000000000000e+00,1.210639642091197038e-02,2.025509873833159988e-02,1.289520623651294051e-02,0.000000000000000000e+00,0.000000000000000000e+00,0.000000000000000000e+00,0.000000000000000000e+00,0.000000000000000000e+00,0.000000000000000000e+00,0.000000000000000000e+00,0.000000000000000000e+00,0.000000000000000000e+00,0.000000000000000000e+00,0.000000000000000000e+00,0.000000000000000000e+00,0.000000000000000000e+00,0.000000000000000000e+00,0.000000000000000000e+00,0.000000000000000000e+00,0.000000000000000000e+00,0.000000000000000000e+00,0.000000000000000000e+00,0.000000000000000000e+00,1.289520623651294051e-02,1.289520623651294051e-02,1.289520623651294051e-02,0.000000000000000000e+00,0.000000000000000000e+00,0.000000000000000000e+00,0.000000000000000000e+00,0.000000000000000000e+00,0.000000000000000000e+00,0.000000000000000000e+00,0.000000000000000000e+00,0.000000000000000000e+00,0.000000000000000000e+00,0.000000000000000000e+00,0.000000000000000000e+00,0.000000000000000000e+00,0.000000000000000000e+00,0.000000000000000000e+00,0.000000000000000000e+00,0.000000000000000000e+00,0.000000000000000000e+00,0.000000000000000000e+00,0.000000000000000000e+00,0.000000000000000000e+00,0.000000000000000000e+00,0.000000000000000000e+00,0.000000000000000000e+00,0.000000000000000000e+00,0.000000000000000000e+00,0.000000000000000000e+00,0.000000000000000000e+00,0.000000000000000000e+00,0.000000000000000000e+00,0.000000000000000000e+00,0.000000000000000000e+00,0.000000000000000000e+00,0.000000000000000000e+00,0.000000000000000000e+00,0.000000000000000000e+00,0.000000000000000000e+00,0.000000000000000000e+00,0.000000000000000000e+00,0.000000000000000000e+00,0.000000000000000000e+00,0.000000000000000000e+00,0.000000000000000000e+00,0.000000000000000000e+00,0.000000000000000000e+00,0.000000000000000000e+00,0.000000000000000000e+00,0.000000000000000000e+00,0.000000000000000000e+00,0.000000000000000000e+00,0.000000000000000000e+00,0.000000000000000000e+00,0.000000000000000000e+00,0.000000000000000000e+00
0.000000000000000000e+00,0.000000000000000000e+00,0.000000000000000000e+00,0.000000000000000000e+00,0.000000000000000000e+00,0.000000000000000000e+00,0.000000000000000000e+00,0.000000000000000000e+00,0.000000000000000000e+00,0.000000000000000000e+00,0.000000000000000000e+00,0.000000000000000000e+00,0.000000000000000000e+00,0.000000000000000000e+00,0.000000000000000000e+00,0.000000000000000000e+00,0.000000000000000000e+00,0.000000000000000000e+00,0.000000000000000000e+00,0.000000000000000000e+00,0.000000000000000000e+00,0.000000000000000000e+00,0.000000000000000000e+00,0.000000000000000000e+00,0.000000000000000000e+00,0.000000000000000000e+00,0.000000000000000000e+00,0.000000000000000000e+00,0.000000000000000000e+00,0.000000000000000000e+00,9.190765172205584907e-03,0.000000000000000000e+00,5.639646970806821112e-03,5.635180947818811768e-04,2.190536725496426262e-03,8.789323988081055921e-04,0.000000000000000000e+00,0.000000000000000000e+00,0.000000000000000000e+00,0.000000000000000000e+00,0.000000000000000000e+00,0.000000000000000000e+00,0.000000000000000000e+00,0.000000000000000000e+00,0.000000000000000000e+00,0.000000000000000000e+00,7.677314228635605427e-03,9.458918580150737696e-20,0.000000000000000000e+00,0.000000000000000000e+00,2.357578093479330202e-22,0.000000000000000000e+00,1.452556946977793043e-18,0.000000000000000000e+00,2.210409621667445285e-02,1.174368673793704523e-19,0.000000000000000000e+00,0.000000000000000000e+00,0.000000000000000000e+00,0.000000000000000000e+00,0.000000000000000000e+00,0.000000000000000000e+00,0.000000000000000000e+00,0.000000000000000000e+00,0.000000000000000000e+00,0.000000000000000000e+00,0.000000000000000000e+00,2.357578093479301520e-22,3.647087002006671942e-21,2.357578093479301520e-22,0.000000000000000000e+00,2.357578093479314215e-22,8.053070593415335550e-37,0.000000000000000000e+00,2.010479881419971644e-03,0.000000000000000000e+00,0.000000000000000000e+00,7.226432469504795800e-03,1.024095419423663306e-01,0.000000000000000000e+00,0.000000000000000000e+00,0.000000000000000000e+00,3.416025652594275219e-04,4.092346644257384327e-05,0.000000000000000000e+00,2.436395411964528755e-21,9.458918580150737696e-20,0.000000000000000000e+00,2.357578093479314215e-22,0.000000000000000000e+00,0.000000000000000000e+00,0.000000000000000000e+00,0.000000000000000000e+00,4.729689638854569535e-04,2.373639906114226490e-03,3.265845833353420852e-03,4.827227400485553654e-02,2.897906340520062241e-02,1.394492662545234051e-19,1.546820821344244548e-20,0.000000000000000000e+00,3.416025652594275219e-04,1.816297938069332907e-04,0.000000000000000000e+00,0.000000000000000000e+00,0.000000000000000000e+00,0.000000000000000000e+00,1.579192379408918735e-21,8.564482284129685301e-21,0.000000000000000000e+00,0.000000000000000000e+00,0.000000000000000000e+00,0.000000000000000000e+00,2.010479881419971644e-03,0.000000000000000000e+00,0.000000000000000000e+00,0.000000000000000000e+00,2.512602008347437925e-22,1.531393699675777652e-37,0.000000000000000000e+00,9.074372017277706429e-04,0.000000000000000000e+00,0.000000000000000000e+00,8.053070593415335550e-37,3.647087002006671942e-21,0.000000000000000000e+00,8.021611813093319342e-04,2.357578093479301520e-22,8.564482284129685301e-21,2.357578093479309983e-22,9.174208348021826304e-04,9.174208348021826304e-04,1.970489926307678746e-03,0.000000000000000000e+00,2.819518794846063558e-04,0.000000000000000000e+00,0.000000000000000000e+00,3.847391227429505279e-22,2.357578093479309983e-22,0.000000000000000000e+00,3.416025652594275219e-04,0.000000000000000000e+00,1.196405915244974589e-21,8.339340000683852520e-22,0.000000000000000000e+00,0.000000000000000000e+00,9.174208348021826304e-04,2.357578093479330202e-22,0.000000000000000000e+00,0.000000000000000000e+00,4.962401558289213435e-03,0.000000000000000000e+00,0.000000000000000000e+00,0.000000000000000000e+00,0.000000000000000000e+00,8.237057849464968685e-20,0.000000000000000000e+00,1.363445024499083194e-22,1.360917954316111433e-21,0.000000000000000000e+00,0.000000000000000000e+00,5.078309513440231339e-22,0.000000000000000000e+00,0.000000000000000000e+00,0.000000000000000000e+00,0.000000000000000000e+00,2.357578093479330202e-22,3.847391227429520326e-22,8.076590498475579217e-20,2.389877640726832154e-03,3.974500003753951571e-02,2.520689050950890880e-22,0.000000000000000000e+00,7.174806577726806327e-21,2.520689050950832576e-22,0.000000000000000000e+00,2.520689050950832576e-22,0.000000000000000000e+00,1.763382678479554928e-21,0.000000000000000000e+00,0.000000000000000000e+00,2.162853204084837973e-20,2.019976368705218314e-20,0.000000000000000000e+00,0.000000000000000000e+00,0.000000000000000000e+00,2.520689050950727251e-22,0.000000000000000000e+00,2.904362136134571240e-02,1.207027506272809192e-01,1.084479320393934298e-01,6.761406763558248341e-21,0.000000000000000000e+00,2.436395411964511828e-21,6.213281291111834048e-20,0.000000000000000000e+00,0.000000000000000000e+00,0.000000000000000000e+00,1.160569783158195337e-19,1.255365951933449641e-03,0.000000000000000000e+00,2.357578093479314215e-22,0.000000000000000000e+00,0.000000000000000000e+00,0.000000000000000000e+00,0.000000000000000000e+00,1.707985817616323843e-21,2.300523126431862353e-02,1.267213785852279173e-01,1.306605378542983163e-03,4.658864973702337749e-20,2.459053902797269128e-22,2.456715422134991838e-22,2.565985499369405361e-20,2.253802254519416465e-20,2.456715422134986666e-22,2.068126714892260296e-19,0.000000000000000000e+00,1.079701639909025042e-03,0.000000000000000000e+00,2.357578093479301520e-22,2.357578093479330202e-22,2.456715422134975381e-22,1.363445024499083194e-22,0.000000000000000000e+00,0.000000000000000000e+00,5.838253168155398956e-04,1.306605378542978393e-03,1.306605378542978393e-03,6.488559612254566282e-21,0.000000000000000000e+00,2.357578093479301520e-22,1.325338399954892052e-20,0.000000000000000000e+00,2.756353235000714979e-20,2.417853714912906450e-21,0.000000000000000000e+00,0.000000000000000000e+00,1.162106503930482144e-19,1.768613519261748313e-02,0.000000000000000000e+00,0.000000000000000000e+00,0.000000000000000000e+00,2.456715422134983374e-22,2.436395411964528755e-21,0.000000000000000000e+00,1.024095419423663306e-01,2.520689050950727251e-22,0.000000000000000000e+00,0.000000000000000000e+00,2.520689050950890880e-22,0.000000000000000000e+00,0.000000000000000000e+00,0.000000000000000000e+00,0.000000000000000000e+00,0.000000000000000000e+00,0.000000000000000000e+00,0.000000000000000000e+00,2.854838533633584448e-20,0.000000000000000000e+00,1.020055608499275558e-36,4.746026015767363406e-21,0.000000000000000000e+00,0.000000000000000000e+00,1.413005324106739229e-37,0.000000000000000000e+00,1.187654490486524106e-02,0.000000000000000000e+00,1.147695020951943806e-18,0.000000000000000000e+00,9.898157735009671085e-19,0.000000000000000000e+00,0.000000000000000000e+00,8.995270091281309889e-20,0.000000000000000000e+00,0.000000000000000000e+00,0.000000000000000000e+00,3.390684268442569732e-19,0.000000000000000000e+00,0.000000000000000000e+00,9.174208348021826304e-04,3.523326360568831996e-20,8.237057849464968685e-20,2.516271381429095775e-19,4.159758225548615320e-04,9.608183014774135389e-02,1.439417651158389512e-19,7.389403081696861365e-20,4.263095389740358804e-05,4.260759716931059038e-04,8.901064772850189161e-20,8.607559225089950454e-20,0.000000000000000000e+00,5.050568366344615787e-19,0.000000000000000000e+00,0.000000000000000000e+00,0.000000000000000000e+00,0.000000000000000000e+00,0.000000000000000000e+00,0.000000000000000000e+00,2.517801805105425450e-02,0.000000000000000000e+00,0.000000000000000000e+00,0.000000000000000000e+00,1.071906977422441783e-19,1.015395412157478088e-19,6.568358294841654547e-20,7.314919182949122151e-20,2.075300011836539088e-19,1.207291531520177140e-03,1.207291531520177140e-03,0.000000000000000000e+00,0.000000000000000000e+00,2.321139566316390373e-20,1.547426377544259948e-20,0.000000000000000000e+00,0.000000000000000000e+00,0.000000000000000000e+00,0.000000000000000000e+00,0.000000000000000000e+00,2.452921685181322104e-03,0.000000000000000000e+00,2.010479881419971644e-03,0.000000000000000000e+00,0.000000000000000000e+00,0.000000000000000000e+00,1.207291531520177574e-03,9.284558265265561492e-20,0.000000000000000000e+00,0.000000000000000000e+00,0.000000000000000000e+00,0.000000000000000000e+00,0.000000000000000000e+00,0.000000000000000000e+00,0.000000000000000000e+00,0.000000000000000000e+00,0.000000000000000000e+00,0.000000000000000000e+00,0.000000000000000000e+00,0.000000000000000000e+00,0.000000000000000000e+00,0.000000000000000000e+00,0.000000000000000000e+00,2.927900716222154275e-03,1.273042298316867356e-03,9.174208348021826304e-04,0.000000000000000000e+00,0.000000000000000000e+00,1.136861669629501612e-04,0.000000000000000000e+00,0.000000000000000000e+00,0.000000000000000000e+00,0.000000000000000000e+00,0.000000000000000000e+00,0.000000000000000000e+00,0.000000000000000000e+00,0.000000000000000000e+00,0.000000000000000000e+00,0.000000000000000000e+00,0.000000000000000000e+00,0.000000000000000000e+00,0.000000000000000000e+00,0.000000000000000000e+00,0.000000000000000000e+00,0.000000000000000000e+00,0.000000000000000000e+00,0.000000000000000000e+00,0.000000000000000000e+00,0.000000000000000000e+00,0.000000000000000000e+00,0.000000000000000000e+00,0.000000000000000000e+00,0.000000000000000000e+00,0.000000000000000000e+00,0.000000000000000000e+00,0.000000000000000000e+00,0.000000000000000000e+00,0.000000000000000000e+00,0.000000000000000000e+00,0.000000000000000000e+00,0.000000000000000000e+00,0.000000000000000000e+00,0.000000000000000000e+00,0.000000000000000000e+00,0.000000000000000000e+00,0.000000000000000000e+00,0.000000000000000000e+00,0.000000000000000000e+00,0.000000000000000000e+00,0.000000000000000000e+00,0.000000000000000000e+00,0.000000000000000000e+00,0.000000000000000000e+00,0.000000000000000000e+00,0.000000000000000000e+00,0.000000000000000000e+00,0.000000000000000000e+00,0.000000000000000000e+00,0.000000000000000000e+00,0.000000000000000000e+00
0.000000000000000000e+00,0.000000000000000000e+00,0.000000000000000000e+00,0.000000000000000000e+00,0.000000000000000000e+00,0.000000000000000000e+00,0.000000000000000000e+00,0.000000000000000000e+00,0.000000000000000000e+00,0.000000000000000000e+00,0.000000000000000000e+00,0.000000000000000000e+00,0.000000000000000000e+00,0.000000000000000000e+00,0.000000000000000000e+00,0.000000000000000000e+00,0.000000000000000000e+00,0.000000000000000000e+00,0.000000000000000000e+00,0.000000000000000000e+00,0.000000000000000000e+00,0.000000000000000000e+00,0.000000000000000000e+00,0.000000000000000000e+00,0.000000000000000000e+00,0.000000000000000000e+00,0.000000000000000000e+00,0.000000000000000000e+00,0.000000000000000000e+00,0.000000000000000000e+00,5.887500431992939435e-19,0.000000000000000000e+00,9.598211977243547091e-04,2.366775998083900899e-03,9.200254247084989345e-03,3.691516074994043682e-03,0.000000000000000000e+00,0.000000000000000000e+00,0.000000000000000000e+00,0.000000000000000000e+00,0.000000000000000000e+00,0.000000000000000000e+00,0.000000000000000000e+00,0.000000000000000000e+00,0.000000000000000000e+00,0.000000000000000000e+00,1.434730774089595538e-03,3.972745803663310266e-19,0.000000000000000000e+00,0.000000000000000000e+00,9.901827992613186377e-22,0.000000000000000000e+00,0.000000000000000000e+00,0.000000000000000000e+00,9.283720411003269779e-02,4.932348429933559432e-19,0.000000000000000000e+00,0.000000000000000000e+00,0.000000000000000000e+00,0.000000000000000000e+00,0.000000000000000000e+00,0.000000000000000000e+00,0.000000000000000000e+00,0.000000000000000000e+00,0.000000000000000000e+00,0.000000000000000000e+00,0.000000000000000000e+00,9.901827992613066006e-22,1.531776540842802125e-20,9.901827992613066006e-22,0.000000000000000000e+00,9.901827992613118668e-22,3.382289649234441098e-36,0.000000000000000000e+00,8.444015501963881079e-03,0.000000000000000000e+00,0.000000000000000000e+00,3.035101637192014201e-02,0.000000000000000000e+00,0.000000000000000000e+00,0.000000000000000000e+00,0.000000000000000000e+00,1.434730774089595538e-03,1.718785590588101607e-04,0.000000000000000000e+00,1.023286073025102002e-20,3.972745803663310266e-19,0.000000000000000000e+00,9.901827992613118668e-22,0.000000000000000000e+00,0.000000000000000000e+00,0.000000000000000000e+00,0.000000000000000000e+00,1.986469648318919205e-03,9.969287605679751432e-03,1.371655250008436792e-02,5.262205617391991531e-03,5.272536998120488580e-03,5.856869182689982581e-19,6.496647449645827762e-20,0.000000000000000000e+00,1.434730774089595538e-03,7.628451339891197721e-04,0.000000000000000000e+00,0.000000000000000000e+00,0.000000000000000000e+00,0.000000000000000000e+00,6.632607993517458009e-21,3.597082559334467826e-20,0.000000000000000000e+00,0.000000000000000000e+00,0.000000000000000000e+00,0.000000000000000000e+00,8.444015501963881079e-03,0.000000000000000000e+00,0.000000000000000000e+00,0.000000000000000000e+00,1.055292843505924013e-21,6.431853538638266890e-37,0.000000000000000000e+00,3.811236247256637004e-03,0.000000000000000000e+00,0.000000000000000000e+00,3.382289649234441098e-36,1.531776540842802125e-20,0.000000000000000000e+00,3.369076961499194427e-03,9.901827992613066006e-22,3.597082559334467826e-20,9.901827992613101741e-22,3.853167506169167134e-03,3.853167506169167134e-03,8.276057690492250041e-03,0.000000000000000000e+00,1.184197893835346781e-03,0.000000000000000000e+00,0.000000000000000000e+00,1.615904315520392199e-21,9.901827992613101741e-22,0.000000000000000000e+00,1.434730774089595538e-03,0.000000000000000000e+00,5.024904844028893951e-21,3.502522800287218040e-21,0.000000000000000000e+00,0.000000000000000000e+00,3.853167506169167134e-03,9.901827992613186377e-22,0.000000000000000000e+00,0.000000000000000000e+00,2.084208654481469955e-02,0.000000000000000000e+00,0.000000000000000000e+00,0.000000000000000000e+00,0.000000000000000000e+00,3.459564296775286944e-19,0.000000000000000000e+00,5.726469102896150262e-22,5.715855408127668394e-21,0.000000000000000000e+00,0.000000000000000000e+00,2.132889995644897087e-21,0.000000000000000000e+00,0.000000000000000000e+00,0.000000000000000000e+00,0.000000000000000000e+00,9.901827992613186377e-22,1.615904315520398405e-21,3.392168009359742838e-19,1.003748609105269488e-02,2.029061397512902515e-02,1.058689401399374217e-21,0.000000000000000000e+00,3.013418762645258748e-20,1.058689401399349766e-21,0.000000000000000000e+00,1.058689401399349766e-21,0.000000000000000000e+00,7.406207249614131375e-21,0.000000000000000000e+00,0.000000000000000000e+00,9.083983457156319368e-20,8.483900748561916677e-20,0.000000000000000000e+00,0.000000000000000000e+00,0.000000000000000000e+00,1.058689401399305380e-21,0.000000000000000000e+00,1.219832097176519886e-01,7.683147647664125002e-02,2.536123840751377742e-02,2.839790840694464228e-20,0.000000000000000000e+00,1.023286073025094930e-20,2.609578142266970035e-19,0.000000000000000000e+00,0.000000000000000000e+00,0.000000000000000000e+00,4.874393089264420656e-19,5.272536998120488580e-03,0.000000000000000000e+00,9.901827992613118668e-22,0.000000000000000000e+00,0.000000000000000000e+00,0.000000000000000000e+00,0.000000000000000000e+00,7.173540433988560592e-21,9.662197131013822160e-02,1.021097139000187171e-01,5.487742589880509336e-03,1.956723288954981746e-19,1.032802639174853006e-21,1.031820477296696553e-21,1.077713909735150264e-19,9.465969468981549032e-20,1.031820477296694484e-21,8.686132202547492810e-19,0.000000000000000000e+00,4.534746887617905481e-03,0.000000000000000000e+00,9.901827992613066006e-22,9.901827992613186377e-22,1.031820477296689594e-21,5.726469102896150262e-22,0.000000000000000000e+00,0.000000000000000000e+00,2.452066330625267757e-03,5.487742589880509336e-03,5.487742589880509336e-03,2.725195037146917718e-20,0.000000000000000000e+00,9.901827992613066006e-22,5.566421279810547161e-20,0.000000000000000000e+00,1.157668358700300207e-19,1.015498560263420769e-20,0.000000000000000000e+00,0.000000000000000000e+00,4.880847316508024666e-19,7.428176780899342635e-02,0.000000000000000000e+00,0.000000000000000000e+00,0.000000000000000000e+00,1.031820477296692980e-21,1.023286073025102002e-20,0.000000000000000000e+00,5.511917098238479802e-35,1.058689401399305380e-21,0.000000000000000000e+00,0.000000000000000000e+00,1.058689401399374217e-21,0.000000000000000000e+00,0.000000000000000000e+00,0.000000000000000000e+00,0.000000000000000000e+00,0.000000000000000000e+00,0.000000000000000000e+00,0.000000000000000000e+00,1.199032184126105384e-19,0.000000000000000000e+00,4.284233555696957610e-36,1.993330926622292901e-20,0.000000000000000000e+00,0.000000000000000000e+00,5.934622361248304722e-37,0.000000000000000000e+00,4.988148860043400967e-02,0.000000000000000000e+00,4.820319087998163947e-18,0.000000000000000000e+00,4.157226248704062164e-18,0.000000000000000000e+00,0.000000000000000000e+00,3.778013438338150201e-19,0.000000000000000000e+00,0.000000000000000000e+00,0.000000000000000000e+00,1.424087392745879230e-18,0.000000000000000000e+00,0.000000000000000000e+00,3.853167506169167134e-03,1.479797071438909463e-19,3.459564296775286944e-19,1.056833980200220283e-18,1.747098454730418348e-03,1.315292914648949182e-18,6.045554134865235515e-19,3.103549294312682014e-19,1.790500063690950454e-04,1.789519081111044796e-03,3.738447204597079231e-19,3.615174874537779095e-19,0.000000000000000000e+00,2.121238713864738534e-18,0.000000000000000000e+00,0.000000000000000000e+00,0.000000000000000000e+00,0.000000000000000000e+00,0.000000000000000000e+00,0.000000000000000000e+00,1.057476758144278717e-01,0.000000000000000000e+00,0.000000000000000000e+00,0.000000000000000000e+00,4.502009305174255705e-19,4.264660731061407971e-19,2.758710483833494910e-19,3.072266056838631304e-19,8.716260049713464073e-19,5.070624432384743599e-03,5.070624432384743599e-03,0.000000000000000000e+00,0.000000000000000000e+00,9.748786178528840108e-20,6.499190785685892202e-20,0.000000000000000000e+00,0.000000000000000000e+00,0.000000000000000000e+00,0.000000000000000000e+00,0.000000000000000000e+00,1.030227107776155240e-02,0.000000000000000000e+00,8.444015501963881079e-03,0.000000000000000000e+00,0.000000000000000000e+00,0.000000000000000000e+00,5.070624432384745334e-03,3.899514471411536043e-19,0.000000000000000000e+00,0.000000000000000000e+00,0.000000000000000000e+00,0.000000000000000000e+00,0.000000000000000000e+00,0.000000000000000000e+00,0.000000000000000000e+00,0.000000000000000000e+00,0.000000000000000000e+00,0.000000000000000000e+00,0.000000000000000000e+00,0.000000000000000000e+00,0.000000000000000000e+00,0.000000000000000000e+00,0.000000000000000000e+00,1.229718300813304778e-02,5.346777652930842679e-03,3.853167506169167134e-03,0.000000000000000000e+00,0.000000000000000000e+00,4.774819012443906716e-04,0.000000000000000000e+00,0.000000000000000000e+00,0.000000000000000000e+00,0.000000000000000000e+00,0.000000000000000000e+00,0.000000000000000000e+00,0.000000000000000000e+00,0.000000000000000000e+00,0.000000000000000000e+00,0.000000000000000000e+00,0.000000000000000000e+00,0.000000000000000000e+00,0.000000000000000000e+00,0.000000000000000000e+00,0.000000000000000000e+00,0.000000000000000000e+00,0.000000000000000000e+00,0.000000000000000000e+00,0.000000000000000000e+00,0.000000000000000000e+00,0.000000000000000000e+00,0.000000000000000000e+00,0.000000000000000000e+00,0.000000000000000000e+00,0.000000000000000000e+00,0.000000000000000000e+00,0.000000000000000000e+00,0.000000000000000000e+00,0.000000000000000000e+00,0.000000000000000000e+00,0.000000000000000000e+00,0.000000000000000000e+00,0.000000000000000000e+00,0.000000000000000000e+00,0.000000000000000000e+00,0.000000000000000000e+00,0.000000000000000000e+00,0.000000000000000000e+00,0.000000000000000000e+00,0.000000000000000000e+00,0.000000000000000000e+00,0.000000000000000000e+00,0.000000000000000000e+00,0.000000000000000000e+00,0.000000000000000000e+00,0.000000000000000000e+00,0.000000000000000000e+00,0.000000000000000000e+00,0.000000000000000000e+00,0.000000000000000000e+00,0.000000000000000000e+00
