0.000000000000000000e+00,0.000000000000000000e+00,0.000000000000000000e+00,0.000000000000000000e+00,0.000000000000000000e+00,0.000000000000000000e+00,0.000000000000000000e+00,0.000000000000000000e+00,0.000000000000000000e+00,0.000000000000000000e+00,0.000000000000000000e+00,0.000000000000000000e+00,0.000000000000000000e+00,0.000000000000000000e+00,1.826878641629050767e-03,1.826878641629050334e-03,1.826878641629050334e-03,1.826878641629050334e-03,1.058958956762349503e-03,2.118945113650430291e-19,0.000000000000000000e+00,0.000000000000000000e+00,0.000000000000000000e+00,0.000000000000000000e+00,0.000000000000000000e+00,0.000000000000000000e+00,0.000000000000000000e+00,0.000000000000000000e+00,5.146149492383269149e-05,0.000000000000000000e+00,0.000000000000000000e+00,0.000000000000000000e+00,0.000000000000000000e+00,0.000000000000000000e+00,0.000000000000000000e+00,1.745243295501059928e-04,0.000000000000000000e+00,0.000000000000000000e+00,0.000000000000000000e+00,0.000000000000000000e+00,0.000000000000000000e+00,0.000000000000000000e+00,0.000000000000000000e+00,0.000000000000000000e+00,0.000000000000000000e+00,0.000000000000000000e+00,0.000000000000000000e+00,0.000000000000000000e+00,0.000000000000000000e+00,0.000000000000000000e+00,0.000000000000000000e+00,0.000000000000000000e+00,0.000000000000000000e+00,0.000000000000000000e+00,0.000000000000000000e+00,0.000000000000000000e+00,0.000000000000000000e+00,0.000000000000000000e+00,0.000000000000000000e+00,0.000000000000000000e+00,0.000000000000000000e+00,0.000000000000000000e+00,0.000000000000000000e+00,0.000000000000000000e+00,0.000000000000000000e+00,0.000000000000000000e+00,0.000000000000000000e+00,0.000000000000000000e+00,0.000000000000000000e+00,0.000000000000000000e+00,0.000000000000000000e+00,0.000000000000000000e+00,0.000000000000000000e+00,0.000000000000000000e+00,0.000000000000000000e+00,0.000000000000000000e+00,0.000000000000000000e+00,0.000000000000000000e+00,0.000000000000000000e+00,0.000000000000000000e+00,0.000000000000000000e+00,0.000000000000000000e+00,0.000000000000000000e+00,0.000000000000000000e+00,1.884351922128846318e-35,0.000000000000000000e+00,0.000000000000000000e+00,0.000000000000000000e+00,0.000000000000000000e+00,0.000000000000000000e+00,0.000000000000000000e+00,0.000000000000000000e+00,0.000000000000000000e+00,0.000000000000000000e+00,0.000000000000000000e+00,0.000000000000000000e+00,0.000000000000000000e+00,0.000000000000000000e+00,0.000000000000000000e+00,0.000000000000000000e+00,0.000000000000000000e+00,0.000000000000000000e+00,1.164405021700813047e-20,2.838516870176008859e-21,0.000000000000000000e+00,0.000000000000000000e+00,0.000000000000000000e+00,0.000000000000000000e+00,0.000000000000000000e+00,0.000000000000000000e+00,0.000000000000000000e+00,0.000000000000000000e+00,0.000000000000000000e+00,0.000000000000000000e+00,0.000000000000000000e+00,0.000000000000000000e+00,0.000000000000000000e+00,0.000000000000000000e+00,0.000000000000000000e+00,0.000000000000000000e+00,0.000000000000000000e+00,0.000000000000000000e+00,5.592569488903785116e-19,0.000000000000000000e+00,0.000000000000000000e+00,0.000000000000000000e+00,0.000000000000000000e+00,0.000000000000000000e+00,0.000000000000000000e+00,0.000000000000000000e+00,0.000000000000000000e+00,1.201180396960640009e-02,0.000000000000000000e+00,0.000000000000000000e+00,7.060303376839208167e-02,0.000000000000000000e+00,0.000000000000000000e+00,0.000000000000000000e+00,0.000000000000000000e+00,7.551508067475059573e-03,0.000000000000000000e+00,1.222086574229106429e-19,0.000000000000000000e+00,0.000000000000000000e+00,0.000000000000000000e+00,0.000000000000000000e+00,0.000000000000000000e+00,0.000000000000000000e+00,0.000000000000000000e+00,0.000000000000000000e+00,2.785678724551636162e-02,2.090434529135253364e-02,0.000000000000000000e+00,0.000000000000000000e+00,0.000000000000000000e+00,0.000000000000000000e+00,0.000000000000000000e+00,0.000000000000000000e+00,0.000000000000000000e+00,0.000000000000000000e+00,0.000000000000000000e+00,0.000000000000000000e+00,0.000000000000000000e+00,0.000000000000000000e+00,0.000000000000000000e+00,0.000000000000000000e+00,0.000000000000000000e+00,0.000000000000000000e+00,7.477959096743311274e-02,9.520389161441306092e-02,3.872715436468666950e-02,0.000000000000000000e+00,7.095936320128979485e-03,0.000000000000000000e+00,0.000000000000000000e+00,0.000000000000000000e+00,0.000000000000000000e+00,0.000000000000000000e+00,0.000000000000000000e+00,0.000000000000000000e+00,1.332589856501795178e-03,3.714849934023652469e-04,1.295306510136901013e-02,0.000000000000000000e+00,0.000000000000000000e+00,0.000000000000000000e+00,0.000000000000000000e+00,0.000000000000000000e+00,1.285475963481352291e-01,0.000000000000000000e+00,0.000000000000000000e+00,6.685900107141960758e-02,3.813759139339089471e-02,0.000000000000000000e+00,0.000000000000000000e+00,0.000000000000000000e+00,0.000000000000000000e+00,0.000000000000000000e+00,0.000000000000000000e+00,0.000000000000000000e+00,1.332589856501795612e-03,0.000000000000000000e+00,0.000000000000000000e+00,0.000000000000000000e+00,0.000000000000000000e+00,0.000000000000000000e+00,1.411900033970353921e-02,2.480181545582451144e-02,1.226841740690170490e-01,6.386957557512777661e-02,4.894326719519025148e-02,3.498395918533406257e-02,0.000000000000000000e+00,0.000000000000000000e+00,0.000000000000000000e+00,0.000000000000000000e+00,0.000000000000000000e+00,0.000000000000000000e+00,0.000000000000000000e+00,0.000000000000000000e+00,0.000000000000000000e+00,0.000000000000000000e+00,0.000000000000000000e+00,0.000000000000000000e+00,0.000000000000000000e+00,0.000000000000000000e+00,2.223693514785432535e-02,1.304919119871003272e-02,0.000000000000000000e+00,0.000000000000000000e+00,0.000000000000000000e+00,0.000000000000000000e+00,0.000000000000000000e+00,0.000000000000000000e+00,5.185685499940936296e-04,1.332589856501795612e-03,0.000000000000000000e+00,0.000000000000000000e+00,0.000000000000000000e+00,0.000000000000000000e+00,0.000000000000000000e+00,0.000000000000000000e+00,0.000000000000000000e+00,0.000000000000000000e+00,0.000000000000000000e+00,0.000000000000000000e+00,1.931110617173262267e-02,0.000000000000000000e+00,0.000000000000000000e+00,0.000000000000000000e+00,0.000000000000000000e+00,0.000000000000000000e+00,0.000000000000000000e+00,0.000000000000000000e+00,0.000000000000000000e+00,0.000000000000000000e+00,0.000000000000000000e+00,0.000000000000000000e+00,0.000000000000000000e+00,0.000000000000000000e+00,0.000000000000000000e+00,0.000000000000000000e+00,0.000000000000000000e+00,0.000000000000000000e+00,0.000000000000000000e+00,1.055360497995573360e-03,0.000000000000000000e+00,0.000000000000000000e+00,0.000000000000000000e+00,0.000000000000000000e+00,0.000000000000000000e+00,0.000000000000000000e+00,0.000000000000000000e+00,0.000000000000000000e+00,1.332907883364034193e-04,0.000000000000000000e+00,0.000000000000000000e+00,0.000000000000000000e+00,0.000000000000000000e+00,0.000000000000000000e+00,0.000000000000000000e+00,0.000000000000000000e+00,0.000000000000000000e+00,0.000000000000000000e+00,0.000000000000000000e+00,0.000000000000000000e+00,0.000000000000000000e+00,0.000000000000000000e+00,0.000000000000000000e+00,0.000000000000000000e+00,0.000000000000000000e+00,0.000000000000000000e+00,0.000000000000000000e+00,0.000000000000000000e+00,0.000000000000000000e+00,0.000000000000000000e+00,0.000000000000000000e+00,0.000000000000000000e+00,0.000000000000000000e+00,0.000000000000000000e+00,0.000000000000000000e+00,0.000000000000000000e+00,0.000000000000000000e+00,0.000000000000000000e+00,0.000000000000000000e+00,0.000000000000000000e+00,0.000000000000000000e+00,0.000000000000000000e+00,0.000000000000000000e+00,3.888880892011359249e-03,0.000000000000000000e+00,0.000000000000000000e+00,0.000000000000000000e+00,0.000000000000000000e+00,0.000000000000000000e+00,1.106255410736786550e-34,0.000000000000000000e+00,0.000000000000000000e+00,0.000000000000000000e+00,0.000000000000000000e+00,0.000000000000000000e+00,0.000000000000000000e+00,0.000000000000000000e+00,0.000000000000000000e+00,0.000000000000000000e+00,0.000000000000000000e+00,0.000000000000000000e+00,8.500145032286353646e-19,0.000000000000000000e+00,0.000000000000000000e+00,0.000000000000000000e+00,0.000000000000000000e+00,0.000000000000000000e+00,0.000000000000000000e+00,0.000000000000000000e+00,0.000000000000000000e+00,0.000000000000000000e+00,0.000000000000000000e+00,0.000000000000000000e+00,0.000000000000000000e+00,0.000000000000000000e+00,0.000000000000000000e+00,0.000000000000000000e+00,0.000000000000000000e+00,0.000000000000000000e+00,1.569103184764438419e-03,0.000000000000000000e+00,0.000000000000000000e+00,0.000000000000000000e+00,0.000000000000000000e+00,1.826878641629051852e-03,0.000000000000000000e+00,0.000000000000000000e+00,0.000000000000000000e+00,0.000000000000000000e+00,0.000000000000000000e+00,0.000000000000000000e+00,0.000000000000000000e+00,0.000000000000000000e+00,0.000000000000000000e+00,0.000000000000000000e+00,0.000000000000000000e+00,0.000000000000000000e+00,0.000000000000000000e+00,0.000000000000000000e+00,0.000000000000000000e+00,0.000000000000000000e+00,0.000000000000000000e+00,2.807280257978500213e-03,1.826878641629050334e-03,0.000000000000000000e+00,0.000000000000000000e+00,0.000000000000000000e+00,0.000000000000000000e+00,0.000000000000000000e+00,0.000000000000000000e+00,0.000000000000000000e+00,0.000000000000000000e+00,0.000000000000000000e+00,0.000000000000000000e+00,0.000000000000000000e+00,3.820519935222591729e-03,0.000000000000000000e+00,0.000000000000000000e+00,0.000000000000000000e+00,6.671408862445868393e-03,2.609402023241312769e-03,0.000000000000000000e+00,0.000000000000000000e+00,0.000000000000000000e+00,0.000000000000000000e+00,0.000000000000000000e+00,0.000000000000000000e+00,0.000000000000000000e+00,0.000000000000000000e+00,0.000000000000000000e+00,0.000000000000000000e+00,0.000000000000000000e+00,0.000000000000000000e+00,0.000000000000000000e+00
0.000000000000000000e+00,0.000000000000000000e+00,0.000000000000000000e+00,0.000000000000000000e+00,0.000000000000000000e+00,0.000000000000000000e+00,0.000000000000000000e+00,0.000000000000000000e+00,0.000000000000000000e+00,0.000000000000000000e+00,0.000000000000000000e+00,0.000000000000000000e+00,0.000000000000000000e+00,0.000000000000000000e+00,3.479768841198192970e-04,3.479768841198190802e-04,3.479768841198190802e-04,3.479768841198190802e-04,2.017064679547332954e-04,5.657560686280144931e-18,0.000000000000000000e+00,0.000000000000000000e+00,0.000000000000000000e+00,0.000000000000000000e+00,0.000000000000000000e+00,0.000000000000000000e+00,0.000000000000000000e+00,0.000000000000000000e+00,9.802189509301465690e-06,0.000000000000000000e+00,0.000000000000000000e+00,0.000000000000000000e+00,0.000000000000000000e+00,0.000000000000000000e+00,0.000000000000000000e+00,3.324272943811543753e-05,0.000000000000000000e+00,0.000000000000000000e+00,0.000000000000000000e+00,0.000000000000000000e+00,0.000000000000000000e+00,0.000000000000000000e+00,0.000000000000000000e+00,0.000000000000000000e+00,0.000000000000000000e+00,0.000000000000000000e+00,0.000000000000000000e+00,0.000000000000000000e+00,0.000000000000000000e+00,0.000000000000000000e+00,0.000000000000000000e+00,0.000000000000000000e+00,0.000000000000000000e+00,0.000000000000000000e+00,0.000000000000000000e+00,0.000000000000000000e+00,0.000000000000000000e+00,0.000000000000000000e+00,0.000000000000000000e+00,0.000000000000000000e+00,0.000000000000000000e+00,0.000000000000000000e+00,0.000000000000000000e+00,0.000000000000000000e+00,0.000000000000000000e+00,0.000000000000000000e+00,0.000000000000000000e+00,0.000000000000000000e+00,0.000000000000000000e+00,0.000000000000000000e+00,0.000000000000000000e+00,0.000000000000000000e+00,0.000000000000000000e+00,0.000000000000000000e+00,0.000000000000000000e+00,0.000000000000000000e+00,0.000000000000000000e+00,0.000000000000000000e+00,0.000000000000000000e+00,0.000000000000000000e+00,0.000000000000000000e+00,0.000000000000000000e+00,4.165927136987859249e-03,0.000000000000000000e+00,3.589241756435898640e-36,0.000000000000000000e+00,0.000000000000000000e+00,0.000000000000000000e+00,0.000000000000000000e+00,0.000000000000000000e+00,0.000000000000000000e+00,0.000000000000000000e+00,0.000000000000000000e+00,0.000000000000000000e+00,0.000000000000000000e+00,0.000000000000000000e+00,0.000000000000000000e+00,0.000000000000000000e+00,0.000000000000000000e+00,0.000000000000000000e+00,0.000000000000000000e+00,0.000000000000000000e+00,2.217914327049167995e-21,5.406698800335254970e-22,0.000000000000000000e+00,0.000000000000000000e+00,0.000000000000000000e+00,0.000000000000000000e+00,0.000000000000000000e+00,0.000000000000000000e+00,0.000000000000000000e+00,0.000000000000000000e+00,0.000000000000000000e+00,0.000000000000000000e+00,0.000000000000000000e+00,0.000000000000000000e+00,0.000000000000000000e+00,0.000000000000000000e+00,0.000000000000000000e+00,0.000000000000000000e+00,0.000000000000000000e+00,0.000000000000000000e+00,1.065251331219769052e-19,0.000000000000000000e+00,0.000000000000000000e+00,0.000000000000000000e+00,0.000000000000000000e+00,0.000000000000000000e+00,0.000000000000000000e+00,0.000000000000000000e+00,0.000000000000000000e+00,2.287962660877409377e-03,0.000000000000000000e+00,0.000000000000000000e+00,1.344819690826516007e-02,0.000000000000000000e+00,0.000000000000000000e+00,0.000000000000000000e+00,0.000000000000000000e+00,1.438382489042868903e-03,0.000000000000000000e+00,2.327783950912584134e-20,0.000000000000000000e+00,0.000000000000000000e+00,0.000000000000000000e+00,0.000000000000000000e+00,0.000000000000000000e+00,0.000000000000000000e+00,0.000000000000000000e+00,0.000000000000000000e+00,5.306054713431689746e-03,3.981780055495719867e-03,0.000000000000000000e+00,0.000000000000000000e+00,0.000000000000000000e+00,0.000000000000000000e+00,0.000000000000000000e+00,0.000000000000000000e+00,0.000000000000000000e+00,0.000000000000000000e+00,0.000000000000000000e+00,0.000000000000000000e+00,0.000000000000000000e+00,0.000000000000000000e+00,0.000000000000000000e+00,0.000000000000000000e+00,0.000000000000000000e+00,0.000000000000000000e+00,1.424373161284440276e-02,7.969790195721687676e-02,1.194318374185237147e-01,0.000000000000000000e+00,1.351606918119805864e-03,0.000000000000000000e+00,0.000000000000000000e+00,0.000000000000000000e+00,0.000000000000000000e+00,0.000000000000000000e+00,0.000000000000000000e+00,0.000000000000000000e+00,1.335338589580837079e-02,7.075904636235529803e-05,2.467250495498859650e-03,0.000000000000000000e+00,0.000000000000000000e+00,0.000000000000000000e+00,0.000000000000000000e+00,0.000000000000000000e+00,2.448525644726386175e-02,1.235425701114055419e-01,1.235425701114055419e-01,1.273504782312754463e-02,7.264303122550646447e-03,0.000000000000000000e+00,0.000000000000000000e+00,0.000000000000000000e+00,0.000000000000000000e+00,0.000000000000000000e+00,0.000000000000000000e+00,0.000000000000000000e+00,2.538266393336753753e-04,0.000000000000000000e+00,0.000000000000000000e+00,0.000000000000000000e+00,0.000000000000000000e+00,0.000000000000000000e+00,2.689333398038770695e-03,4.724155324918957038e-03,1.469109842197897364e-01,1.357082035542870324e-01,1.328650971962036520e-01,6.663611273396964629e-03,0.000000000000000000e+00,0.000000000000000000e+00,0.000000000000000000e+00,0.000000000000000000e+00,0.000000000000000000e+00,0.000000000000000000e+00,0.000000000000000000e+00,0.000000000000000000e+00,0.000000000000000000e+00,0.000000000000000000e+00,0.000000000000000000e+00,0.000000000000000000e+00,0.000000000000000000e+00,0.000000000000000000e+00,4.235606694829394808e-03,2.485560228325720683e-03,0.000000000000000000e+00,0.000000000000000000e+00,0.000000000000000000e+00,0.000000000000000000e+00,0.000000000000000000e+00,0.000000000000000000e+00,9.877496190363691539e-05,2.538266393336753753e-04,0.000000000000000000e+00,0.000000000000000000e+00,0.000000000000000000e+00,0.000000000000000000e+00,0.000000000000000000e+00,0.000000000000000000e+00,0.000000000000000000e+00,0.000000000000000000e+00,0.000000000000000000e+00,0.000000000000000000e+00,3.678305937472880344e-03,0.000000000000000000e+00,0.000000000000000000e+00,0.000000000000000000e+00,0.000000000000000000e+00,0.000000000000000000e+00,0.000000000000000000e+00,0.000000000000000000e+00,0.000000000000000000e+00,0.000000000000000000e+00,0.000000000000000000e+00,0.000000000000000000e+00,0.000000000000000000e+00,0.000000000000000000e+00,0.000000000000000000e+00,0.000000000000000000e+00,0.000000000000000000e+00,0.000000000000000000e+00,0.000000000000000000e+00,2.010210472372520995e-04,0.000000000000000000e+00,0.000000000000000000e+00,0.000000000000000000e+00,0.000000000000000000e+00,0.000000000000000000e+00,0.000000000000000000e+00,0.000000000000000000e+00,0.000000000000000000e+00,2.538872158788637527e-05,0.000000000000000000e+00,0.000000000000000000e+00,0.000000000000000000e+00,0.000000000000000000e+00,0.000000000000000000e+00,0.000000000000000000e+00,0.000000000000000000e+00,0.000000000000000000e+00,0.000000000000000000e+00,0.000000000000000000e+00,0.000000000000000000e+00,0.000000000000000000e+00,0.000000000000000000e+00,0.000000000000000000e+00,0.000000000000000000e+00,0.000000000000000000e+00,0.000000000000000000e+00,0.000000000000000000e+00,0.000000000000000000e+00,0.000000000000000000e+00,0.000000000000000000e+00,0.000000000000000000e+00,0.000000000000000000e+00,0.000000000000000000e+00,0.000000000000000000e+00,0.000000000000000000e+00,0.000000000000000000e+00,0.000000000000000000e+00,0.000000000000000000e+00,0.000000000000000000e+00,0.000000000000000000e+00,0.000000000000000000e+00,0.000000000000000000e+00,0.000000000000000000e+00,7.407392175259731697e-04,0.000000000000000000e+00,0.000000000000000000e+00,0.000000000000000000e+00,0.000000000000000000e+00,0.000000000000000000e+00,2.107153163308165264e-35,0.000000000000000000e+00,0.000000000000000000e+00,0.000000000000000000e+00,0.000000000000000000e+00,0.000000000000000000e+00,0.000000000000000000e+00,0.000000000000000000e+00,0.000000000000000000e+00,0.000000000000000000e+00,0.000000000000000000e+00,0.000000000000000000e+00,1.619075244245019788e-19,0.000000000000000000e+00,0.000000000000000000e+00,0.000000000000000000e+00,1.474514954580286030e-17,0.000000000000000000e+00,0.000000000000000000e+00,0.000000000000000000e+00,0.000000000000000000e+00,0.000000000000000000e+00,0.000000000000000000e+00,0.000000000000000000e+00,0.000000000000000000e+00,0.000000000000000000e+00,0.000000000000000000e+00,0.000000000000000000e+00,0.000000000000000000e+00,0.000000000000000000e+00,2.988767970979883115e-04,0.000000000000000000e+00,0.000000000000000000e+00,0.000000000000000000e+00,7.021499783715647470e-18,3.479768841198195139e-04,0.000000000000000000e+00,0.000000000000000000e+00,0.000000000000000000e+00,0.000000000000000000e+00,0.000000000000000000e+00,0.000000000000000000e+00,0.000000000000000000e+00,0.000000000000000000e+00,0.000000000000000000e+00,0.000000000000000000e+00,0.000000000000000000e+00,0.000000000000000000e+00,0.000000000000000000e+00,0.000000000000000000e+00,0.000000000000000000e+00,0.000000000000000000e+00,0.000000000000000000e+00,5.347200491387618833e-04,3.479768841198190802e-04,0.000000000000000000e+00,0.000000000000000000e+00,0.000000000000000000e+00,0.000000000000000000e+00,0.000000000000000000e+00,0.000000000000000000e+00,0.000000000000000000e+00,0.000000000000000000e+00,0.000000000000000000e+00,0.000000000000000000e+00,0.000000000000000000e+00,7.277180828995422936e-04,0.000000000000000000e+00,0.000000000000000000e+00,0.000000000000000000e+00,1.270744545227784662e-03,4.970289568078704000e-04,0.000000000000000000e+00,0.000000000000000000e+00,0.000000000000000000e+00,0.000000000000000000e+00,0.000000000000000000e+00,0.000000000000000000e+00,0.000000000000000000e+00,0.000000000000000000e+00,0.000000000000000000e+00,0.000000000000000000e+00,0.000000000000000000e+00,0.000000000000000000e+00,0.000000000000000000e+00
0.000000000000000000e+00,0.000000000000000000e+00,0.000000000000000000e+00,0.000000000000000000e+00,0.000000000000000000e+00,0.000000000000000000e+00,0.000000000000000000e+00,0.000000000000000000e+00,0.000000000000000000e+00,0.000000000000000000e+00,0.000000000000000000e+00,0.000000000000000000e+00,0.000000000000000000e+00,0.000000000000000000e+00,0.000000000000000000e+00,0.000000000000000000e+00,0.000000000000000000e+00,0.000000000000000000e+00,0.000000000000000000e+00,7.875606862864936025e-03,0.000000000000000000e+00,0.000000000000000000e+00,0.000000000000000000e+00,0.000000000000000000e+00,0.000000000000000000e+00,0.000000000000000000e+00,0.000000000000000000e+00,2.598222860094283413e-03,0.000000000000000000e+00,0.000000000000000000e+00,0.000000000000000000e+00,0.000000000000000000e+00,0.000000000000000000e+00,0.000000000000000000e+00,0.000000000000000000e+00,0.000000000000000000e+00,0.000000000000000000e+00,0.000000000000000000e+00,0.000000000000000000e+00,0.000000000000000000e+00,0.000000000000000000e+00,0.000000000000000000e+00,0.000000000000000000e+00,0.000000000000000000e+00,0.000000000000000000e+00,7.820853365863750543e-04,1.692812482818719711e-04,0.000000000000000000e+00,0.000000000000000000e+00,0.000000000000000000e+00,0.000000000000000000e+00,0.000000000000000000e+00,0.000000000000000000e+00,0.000000000000000000e+00,0.000000000000000000e+00,0.000000000000000000e+00,0.000000000000000000e+00,0.000000000000000000e+00,0.000000000000000000e+00,0.000000000000000000e+00,0.000000000000000000e+00,0.000000000000000000e+00,0.000000000000000000e+00,0.000000000000000000e+00,9.384456887488273244e-20,0.000000000000000000e+00,0.000000000000000000e+00,0.000000000000000000e+00,0.000000000000000000e+00,0.000000000000000000e+00,0.000000000000000000e+00,0.000000000000000000e+00,0.000000000000000000e+00,0.000000000000000000e+00,0.000000000000000000e+00,0.000000000000000000e+00,0.000000000000000000e+00,0.000000000000000000e+00,0.000000000000000000e+00,0.000000000000000000e+00,0.000000000000000000e+00,0.000000000000000000e+00,1.960436299758993098e-03,0.000000000000000000e+00,0.000000000000000000e+00,0.000000000000000000e+00,0.000000000000000000e+00,0.000000000000000000e+00,0.000000000000000000e+00,0.000000000000000000e+00,0.000000000000000000e+00,0.000000000000000000e+00,0.000000000000000000e+00,0.000000000000000000e+00,0.000000000000000000e+00,0.000000000000000000e+00,0.000000000000000000e+00,0.000000000000000000e+00,0.000000000000000000e+00,3.825175886867587718e-03,0.000000000000000000e+00,0.000000000000000000e+00,0.000000000000000000e+00,0.000000000000000000e+00,0.000000000000000000e+00,0.000000000000000000e+00,0.000000000000000000e+00,0.000000000000000000e+00,0.000000000000000000e+00,0.000000000000000000e+00,0.000000000000000000e+00,0.000000000000000000e+00,0.000000000000000000e+00,0.000000000000000000e+00,0.000000000000000000e+00,0.000000000000000000e+00,0.000000000000000000e+00,0.000000000000000000e+00,0.000000000000000000e+00,0.000000000000000000e+00,0.000000000000000000e+00,0.000000000000000000e+00,0.000000000000000000e+00,0.000000000000000000e+00,0.000000000000000000e+00,0.000000000000000000e+00,0.000000000000000000e+00,0.000000000000000000e+00,0.000000000000000000e+00,0.000000000000000000e+00,0.000000000000000000e+00,0.000000000000000000e+00,0.000000000000000000e+00,0.000000000000000000e+00,0.000000000000000000e+00,0.000000000000000000e+00,4.270109157800557574e-03,0.000000000000000000e+00,0.000000000000000000e+00,2.379323338931487938e-03,0.000000000000000000e+00,0.000000000000000000e+00,0.000000000000000000e+00,0.000000000000000000e+00,0.000000000000000000e+00,0.000000000000000000e+00,0.000000000000000000e+00,0.000000000000000000e+00,0.000000000000000000e+00,0.000000000000000000e+00,0.000000000000000000e+00,0.000000000000000000e+00,0.000000000000000000e+00,0.000000000000000000e+00,0.000000000000000000e+00,0.000000000000000000e+00,2.549666476242002777e-03,0.000000000000000000e+00,0.000000000000000000e+00,0.000000000000000000e+00,0.000000000000000000e+00,0.000000000000000000e+00,0.000000000000000000e+00,0.000000000000000000e+00,0.000000000000000000e+00,0.000000000000000000e+00,0.000000000000000000e+00,0.000000000000000000e+00,0.000000000000000000e+00,8.581396887905265447e-02,5.273187604101403636e-02,0.000000000000000000e+00,3.284704125403627162e-02,3.240448941922100673e-02,0.000000000000000000e+00,0.000000000000000000e+00,0.000000000000000000e+00,0.000000000000000000e+00,0.000000000000000000e+00,0.000000000000000000e+00,7.191096002094429784e-03,0.000000000000000000e+00,0.000000000000000000e+00,0.000000000000000000e+00,0.000000000000000000e+00,0.000000000000000000e+00,2.091191784386688124e-02,0.000000000000000000e+00,3.662858268976948439e-02,1.149804360543045245e-01,1.103006570039134354e-01,4.789286779368671226e-02,3.684888874672771070e-02,0.000000000000000000e+00,0.000000000000000000e+00,0.000000000000000000e+00,0.000000000000000000e+00,0.000000000000000000e+00,0.000000000000000000e+00,0.000000000000000000e+00,0.000000000000000000e+00,0.000000000000000000e+00,0.000000000000000000e+00,0.000000000000000000e+00,0.000000000000000000e+00,0.000000000000000000e+00,3.423321081101411614e-04,0.000000000000000000e+00,6.670088960755710117e-02,5.813768005242614390e-02,1.060305478461128492e-01,3.684888874672771070e-02,3.684888874672771070e-02,0.000000000000000000e+00,0.000000000000000000e+00,0.000000000000000000e+00,0.000000000000000000e+00,0.000000000000000000e+00,0.000000000000000000e+00,0.000000000000000000e+00,0.000000000000000000e+00,0.000000000000000000e+00,0.000000000000000000e+00,0.000000000000000000e+00,0.000000000000000000e+00,0.000000000000000000e+00,9.124178377897805212e-03,0.000000000000000000e+00,0.000000000000000000e+00,0.000000000000000000e+00,0.000000000000000000e+00,0.000000000000000000e+00,0.000000000000000000e+00,3.239659576049604139e-02,0.000000000000000000e+00,0.000000000000000000e+00,0.000000000000000000e+00,0.000000000000000000e+00,0.000000000000000000e+00,0.000000000000000000e+00,0.000000000000000000e+00,0.000000000000000000e+00,4.697754680296807768e-03,0.000000000000000000e+00,0.000000000000000000e+00,0.000000000000000000e+00,0.000000000000000000e+00,0.000000000000000000e+00,0.000000000000000000e+00,0.000000000000000000e+00,0.000000000000000000e+00,0.000000000000000000e+00,0.000000000000000000e+00,0.000000000000000000e+00,0.000000000000000000e+00,0.000000000000000000e+00,0.000000000000000000e+00,0.000000000000000000e+00,0.000000000000000000e+00,0.000000000000000000e+00,8.144479872155210506e-03,0.000000000000000000e+00,0.000000000000000000e+00,0.000000000000000000e+00,0.000000000000000000e+00,0.000000000000000000e+00,0.000000000000000000e+00,0.000000000000000000e+00,0.000000000000000000e+00,0.000000000000000000e+00,0.000000000000000000e+00,0.000000000000000000e+00,0.000000000000000000e+00,1.166680888355211068e-02,3.683396180657418693e-19,0.000000000000000000e+00,0.000000000000000000e+00,0.000000000000000000e+00,0.000000000000000000e+00,0.000000000000000000e+00,0.000000000000000000e+00,0.000000000000000000e+00,0.000000000000000000e+00,0.000000000000000000e+00,0.000000000000000000e+00,0.000000000000000000e+00,0.000000000000000000e+00,0.000000000000000000e+00,0.000000000000000000e+00,0.000000000000000000e+00,0.000000000000000000e+00,0.000000000000000000e+00,0.000000000000000000e+00,0.000000000000000000e+00,2.679733725184340542e-19,2.105503566738490999e-22,0.000000000000000000e+00,0.000000000000000000e+00,0.000000000000000000e+00,0.000000000000000000e+00,0.000000000000000000e+00,0.000000000000000000e+00,0.000000000000000000e+00,0.000000000000000000e+00,0.000000000000000000e+00,0.000000000000000000e+00,0.000000000000000000e+00,0.000000000000000000e+00,0.000000000000000000e+00,0.000000000000000000e+00,0.000000000000000000e+00,4.938757736105969947e-19,0.000000000000000000e+00,0.000000000000000000e+00,2.979344621515070871e-20,0.000000000000000000e+00,0.000000000000000000e+00,0.000000000000000000e+00,0.000000000000000000e+00,0.000000000000000000e+00,0.000000000000000000e+00,0.000000000000000000e+00,0.000000000000000000e+00,0.000000000000000000e+00,0.000000000000000000e+00,0.000000000000000000e+00,0.000000000000000000e+00,0.000000000000000000e+00,0.000000000000000000e+00,0.000000000000000000e+00,0.000000000000000000e+00,6.938893903907228378e-18,0.000000000000000000e+00,0.000000000000000000e+00,0.000000000000000000e+00,0.000000000000000000e+00,0.000000000000000000e+00,0.000000000000000000e+00,0.000000000000000000e+00,0.000000000000000000e+00,0.000000000000000000e+00,0.000000000000000000e+00,0.000000000000000000e+00,0.000000000000000000e+00,0.000000000000000000e+00,0.000000000000000000e+00,0.000000000000000000e+00,0.000000000000000000e+00,0.000000000000000000e+00,5.866769242474922930e-04,7.820853365863747290e-04,4.928813764786200285e-03,0.000000000000000000e+00,0.000000000000000000e+00,0.000000000000000000e+00,0.000000000000000000e+00,0.000000000000000000e+00,0.000000000000000000e+00,0.000000000000000000e+00,0.000000000000000000e+00,0.000000000000000000e+00,0.000000000000000000e+00,0.000000000000000000e+00,0.000000000000000000e+00,0.000000000000000000e+00,0.000000000000000000e+00,7.820853365863750543e-04,7.820853365863747290e-04,7.820853365863747290e-04,7.820853365863747290e-04,0.000000000000000000e+00,0.000000000000000000e+00,0.000000000000000000e+00,0.000000000000000000e+00,0.000000000000000000e+00,0.000000000000000000e+00,0.000000000000000000e+00,0.000000000000000000e+00,0.000000000000000000e+00,0.000000000000000000e+00,0.000000000000000000e+00,3.304235192336775235e-19,0.000000000000000000e+00,0.000000000000000000e+00,5.653517866903057416e-04,7.820853365863747290e-04,7.820853365863752711e-04,0.000000000000000000e+00,0.000000000000000000e+00,0.000000000000000000e+00,0.000000000000000000e+00,0.000000000000000000e+00,0.000000000000000000e+00,0.000000000000000000e+00,0.000000000000000000e+00,0.000000000000000000e+00,0.000000000000000000e+00,0.000000000000000000e+00,0.000000000000000000e+00,0.000000000000000000e+00
0.000000000000000000e+00,0.000000000000000000e+00,0.000000000000000000e+00,0.000000000000000000e+00,0.000000000000000000e+00,0.000000000000000000e+00,0.000000000000000000e+00,0.000000000000000000e+00,0.000000000000000000e+00,1.208512831336278938e-02,0.000000000000000000e+00,0.000000000000000000e+00,0.000000000000000000e+00,0.000000000000000000e+00,0.000000000000000000e+00,0.000000000000000000e+00,1.726350707817398948e-05,1.726350707817385396e-05,8.967904764409210150e-05,7.693858515005728635e-03,0.000000000000000000e+00,0.000000000000000000e+00,0.000000000000000000e+00,0.000000000000000000e+00,0.000000000000000000e+00,0.000000000000000000e+00,0.000000000000000000e+00,2.522518175455225938e-03,0.000000000000000000e+00,2.692283659609903332e-03,0.000000000000000000e+00,0.000000000000000000e+00,0.000000000000000000e+00,0.000000000000000000e+00,0.000000000000000000e+00,0.000000000000000000e+00,0.000000000000000000e+00,1.726350707817576825e-05,1.726350707817389123e-05,1.726350707817385396e-05,0.000000000000000000e+00,0.000000000000000000e+00,0.000000000000000000e+00,0.000000000000000000e+00,1.732646122200535768e-05,7.219249260797311113e-04,1.562596137986510753e-04,0.000000000000000000e+00,1.099259987221266367e-02,1.099259987221266367e-02,0.000000000000000000e+00,0.000000000000000000e+00,0.000000000000000000e+00,0.000000000000000000e+00,0.000000000000000000e+00,0.000000000000000000e+00,0.000000000000000000e+00,1.726350707817390139e-05,1.726350707817385396e-05,1.726350707817386751e-05,0.000000000000000000e+00,0.000000000000000000e+00,0.000000000000000000e+00,4.760854236302575616e-05,8.662575588450717005e-20,0.000000000000000000e+00,0.000000000000000000e+00,0.000000000000000000e+00,0.000000000000000000e+00,0.000000000000000000e+00,0.000000000000000000e+00,0.000000000000000000e+00,0.000000000000000000e+00,0.000000000000000000e+00,0.000000000000000000e+00,0.000000000000000000e+00,0.000000000000000000e+00,0.000000000000000000e+00,1.726350707817390139e-05,1.726350707817385396e-05,0.000000000000000000e+00,0.000000000000000000e+00,0.000000000000000000e+00,0.000000000000000000e+00,0.000000000000000000e+00,0.000000000000000000e+00,0.000000000000000000e+00,0.000000000000000000e+00,0.000000000000000000e+00,0.000000000000000000e+00,0.000000000000000000e+00,0.000000000000000000e+00,0.000000000000000000e+00,0.000000000000000000e+00,0.000000000000000000e+00,0.000000000000000000e+00,0.000000000000000000e+00,0.000000000000000000e+00,1.726350707817385396e-05,3.548195094955947267e-03,0.000000000000000000e+00,0.000000000000000000e+00,0.000000000000000000e+00,0.000000000000000000e+00,0.000000000000000000e+00,0.000000000000000000e+00,0.000000000000000000e+00,0.000000000000000000e+00,0.000000000000000000e+00,0.000000000000000000e+00,0.000000000000000000e+00,0.000000000000000000e+00,0.000000000000000000e+00,0.000000000000000000e+00,0.000000000000000000e+00,0.000000000000000000e+00,0.000000000000000000e+00,0.000000000000000000e+00,0.000000000000000000e+00,2.266164654841910063e-03,0.000000000000000000e+00,0.000000000000000000e+00,3.874594682014268930e-04,0.000000000000000000e+00,0.000000000000000000e+00,0.000000000000000000e+00,0.000000000000000000e+00,0.000000000000000000e+00,0.000000000000000000e+00,0.000000000000000000e+00,0.000000000000000000e+00,0.000000000000000000e+00,0.000000000000000000e+00,0.000000000000000000e+00,0.000000000000000000e+00,0.000000000000000000e+00,3.941639222585131136e-03,0.000000000000000000e+00,0.000000000000000000e+00,5.676224348107898089e-03,0.000000000000000000e+00,3.343231231962185302e-05,0.000000000000000000e+00,0.000000000000000000e+00,0.000000000000000000e+00,0.000000000000000000e+00,0.000000000000000000e+00,0.000000000000000000e+00,6.118879596896242314e-03,0.000000000000000000e+00,0.000000000000000000e+00,0.000000000000000000e+00,0.000000000000000000e+00,0.000000000000000000e+00,0.000000000000000000e+00,0.000000000000000000e+00,2.353538285761849584e-03,0.000000000000000000e+00,0.000000000000000000e+00,0.000000000000000000e+00,0.000000000000000000e+00,1.881282403238413245e-05,0.000000000000000000e+00,0.000000000000000000e+00,1.109507568072271976e-03,0.000000000000000000e+00,0.000000000000000000e+00,0.000000000000000000e+00,0.000000000000000000e+00,5.456218733670901294e-02,2.481473908535728953e-03,2.375578258643457931e-03,3.032034577295656189e-02,2.991183638697324232e-02,0.000000000000000000e+00,0.000000000000000000e+00,0.000000000000000000e+00,9.306156505875594342e-03,0.000000000000000000e+00,0.000000000000000000e+00,5.960919259559868677e-03,1.881282403238462712e-05,1.537967441612754504e-03,0.000000000000000000e+00,7.787353045144436263e-03,6.805924814482778619e-03,2.281014818155424270e-02,7.294985246042817555e-03,3.381099940594107373e-02,8.663876182051569175e-02,8.235924550207880668e-02,4.437124876939459867e-02,3.401435884313327995e-02,0.000000000000000000e+00,3.009008507748546848e-03,7.294985246042817555e-03,0.000000000000000000e+00,0.000000000000000000e+00,5.741774463881999479e-20,0.000000000000000000e+00,1.881282403238402403e-05,1.881282403238410534e-05,0.000000000000000000e+00,0.000000000000000000e+00,0.000000000000000000e+00,0.000000000000000000e+00,6.116400684857216429e-04,6.407044095065218695e-04,7.904501127813184924e-03,3.183322698052400146e-02,8.283046830541754280e-02,7.380430370575867538e-02,3.401435884313327995e-02,1.354863455809172511e-03,5.836497626916009075e-03,0.000000000000000000e+00,0.000000000000000000e+00,6.998755392350744014e-21,0.000000000000000000e+00,0.000000000000000000e+00,1.881282403238424765e-05,0.000000000000000000e+00,0.000000000000000000e+00,0.000000000000000000e+00,0.000000000000000000e+00,0.000000000000000000e+00,8.422318502674898053e-03,0.000000000000000000e+00,0.000000000000000000e+00,0.000000000000000000e+00,2.135681365021738481e-03,2.750943814265705001e-02,0.000000000000000000e+00,2.990454993276558601e-02,0.000000000000000000e+00,0.000000000000000000e+00,0.000000000000000000e+00,6.235581500481306597e-20,0.000000000000000000e+00,0.000000000000000000e+00,1.881282403238402403e-05,0.000000000000000000e+00,6.320842157479788018e-03,0.000000000000000000e+00,0.000000000000000000e+00,0.000000000000000000e+00,0.000000000000000000e+00,0.000000000000000000e+00,0.000000000000000000e+00,0.000000000000000000e+00,2.135681365021738481e-03,0.000000000000000000e+00,0.000000000000000000e+00,9.145073611689882864e-03,9.145073611689882864e-03,0.000000000000000000e+00,0.000000000000000000e+00,0.000000000000000000e+00,0.000000000000000000e+00,0.000000000000000000e+00,7.517981420450964812e-03,0.000000000000000000e+00,0.000000000000000000e+00,0.000000000000000000e+00,0.000000000000000000e+00,0.000000000000000000e+00,0.000000000000000000e+00,0.000000000000000000e+00,0.000000000000000000e+00,0.000000000000000000e+00,2.135681365021739348e-03,1.220562017148693275e-19,0.000000000000000000e+00,1.831820604260411475e-02,3.400058012914542036e-19,0.000000000000000000e+00,0.000000000000000000e+00,0.000000000000000000e+00,0.000000000000000000e+00,0.000000000000000000e+00,0.000000000000000000e+00,0.000000000000000000e+00,0.000000000000000000e+00,0.000000000000000000e+00,0.000000000000000000e+00,0.000000000000000000e+00,0.000000000000000000e+00,0.000000000000000000e+00,0.000000000000000000e+00,0.000000000000000000e+00,0.000000000000000000e+00,1.316617576831932181e-02,9.191259568066573182e-03,0.000000000000000000e+00,2.473600361708622705e-19,1.943541753912453881e-22,0.000000000000000000e+00,0.000000000000000000e+00,0.000000000000000000e+00,0.000000000000000000e+00,0.000000000000000000e+00,0.000000000000000000e+00,0.000000000000000000e+00,0.000000000000000000e+00,0.000000000000000000e+00,0.000000000000000000e+00,0.000000000000000000e+00,0.000000000000000000e+00,0.000000000000000000e+00,0.000000000000000000e+00,0.000000000000000000e+00,2.133530618499767696e-03,9.191259568066574917e-03,0.000000000000000000e+00,2.750164266013912545e-20,0.000000000000000000e+00,0.000000000000000000e+00,0.000000000000000000e+00,0.000000000000000000e+00,0.000000000000000000e+00,0.000000000000000000e+00,0.000000000000000000e+00,0.000000000000000000e+00,0.000000000000000000e+00,0.000000000000000000e+00,0.000000000000000000e+00,0.000000000000000000e+00,0.000000000000000000e+00,0.000000000000000000e+00,0.000000000000000000e+00,1.046435333313660817e-03,1.103878582858935746e-02,1.918959218335216039e-03,4.618595637669331994e-05,0.000000000000000000e+00,0.000000000000000000e+00,0.000000000000000000e+00,0.000000000000000000e+00,0.000000000000000000e+00,0.000000000000000000e+00,0.000000000000000000e+00,0.000000000000000000e+00,0.000000000000000000e+00,0.000000000000000000e+00,0.000000000000000000e+00,0.000000000000000000e+00,0.000000000000000000e+00,0.000000000000000000e+00,0.000000000000000000e+00,1.174368174209205725e-03,1.860639323606550280e-03,5.688388641944851394e-03,0.000000000000000000e+00,0.000000000000000000e+00,0.000000000000000000e+00,0.000000000000000000e+00,0.000000000000000000e+00,0.000000000000000000e+00,0.000000000000000000e+00,0.000000000000000000e+00,0.000000000000000000e+00,0.000000000000000000e+00,0.000000000000000000e+00,0.000000000000000000e+00,0.000000000000000000e+00,0.000000000000000000e+00,7.219249260797311113e-04,7.219249260797306776e-04,1.814453367229857360e-03,2.587408580846588257e-02,0.000000000000000000e+00,0.000000000000000000e+00,0.000000000000000000e+00,0.000000000000000000e+00,0.000000000000000000e+00,0.000000000000000000e+00,0.000000000000000000e+00,0.000000000000000000e+00,0.000000000000000000e+00,0.000000000000000000e+00,4.119876062270132482e-04,0.000000000000000000e+00,0.000000000000000000e+00,0.000000000000000000e+00,5.218631877141285437e-04,7.219249260797306776e-04,7.219249260797306776e-04,0.000000000000000000e+00,0.000000000000000000e+00,0.000000000000000000e+00,0.000000000000000000e+00,0.000000000000000000e+00,0.000000000000000000e+00,0.000000000000000000e+00,0.000000000000000000e+00,0.000000000000000000e+00,0.000000000000000000e+00,0.000000000000000000e+00,0.000000000000000000e+00,0.000000000000000000e+00
0.000000000000000000e+00,0.000000000000000000e+00,0.000000000000000000e+00,0.000000000000000000e+00,0.000000000000000000e+00,0.000000000000000000e+00,0.000000000000000000e+00,0.000000000000000000e+00,0.000000000000000000e+00,2.309620227532706294e-02,0.000000000000000000e+00,0.000000000000000000e+00,6.396969614094458650e-20,3.821823614621773632e-04,0.000000000000000000e+00,3.821823614621773632e-04,3.706401024181453507e-03,4.128730407122635461e-04,5.416117794961182626e-04,1.136080254206825110e-03,0.000000000000000000e+00,0.000000000000000000e+00,0.000000000000000000e+00,0.000000000000000000e+00,0.000000000000000000e+00,0.000000000000000000e+00,0.000000000000000000e+00,2.207264218511489299e-04,0.000000000000000000e+00,4.786282061528718962e-03,0.000000000000000000e+00,0.000000000000000000e+00,0.000000000000000000e+00,0.000000000000000000e+00,0.000000000000000000e+00,6.222302642523005160e-20,2.360500463833773007e-04,4.128730407122669071e-04,3.069067925008693505e-05,3.069067925008686052e-05,0.000000000000000000e+00,0.000000000000000000e+00,0.000000000000000000e+00,0.000000000000000000e+00,3.080259772800953154e-05,0.000000000000000000e+00,0.000000000000000000e+00,0.000000000000000000e+00,1.954239977282251975e-02,1.954239977282251975e-02,0.000000000000000000e+00,0.000000000000000000e+00,0.000000000000000000e+00,0.000000000000000000e+00,0.000000000000000000e+00,0.000000000000000000e+00,7.839782613902718311e-20,3.069067925008732130e-05,3.069067925008686052e-05,3.069067925008688762e-05,0.000000000000000000e+00,0.000000000000000000e+00,0.000000000000000000e+00,8.463740864537915519e-05,0.000000000000000000e+00,0.000000000000000000e+00,0.000000000000000000e+00,0.000000000000000000e+00,0.000000000000000000e+00,0.000000000000000000e+00,0.000000000000000000e+00,0.000000000000000000e+00,0.000000000000000000e+00,0.000000000000000000e+00,6.222302642523005160e-20,0.000000000000000000e+00,0.000000000000000000e+00,6.222302642523005160e-20,3.069067925008717222e-05,8.754976292117277667e-03,0.000000000000000000e+00,0.000000000000000000e+00,0.000000000000000000e+00,0.000000000000000000e+00,0.000000000000000000e+00,0.000000000000000000e+00,0.000000000000000000e+00,0.000000000000000000e+00,0.000000000000000000e+00,0.000000000000000000e+00,0.000000000000000000e+00,0.000000000000000000e+00,0.000000000000000000e+00,0.000000000000000000e+00,0.000000000000000000e+00,1.779334701307562718e-19,0.000000000000000000e+00,1.270953358076830616e-19,8.754976292117277667e-03,8.754976292117277667e-03,0.000000000000000000e+00,0.000000000000000000e+00,0.000000000000000000e+00,0.000000000000000000e+00,0.000000000000000000e+00,0.000000000000000000e+00,0.000000000000000000e+00,0.000000000000000000e+00,0.000000000000000000e+00,0.000000000000000000e+00,0.000000000000000000e+00,0.000000000000000000e+00,0.000000000000000000e+00,0.000000000000000000e+00,0.000000000000000000e+00,0.000000000000000000e+00,0.000000000000000000e+00,1.970395836798951734e-19,0.000000000000000000e+00,1.275302277703058672e-02,0.000000000000000000e+00,0.000000000000000000e+00,6.888168323580924710e-04,0.000000000000000000e+00,0.000000000000000000e+00,0.000000000000000000e+00,0.000000000000000000e+00,0.000000000000000000e+00,0.000000000000000000e+00,0.000000000000000000e+00,0.000000000000000000e+00,0.000000000000000000e+00,0.000000000000000000e+00,0.000000000000000000e+00,0.000000000000000000e+00,0.000000000000000000e+00,0.000000000000000000e+00,0.000000000000000000e+00,0.000000000000000000e+00,1.491082051313725315e-02,0.000000000000000000e+00,5.943522190154998050e-05,0.000000000000000000e+00,0.000000000000000000e+00,0.000000000000000000e+00,0.000000000000000000e+00,1.788983541239307778e-02,0.000000000000000000e+00,1.087800817225999077e-02,0.000000000000000000e+00,0.000000000000000000e+00,0.000000000000000000e+00,0.000000000000000000e+00,0.000000000000000000e+00,0.000000000000000000e+00,0.000000000000000000e+00,0.000000000000000000e+00,0.000000000000000000e+00,0.000000000000000000e+00,0.000000000000000000e+00,0.000000000000000000e+00,3.344502050201624525e-05,0.000000000000000000e+00,0.000000000000000000e+00,1.972457898795150662e-03,0.000000000000000000e+00,0.000000000000000000e+00,0.000000000000000000e+00,0.000000000000000000e+00,3.719024048502766501e-03,4.411509170730186155e-03,4.223250237588372161e-03,0.000000000000000000e+00,0.000000000000000000e+00,0.000000000000000000e+00,0.000000000000000000e+00,0.000000000000000000e+00,1.654427823266772790e-02,0.000000000000000000e+00,0.000000000000000000e+00,8.912516927557878263e-03,3.344502050201713294e-05,2.734164340644898439e-03,0.000000000000000000e+00,1.384418319136789151e-02,1.209942189241383463e-02,6.234381160178124014e-03,1.296886265963168028e-02,0.000000000000000000e+00,6.074404535304800401e-02,6.081565375851995248e-02,2.887959627882374296e-04,0.000000000000000000e+00,0.000000000000000000e+00,5.349348458219641347e-03,1.296886265963168028e-02,0.000000000000000000e+00,0.000000000000000000e+00,1.020759904690133455e-19,0.000000000000000000e+00,3.344502050201605552e-05,3.344502050201620459e-05,0.000000000000000000e+00,0.000000000000000000e+00,0.000000000000000000e+00,0.000000000000000000e+00,1.841541976699036590e-02,1.902886547373800266e-02,0.000000000000000000e+00,5.659240352093158899e-02,7.499404925005399847e-02,7.073767975577850697e-02,0.000000000000000000e+00,2.532184059736251359e-03,1.037599578118402095e-02,0.000000000000000000e+00,0.000000000000000000e+00,1.244223180862354976e-20,0.000000000000000000e+00,0.000000000000000000e+00,3.344502050201645532e-05,0.000000000000000000e+00,0.000000000000000000e+00,0.000000000000000000e+00,0.000000000000000000e+00,0.000000000000000000e+00,0.000000000000000000e+00,1.548568634917733659e-02,1.787209140211556274e-02,0.000000000000000000e+00,3.796766871149759130e-03,4.890566780916810741e-02,0.000000000000000000e+00,0.000000000000000000e+00,0.000000000000000000e+00,0.000000000000000000e+00,0.000000000000000000e+00,3.247889422962017738e-03,0.000000000000000000e+00,0.000000000000000000e+00,3.344502050201605552e-05,0.000000000000000000e+00,3.527916838793236989e-03,0.000000000000000000e+00,0.000000000000000000e+00,0.000000000000000000e+00,0.000000000000000000e+00,0.000000000000000000e+00,1.788983541239307778e-02,0.000000000000000000e+00,3.796766871149759130e-03,0.000000000000000000e+00,3.821823614621773632e-04,1.664009100446641604e-02,1.664009100446641604e-02,3.821823614621773632e-04,3.821823614621766584e-04,0.000000000000000000e+00,0.000000000000000000e+00,0.000000000000000000e+00,0.000000000000000000e+00,0.000000000000000000e+00,0.000000000000000000e+00,0.000000000000000000e+00,0.000000000000000000e+00,0.000000000000000000e+00,0.000000000000000000e+00,0.000000000000000000e+00,0.000000000000000000e+00,0.000000000000000000e+00,3.796766871149760431e-03,2.169888030486566785e-19,3.821823614621773632e-04,1.380234946590363707e-02,3.821823614621773632e-04,3.821823614621773632e-04,3.821823614621773632e-04,0.000000000000000000e+00,0.000000000000000000e+00,0.000000000000000000e+00,1.312848784231216219e-20,0.000000000000000000e+00,0.000000000000000000e+00,0.000000000000000000e+00,0.000000000000000000e+00,0.000000000000000000e+00,0.000000000000000000e+00,0.000000000000000000e+00,0.000000000000000000e+00,0.000000000000000000e+00,0.000000000000000000e+00,2.718816918433168695e-02,1.672219937135831572e-02,3.821823614621774716e-04,3.821823614621773632e-04,3.821823614621773632e-04,3.821823614621766584e-04,0.000000000000000000e+00,0.000000000000000000e+00,0.000000000000000000e+00,0.000000000000000000e+00,0.000000000000000000e+00,0.000000000000000000e+00,0.000000000000000000e+00,0.000000000000000000e+00,0.000000000000000000e+00,0.000000000000000000e+00,0.000000000000000000e+00,0.000000000000000000e+00,0.000000000000000000e+00,3.821823614621773632e-04,4.175125683239543084e-03,1.672219937135831919e-02,9.721929007506048548e-03,3.821823614621773632e-04,3.821823614621766584e-04,0.000000000000000000e+00,0.000000000000000000e+00,0.000000000000000000e+00,0.000000000000000000e+00,0.000000000000000000e+00,0.000000000000000000e+00,0.000000000000000000e+00,0.000000000000000000e+00,0.000000000000000000e+00,0.000000000000000000e+00,0.000000000000000000e+00,0.000000000000000000e+00,0.000000000000000000e+00,0.000000000000000000e+00,2.242511842908685975e-03,2.934643714722047145e-02,1.313341206232421232e-02,8.860659284036728062e-03,3.821823614621773632e-04,0.000000000000000000e+00,0.000000000000000000e+00,0.000000000000000000e+00,0.000000000000000000e+00,0.000000000000000000e+00,0.000000000000000000e+00,0.000000000000000000e+00,0.000000000000000000e+00,0.000000000000000000e+00,0.000000000000000000e+00,0.000000000000000000e+00,0.000000000000000000e+00,0.000000000000000000e+00,0.000000000000000000e+00,1.507196128812578586e-03,1.013041480324878771e-02,1.174631015866483934e-02,0.000000000000000000e+00,0.000000000000000000e+00,0.000000000000000000e+00,0.000000000000000000e+00,0.000000000000000000e+00,0.000000000000000000e+00,0.000000000000000000e+00,0.000000000000000000e+00,0.000000000000000000e+00,0.000000000000000000e+00,0.000000000000000000e+00,0.000000000000000000e+00,0.000000000000000000e+00,0.000000000000000000e+00,0.000000000000000000e+00,0.000000000000000000e+00,1.942272784266892843e-03,4.509713504125979766e-02,0.000000000000000000e+00,0.000000000000000000e+00,0.000000000000000000e+00,0.000000000000000000e+00,0.000000000000000000e+00,0.000000000000000000e+00,0.000000000000000000e+00,0.000000000000000000e+00,0.000000000000000000e+00,0.000000000000000000e+00,1.315803341077821480e-02,8.724285612867189316e-03,8.724285612867191050e-03,0.000000000000000000e+00,6.084677406624093045e-03,1.364686851006817909e-18,8.134101491691715557e-19,0.000000000000000000e+00,0.000000000000000000e+00,0.000000000000000000e+00,0.000000000000000000e+00,0.000000000000000000e+00,0.000000000000000000e+00,0.000000000000000000e+00,0.000000000000000000e+00,0.000000000000000000e+00,0.000000000000000000e+00,0.000000000000000000e+00,0.000000000000000000e+00,0.000000000000000000e+00
0.000000000000000000e+00,0.000000000000000000e+00,0.000000000000000000e+00,0.000000000000000000e+00,0.000000000000000000e+00,0.000000000000000000e+00,0.000000000000000000e+00,0.000000000000000000e+00,0.000000000000000000e+00,6.446118872950612651e-03,0.000000000000000000e+00,0.000000000000000000e+00,2.558787845637785867e-19,1.528729445848710754e-03,0.000000000000000000e+00,1.528729445848710754e-03,1.488605296644456878e-02,1.643253548627054278e-03,1.528729445848707935e-03,2.035291162659917056e-03,0.000000000000000000e+00,0.000000000000000000e+00,0.000000000000000000e+00,0.000000000000000000e+00,0.000000000000000000e+00,0.000000000000000000e+00,0.000000000000000000e+00,0.000000000000000000e+00,0.000000000000000000e+00,0.000000000000000000e+00,0.000000000000000000e+00,0.000000000000000000e+00,0.000000000000000000e+00,0.000000000000000000e+00,0.000000000000000000e+00,2.488921057009204471e-19,1.127411772252601531e-03,1.528729445848707935e-03,0.000000000000000000e+00,8.360094174836238141e-04,0.000000000000000000e+00,0.000000000000000000e+00,0.000000000000000000e+00,0.000000000000000000e+00,0.000000000000000000e+00,0.000000000000000000e+00,0.000000000000000000e+00,0.000000000000000000e+00,0.000000000000000000e+00,0.000000000000000000e+00,0.000000000000000000e+00,0.000000000000000000e+00,0.000000000000000000e+00,2.854570104916350798e-21,0.000000000000000000e+00,1.832115867190917049e-04,3.135913045561090213e-19,1.499724962530661350e-18,0.000000000000000000e+00,0.000000000000000000e+00,0.000000000000000000e+00,0.000000000000000000e+00,0.000000000000000000e+00,3.450812816839136194e-04,0.000000000000000000e+00,0.000000000000000000e+00,0.000000000000000000e+00,0.000000000000000000e+00,0.000000000000000000e+00,0.000000000000000000e+00,0.000000000000000000e+00,0.000000000000000000e+00,0.000000000000000000e+00,0.000000000000000000e+00,2.488921057009204471e-19,0.000000000000000000e+00,0.000000000000000000e+00,2.488921057009204471e-19,8.896673506537821534e-19,3.489714245146878502e-02,0.000000000000000000e+00,0.000000000000000000e+00,6.753490221110904123e-04,0.000000000000000000e+00,0.000000000000000000e+00,0.000000000000000000e+00,0.000000000000000000e+00,0.000000000000000000e+00,0.000000000000000000e+00,0.000000000000000000e+00,0.000000000000000000e+00,0.000000000000000000e+00,0.000000000000000000e+00,0.000000000000000000e+00,0.000000000000000000e+00,7.117338805230256649e-19,0.000000000000000000e+00,5.083813432307326315e-19,3.489714245146878502e-02,3.611854243727018882e-02,0.000000000000000000e+00,0.000000000000000000e+00,0.000000000000000000e+00,0.000000000000000000e+00,0.000000000000000000e+00,0.000000000000000000e+00,0.000000000000000000e+00,0.000000000000000000e+00,0.000000000000000000e+00,0.000000000000000000e+00,1.071320429699378871e-04,6.753490221110904123e-04,6.753490221110904123e-04,6.753490221110904123e-04,0.000000000000000000e+00,0.000000000000000000e+00,0.000000000000000000e+00,7.881583347195812715e-19,0.000000000000000000e+00,3.489714245146878502e-02,0.000000000000000000e+00,0.000000000000000000e+00,0.000000000000000000e+00,0.000000000000000000e+00,0.000000000000000000e+00,0.000000000000000000e+00,0.000000000000000000e+00,0.000000000000000000e+00,0.000000000000000000e+00,0.000000000000000000e+00,0.000000000000000000e+00,0.000000000000000000e+00,0.000000000000000000e+00,0.000000000000000000e+00,0.000000000000000000e+00,0.000000000000000000e+00,0.000000000000000000e+00,0.000000000000000000e+00,0.000000000000000000e+00,3.623405010679988519e-02,0.000000000000000000e+00,0.000000000000000000e+00,0.000000000000000000e+00,0.000000000000000000e+00,0.000000000000000000e+00,0.000000000000000000e+00,7.155934164957235277e-02,0.000000000000000000e+00,0.000000000000000000e+00,0.000000000000000000e+00,0.000000000000000000e+00,0.000000000000000000e+00,0.000000000000000000e+00,0.000000000000000000e+00,0.000000000000000000e+00,0.000000000000000000e+00,0.000000000000000000e+00,0.000000000000000000e+00,0.000000000000000000e+00,0.000000000000000000e+00,0.000000000000000000e+00,0.000000000000000000e+00,0.000000000000000000e+00,0.000000000000000000e+00,0.000000000000000000e+00,0.000000000000000000e+00,0.000000000000000000e+00,3.509329809750532845e-04,3.509329809750532845e-04,0.000000000000000000e+00,0.000000000000000000e+00,0.000000000000000000e+00,0.000000000000000000e+00,0.000000000000000000e+00,0.000000000000000000e+00,0.000000000000000000e+00,0.000000000000000000e+00,0.000000000000000000e+00,6.160046522329432929e-04,0.000000000000000000e+00,0.000000000000000000e+00,0.000000000000000000e+00,0.000000000000000000e+00,2.222565591878659821e-04,0.000000000000000000e+00,0.000000000000000000e+00,0.000000000000000000e+00,4.355543602852125773e-04,4.582999995501340143e-03,4.232067014526286371e-03,9.885040007038116503e-04,0.000000000000000000e+00,0.000000000000000000e+00,0.000000000000000000e+00,0.000000000000000000e+00,0.000000000000000000e+00,0.000000000000000000e+00,0.000000000000000000e+00,1.740166440517611776e-04,0.000000000000000000e+00,1.687697206255615390e-04,1.390169706426964144e-03,0.000000000000000000e+00,1.221399985801402931e-03,1.221399985801402931e-03,0.000000000000000000e+00,7.355400673577992821e-02,7.630401927738975076e-02,4.667546710321041417e-03,4.232067014526286371e-03,2.956529679631497015e-02,0.000000000000000000e+00,0.000000000000000000e+00,4.941516643019971651e-04,0.000000000000000000e+00,0.000000000000000000e+00,0.000000000000000000e+00,0.000000000000000000e+00,0.000000000000000000e+00,0.000000000000000000e+00,1.687697206255615390e-04,1.390169706426964144e-03,1.374173464399296597e-03,0.000000000000000000e+00,4.685382717658796627e-04,0.000000000000000000e+00,0.000000000000000000e+00,6.194274539670939494e-02,7.148836560846230648e-02,0.000000000000000000e+00,0.000000000000000000e+00,0.000000000000000000e+00,0.000000000000000000e+00,0.000000000000000000e+00,0.000000000000000000e+00,0.000000000000000000e+00,0.000000000000000000e+00,1.299155769184807963e-02,0.000000000000000000e+00,0.000000000000000000e+00,1.687697206255615390e-04,1.687697206255614577e-04,0.000000000000000000e+00,0.000000000000000000e+00,0.000000000000000000e+00,0.000000000000000000e+00,0.000000000000000000e+00,0.000000000000000000e+00,7.155934164957235277e-02,0.000000000000000000e+00,0.000000000000000000e+00,1.832115867190916778e-04,1.711941032567802431e-03,1.528729445848710754e-03,1.528729445848710754e-03,1.528729445848710754e-03,1.528729445848707935e-03,0.000000000000000000e+00,0.000000000000000000e+00,0.000000000000000000e+00,1.687697206255615390e-04,1.687697206255614577e-04,0.000000000000000000e+00,0.000000000000000000e+00,0.000000000000000000e+00,0.000000000000000000e+00,0.000000000000000000e+00,0.000000000000000000e+00,0.000000000000000000e+00,0.000000000000000000e+00,0.000000000000000000e+00,1.007926977537749720e-04,1.711941032567802431e-03,1.528729445848710754e-03,1.528729445848710754e-03,1.528729445848710754e-03,1.528729445848710754e-03,0.000000000000000000e+00,0.000000000000000000e+00,0.000000000000000000e+00,1.687697206255615932e-04,0.000000000000000000e+00,0.000000000000000000e+00,0.000000000000000000e+00,0.000000000000000000e+00,0.000000000000000000e+00,0.000000000000000000e+00,0.000000000000000000e+00,0.000000000000000000e+00,0.000000000000000000e+00,0.000000000000000000e+00,1.512653794038932784e-02,1.528729445848710754e-03,1.528729445848711187e-03,1.528729445848710754e-03,1.528729445848710754e-03,1.528729445848707935e-03,0.000000000000000000e+00,0.000000000000000000e+00,0.000000000000000000e+00,0.000000000000000000e+00,0.000000000000000000e+00,0.000000000000000000e+00,0.000000000000000000e+00,0.000000000000000000e+00,0.000000000000000000e+00,0.000000000000000000e+00,0.000000000000000000e+00,0.000000000000000000e+00,0.000000000000000000e+00,1.528729445848710754e-03,1.528729445848710754e-03,1.528729445848710754e-03,3.888771603002422195e-02,1.528729445848710754e-03,1.528729445848707935e-03,0.000000000000000000e+00,0.000000000000000000e+00,0.000000000000000000e+00,0.000000000000000000e+00,0.000000000000000000e+00,0.000000000000000000e+00,0.000000000000000000e+00,0.000000000000000000e+00,0.000000000000000000e+00,0.000000000000000000e+00,0.000000000000000000e+00,0.000000000000000000e+00,0.000000000000000000e+00,0.000000000000000000e+00,1.528729445848710320e-03,3.888771603002422195e-02,3.888771603002422195e-02,3.511420366857934128e-02,1.528729445848710754e-03,0.000000000000000000e+00,0.000000000000000000e+00,0.000000000000000000e+00,0.000000000000000000e+00,0.000000000000000000e+00,0.000000000000000000e+00,0.000000000000000000e+00,0.000000000000000000e+00,0.000000000000000000e+00,0.000000000000000000e+00,0.000000000000000000e+00,0.000000000000000000e+00,2.230389834881016040e-03,0.000000000000000000e+00,1.528729445848710754e-03,3.242413460836000849e-02,3.888771603002422195e-02,0.000000000000000000e+00,0.000000000000000000e+00,0.000000000000000000e+00,0.000000000000000000e+00,0.000000000000000000e+00,0.000000000000000000e+00,0.000000000000000000e+00,0.000000000000000000e+00,0.000000000000000000e+00,0.000000000000000000e+00,0.000000000000000000e+00,0.000000000000000000e+00,0.000000000000000000e+00,0.000000000000000000e+00,0.000000000000000000e+00,0.000000000000000000e+00,6.753490221110904123e-04,1.528729445848707935e-03,0.000000000000000000e+00,0.000000000000000000e+00,0.000000000000000000e+00,0.000000000000000000e+00,0.000000000000000000e+00,0.000000000000000000e+00,0.000000000000000000e+00,0.000000000000000000e+00,0.000000000000000000e+00,0.000000000000000000e+00,5.037779302094300138e-02,3.489714245146878502e-02,3.489714245146879196e-02,0.000000000000000000e+00,2.433870962649638953e-02,5.458747404027276260e-18,3.253640596676688534e-18,0.000000000000000000e+00,0.000000000000000000e+00,0.000000000000000000e+00,0.000000000000000000e+00,0.000000000000000000e+00,0.000000000000000000e+00,0.000000000000000000e+00,0.000000000000000000e+00,0.000000000000000000e+00,0.000000000000000000e+00,0.000000000000000000e+00,0.000000000000000000e+00,0.000000000000000000e+00
0.000000000000000000e+00,0.000000000000000000e+00,0.000000000000000000e+00,0.000000000000000000e+00,0.000000000000000000e+00,0.000000000000000000e+00,0.000000000000000000e+00,0.000000000000000000e+00,0.000000000000000000e+00,9.669178309425936757e-04,0.000000000000000000e+00,0.000000000000000000e+00,3.838181768456686023e-20,2.293094168773070034e-04,0.000000000000000000e+00,2.293094168773070034e-04,5.503234767902485600e-03,2.290743266887548986e-03,2.293094168773065697e-04,9.347420319479098072e-03,0.000000000000000000e+00,0.000000000000000000e+00,0.000000000000000000e+00,0.000000000000000000e+00,0.000000000000000000e+00,0.000000000000000000e+00,0.000000000000000000e+00,0.000000000000000000e+00,0.000000000000000000e+00,0.000000000000000000e+00,0.000000000000000000e+00,0.000000000000000000e+00,0.000000000000000000e+00,0.000000000000000000e+00,0.000000000000000000e+00,3.733381585513813929e-20,3.439438588773688615e-03,2.293094168773065697e-04,0.000000000000000000e+00,1.504816951470528026e-02,0.000000000000000000e+00,0.000000000000000000e+00,0.000000000000000000e+00,0.000000000000000000e+00,0.000000000000000000e+00,0.000000000000000000e+00,0.000000000000000000e+00,0.000000000000000000e+00,0.000000000000000000e+00,0.000000000000000000e+00,0.000000000000000000e+00,0.000000000000000000e+00,0.000000000000000000e+00,5.138226188849448590e-20,0.000000000000000000e+00,3.297808560943661909e-03,4.703869568341645191e-20,2.249587443795995395e-19,0.000000000000000000e+00,0.000000000000000000e+00,0.000000000000000000e+00,0.000000000000000000e+00,0.000000000000000000e+00,6.211463070310466184e-03,0.000000000000000000e+00,0.000000000000000000e+00,0.000000000000000000e+00,0.000000000000000000e+00,0.000000000000000000e+00,0.000000000000000000e+00,0.000000000000000000e+00,0.000000000000000000e+00,0.000000000000000000e+00,0.000000000000000000e+00,3.733381585513813929e-20,0.000000000000000000e+00,0.000000000000000000e+00,3.733381585513813929e-20,1.334501025980674386e-19,5.234571367720326773e-03,0.000000000000000000e+00,0.000000000000000000e+00,1.215628239799966884e-02,0.000000000000000000e+00,0.000000000000000000e+00,0.000000000000000000e+00,0.000000000000000000e+00,0.000000000000000000e+00,0.000000000000000000e+00,0.000000000000000000e+00,0.000000000000000000e+00,0.000000000000000000e+00,0.000000000000000000e+00,0.000000000000000000e+00,0.000000000000000000e+00,1.067600820784539894e-19,0.000000000000000000e+00,7.625720148461001992e-20,5.234571367720326773e-03,2.721977111214565065e-02,0.000000000000000000e+00,0.000000000000000000e+00,0.000000000000000000e+00,0.000000000000000000e+00,0.000000000000000000e+00,0.000000000000000000e+00,0.000000000000000000e+00,0.000000000000000000e+00,0.000000000000000000e+00,0.000000000000000000e+00,1.928376773458888608e-03,1.215628239799966884e-02,1.215628239799966884e-02,1.215628239799966884e-02,0.000000000000000000e+00,0.000000000000000000e+00,0.000000000000000000e+00,1.182237502079372966e-19,0.000000000000000000e+00,5.234571367720326773e-03,0.000000000000000000e+00,0.000000000000000000e+00,0.000000000000000000e+00,0.000000000000000000e+00,0.000000000000000000e+00,0.000000000000000000e+00,0.000000000000000000e+00,0.000000000000000000e+00,0.000000000000000000e+00,0.000000000000000000e+00,0.000000000000000000e+00,0.000000000000000000e+00,0.000000000000000000e+00,0.000000000000000000e+00,0.000000000000000000e+00,0.000000000000000000e+00,0.000000000000000000e+00,0.000000000000000000e+00,0.000000000000000000e+00,2.929890916368024442e-02,0.000000000000000000e+00,0.000000000000000000e+00,0.000000000000000000e+00,0.000000000000000000e+00,0.000000000000000000e+00,0.000000000000000000e+00,1.073390124743586749e-02,0.000000000000000000e+00,0.000000000000000000e+00,0.000000000000000000e+00,0.000000000000000000e+00,0.000000000000000000e+00,0.000000000000000000e+00,0.000000000000000000e+00,0.000000000000000000e+00,0.000000000000000000e+00,0.000000000000000000e+00,0.000000000000000000e+00,0.000000000000000000e+00,0.000000000000000000e+00,0.000000000000000000e+00,0.000000000000000000e+00,0.000000000000000000e+00,0.000000000000000000e+00,0.000000000000000000e+00,0.000000000000000000e+00,0.000000000000000000e+00,6.316793657550980046e-03,6.316793657550980046e-03,0.000000000000000000e+00,0.000000000000000000e+00,0.000000000000000000e+00,0.000000000000000000e+00,0.000000000000000000e+00,0.000000000000000000e+00,0.000000000000000000e+00,0.000000000000000000e+00,0.000000000000000000e+00,1.108808374019301657e-02,0.000000000000000000e+00,0.000000000000000000e+00,0.000000000000000000e+00,0.000000000000000000e+00,4.000618065381601231e-03,0.000000000000000000e+00,0.000000000000000000e+00,0.000000000000000000e+00,7.839978485133852412e-03,8.249399991902439666e-02,7.617720626147340968e-02,1.779307201266867172e-02,0.000000000000000000e+00,0.000000000000000000e+00,0.000000000000000000e+00,0.000000000000000000e+00,0.000000000000000000e+00,0.000000000000000000e+00,0.000000000000000000e+00,3.132299592931711823e-03,0.000000000000000000e+00,3.037854971260117894e-03,2.502305471568544090e-02,0.000000000000000000e+00,2.198519974442532735e-02,2.198519974442532735e-02,0.000000000000000000e+00,4.663787279917233630e-02,9.613809854814921174e-02,8.401584078577903347e-02,7.617720626147340968e-02,7.997719072874170942e-02,0.000000000000000000e+00,0.000000000000000000e+00,7.412274964529969945e-05,0.000000000000000000e+00,0.000000000000000000e+00,0.000000000000000000e+00,0.000000000000000000e+00,0.000000000000000000e+00,0.000000000000000000e+00,3.037854971260117894e-03,2.502305471568544090e-02,2.473512235918742114e-02,0.000000000000000000e+00,8.433688891785862118e-03,0.000000000000000000e+00,0.000000000000000000e+00,9.291411809506419650e-03,1.072325484126936124e-02,0.000000000000000000e+00,0.000000000000000000e+00,0.000000000000000000e+00,0.000000000000000000e+00,0.000000000000000000e+00,0.000000000000000000e+00,0.000000000000000000e+00,0.000000000000000000e+00,1.948733653777214025e-03,0.000000000000000000e+00,0.000000000000000000e+00,3.037854971260117894e-03,3.037854971260116593e-03,0.000000000000000000e+00,0.000000000000000000e+00,0.000000000000000000e+00,0.000000000000000000e+00,0.000000000000000000e+00,0.000000000000000000e+00,1.073390124743586749e-02,0.000000000000000000e+00,0.000000000000000000e+00,3.297808560943661475e-03,3.527117977820968479e-03,2.293094168773070034e-04,2.293094168773070034e-04,2.293094168773070034e-04,2.293094168773065697e-04,0.000000000000000000e+00,0.000000000000000000e+00,0.000000000000000000e+00,3.037854971260117894e-03,3.037854971260116593e-03,0.000000000000000000e+00,0.000000000000000000e+00,0.000000000000000000e+00,0.000000000000000000e+00,0.000000000000000000e+00,0.000000000000000000e+00,0.000000000000000000e+00,0.000000000000000000e+00,0.000000000000000000e+00,1.814268559567955730e-03,3.527117977820968479e-03,2.293094168773070034e-04,2.293094168773070034e-04,2.293094168773070034e-04,2.293094168773070034e-04,0.000000000000000000e+00,0.000000000000000000e+00,0.000000000000000000e+00,3.037854971260117894e-03,0.000000000000000000e+00,0.000000000000000000e+00,0.000000000000000000e+00,0.000000000000000000e+00,0.000000000000000000e+00,0.000000000000000000e+00,0.000000000000000000e+00,0.000000000000000000e+00,0.000000000000000000e+00,0.000000000000000000e+00,2.268980691058401777e-03,2.293094168773070034e-04,2.293094168773070034e-04,2.293094168773070034e-04,2.293094168773070034e-04,2.293094168773065697e-04,0.000000000000000000e+00,0.000000000000000000e+00,0.000000000000000000e+00,0.000000000000000000e+00,0.000000000000000000e+00,0.000000000000000000e+00,0.000000000000000000e+00,0.000000000000000000e+00,0.000000000000000000e+00,0.000000000000000000e+00,0.000000000000000000e+00,0.000000000000000000e+00,0.000000000000000000e+00,2.293094168773070034e-04,2.293094168773070034e-04,2.293094168773070034e-04,5.833157404503637455e-03,2.293094168773070034e-04,2.293094168773065697e-04,0.000000000000000000e+00,0.000000000000000000e+00,0.000000000000000000e+00,0.000000000000000000e+00,0.000000000000000000e+00,0.000000000000000000e+00,0.000000000000000000e+00,0.000000000000000000e+00,0.000000000000000000e+00,0.000000000000000000e+00,0.000000000000000000e+00,0.000000000000000000e+00,0.000000000000000000e+00,0.000000000000000000e+00,2.293094168773067865e-04,5.833157404503637455e-03,5.833157404503637455e-03,5.267130550286908131e-03,2.293094168773070034e-04,0.000000000000000000e+00,0.000000000000000000e+00,0.000000000000000000e+00,0.000000000000000000e+00,0.000000000000000000e+00,0.000000000000000000e+00,0.000000000000000000e+00,0.000000000000000000e+00,0.000000000000000000e+00,0.000000000000000000e+00,0.000000000000000000e+00,0.000000000000000000e+00,4.014701702785842402e-02,0.000000000000000000e+00,2.293094168773070034e-04,4.863620191254008213e-03,5.833157404503637455e-03,0.000000000000000000e+00,0.000000000000000000e+00,0.000000000000000000e+00,0.000000000000000000e+00,0.000000000000000000e+00,0.000000000000000000e+00,0.000000000000000000e+00,0.000000000000000000e+00,0.000000000000000000e+00,0.000000000000000000e+00,0.000000000000000000e+00,0.000000000000000000e+00,0.000000000000000000e+00,0.000000000000000000e+00,0.000000000000000000e+00,0.000000000000000000e+00,1.215628239799966884e-02,2.293094168773065697e-04,0.000000000000000000e+00,0.000000000000000000e+00,0.000000000000000000e+00,0.000000000000000000e+00,0.000000000000000000e+00,0.000000000000000000e+00,0.000000000000000000e+00,0.000000000000000000e+00,0.000000000000000000e+00,0.000000000000000000e+00,1.961164899782446430e-02,5.234571367720326773e-03,5.234571367720326773e-03,0.000000000000000000e+00,3.650806443974460858e-03,8.188121106040930183e-19,4.880460895015038964e-19,0.000000000000000000e+00,0.000000000000000000e+00,0.000000000000000000e+00,0.000000000000000000e+00,0.000000000000000000e+00,0.000000000000000000e+00,0.000000000000000000e+00,0.000000000000000000e+00,0.000000000000000000e+00,0.000000000000000000e+00,0.000000000000000000e+00,0.000000000000000000e+00,0.000000000000000000e+00
0.000000000000000000e+00,0.000000000000000000e+00,0.000000000000000000e+00,0.000000000000000000e+00,0.000000000000000000e+00,0.000000000000000000e+00,0.000000000000000000e+00,0.000000000000000000e+00,0.000000000000000000e+00,0.000000000000000000e+00,3.180803215465074010e-03,2.412826426263968427e-02,0.000000000000000000e+00,0.000000000000000000e+00,1.583067935672392498e-03,1.119666410703218243e-03,1.353436217049872395e-03,1.099756958617807007e-02,0.000000000000000000e+00,3.545932017678478376e-03,0.000000000000000000e+00,0.000000000000000000e+00,0.000000000000000000e+00,0.000000000000000000e+00,0.000000000000000000e+00,0.000000000000000000e+00,0.000000000000000000e+00,0.000000000000000000e+00,0.000000000000000000e+00,0.000000000000000000e+00,0.000000000000000000e+00,0.000000000000000000e+00,0.000000000000000000e+00,0.000000000000000000e+00,0.000000000000000000e+00,0.000000000000000000e+00,1.282481107033647382e-03,0.000000000000000000e+00,0.000000000000000000e+00,5.852065922385392069e-03,0.000000000000000000e+00,0.000000000000000000e+00,0.000000000000000000e+00,0.000000000000000000e+00,0.000000000000000000e+00,1.553210123049881576e-02,3.606481240750790320e-03,7.963653769117402803e-03,0.000000000000000000e+00,0.000000000000000000e+00,0.000000000000000000e+00,0.000000000000000000e+00,0.000000000000000000e+00,1.998199073441454135e-20,0.000000000000000000e+00,1.282481107033647816e-03,0.000000000000000000e+00,0.000000000000000000e+00,0.000000000000000000e+00,3.475365516705990865e-20,0.000000000000000000e+00,0.000000000000000000e+00,0.000000000000000000e+00,2.984345889133794595e-03,0.000000000000000000e+00,0.000000000000000000e+00,0.000000000000000000e+00,0.000000000000000000e+00,1.100383430639374663e-04,0.000000000000000000e+00,0.000000000000000000e+00,0.000000000000000000e+00,0.000000000000000000e+00,0.000000000000000000e+00,0.000000000000000000e+00,0.000000000000000000e+00,0.000000000000000000e+00,0.000000000000000000e+00,0.000000000000000000e+00,0.000000000000000000e+00,0.000000000000000000e+00,0.000000000000000000e+00,5.337732520477001322e-03,0.000000000000000000e+00,0.000000000000000000e+00,0.000000000000000000e+00,0.000000000000000000e+00,0.000000000000000000e+00,7.910979129197044234e-05,0.000000000000000000e+00,0.000000000000000000e+00,0.000000000000000000e+00,0.000000000000000000e+00,0.000000000000000000e+00,0.000000000000000000e+00,0.000000000000000000e+00,0.000000000000000000e+00,0.000000000000000000e+00,0.000000000000000000e+00,8.549799900609857811e-03,0.000000000000000000e+00,0.000000000000000000e+00,0.000000000000000000e+00,0.000000000000000000e+00,0.000000000000000000e+00,0.000000000000000000e+00,0.000000000000000000e+00,3.104769000911435702e-03,2.642157886954080723e-04,1.422567006262870359e-02,7.499243007895685029e-04,4.727443154777653811e-03,4.727443154777653811e-03,4.727443154777653811e-03,0.000000000000000000e+00,0.000000000000000000e+00,0.000000000000000000e+00,0.000000000000000000e+00,0.000000000000000000e+00,0.000000000000000000e+00,0.000000000000000000e+00,0.000000000000000000e+00,0.000000000000000000e+00,0.000000000000000000e+00,0.000000000000000000e+00,0.000000000000000000e+00,0.000000000000000000e+00,3.848858496435650471e-18,0.000000000000000000e+00,3.374896129839518449e-02,0.000000000000000000e+00,0.000000000000000000e+00,0.000000000000000000e+00,0.000000000000000000e+00,0.000000000000000000e+00,0.000000000000000000e+00,0.000000000000000000e+00,0.000000000000000000e+00,0.000000000000000000e+00,9.358353587317756739e-03,0.000000000000000000e+00,1.741394151884222835e-02,0.000000000000000000e+00,0.000000000000000000e+00,1.862776059720813379e-02,0.000000000000000000e+00,5.930897625843999967e-03,0.000000000000000000e+00,0.000000000000000000e+00,0.000000000000000000e+00,0.000000000000000000e+00,0.000000000000000000e+00,3.078888561348449163e-19,0.000000000000000000e+00,0.000000000000000000e+00,0.000000000000000000e+00,0.000000000000000000e+00,0.000000000000000000e+00,0.000000000000000000e+00,0.000000000000000000e+00,0.000000000000000000e+00,2.343592098065635371e-02,0.000000000000000000e+00,3.234221619437492590e-02,0.000000000000000000e+00,0.000000000000000000e+00,3.591617263709590002e-02,4.289110690433906026e-02,4.474920795121946349e-02,9.444869999542370581e-03,1.352066731763656689e-03,1.352066731763656689e-03,0.000000000000000000e+00,0.000000000000000000e+00,0.000000000000000000e+00,0.000000000000000000e+00,0.000000000000000000e+00,0.000000000000000000e+00,4.312032565630622566e-03,0.000000000000000000e+00,5.927261112629963156e-03,0.000000000000000000e+00,1.719888472549091843e-02,1.670325618320390830e-03,0.000000000000000000e+00,0.000000000000000000e+00,3.533387094257395278e-02,4.378063733687909825e-02,3.208099996850952151e-02,2.962446910168413383e-02,3.137810871165886556e-02,0.000000000000000000e+00,0.000000000000000000e+00,0.000000000000000000e+00,0.000000000000000000e+00,0.000000000000000000e+00,0.000000000000000000e+00,0.000000000000000000e+00,1.218116508362333556e-03,0.000000000000000000e+00,1.551694598809113135e-03,9.731187944988790861e-03,0.000000000000000000e+00,8.549799900609857811e-03,8.549799900609857811e-03,0.000000000000000000e+00,1.396265560345308354e-02,4.811593891743597834e-02,4.122122563894693031e-02,2.962446910168413383e-02,6.612377424151355543e-02,0.000000000000000000e+00,0.000000000000000000e+00,0.000000000000000000e+00,4.281858226340348739e-04,0.000000000000000000e+00,8.085111000838413158e-20,5.019528187290287109e-03,0.000000000000000000e+00,0.000000000000000000e+00,1.181388044378936086e-03,9.731187944988790861e-03,9.619214250795114773e-03,0.000000000000000000e+00,3.279767902361172167e-03,0.000000000000000000e+00,0.000000000000000000e+00,0.000000000000000000e+00,5.600905760600983010e-03,3.459147698266019748e-03,2.839340136703680153e-04,0.000000000000000000e+00,0.000000000000000000e+00,0.000000000000000000e+00,0.000000000000000000e+00,1.711692714489372732e-03,0.000000000000000000e+00,1.144949371156144674e-02,0.000000000000000000e+00,0.000000000000000000e+00,1.181388044378936086e-03,1.181388044378935218e-03,0.000000000000000000e+00,0.000000000000000000e+00,0.000000000000000000e+00,0.000000000000000000e+00,0.000000000000000000e+00,0.000000000000000000e+00,0.000000000000000000e+00,0.000000000000000000e+00,2.444292050935037430e-02,1.282481107033647382e-03,1.282481107033647382e-03,0.000000000000000000e+00,1.711692714489372732e-03,0.000000000000000000e+00,0.000000000000000000e+00,0.000000000000000000e+00,0.000000000000000000e+00,0.000000000000000000e+00,1.181388044378936086e-03,1.181388044378935218e-03,0.000000000000000000e+00,0.000000000000000000e+00,0.000000000000000000e+00,0.000000000000000000e+00,0.000000000000000000e+00,0.000000000000000000e+00,0.000000000000000000e+00,0.000000000000000000e+00,0.000000000000000000e+00,7.055488842764279754e-04,1.282481107033647382e-03,0.000000000000000000e+00,6.459356519927552916e-04,0.000000000000000000e+00,0.000000000000000000e+00,0.000000000000000000e+00,0.000000000000000000e+00,0.000000000000000000e+00,1.181388044378936086e-03,0.000000000000000000e+00,0.000000000000000000e+00,0.000000000000000000e+00,0.000000000000000000e+00,3.600292563826600131e-20,0.000000000000000000e+00,0.000000000000000000e+00,0.000000000000000000e+00,0.000000000000000000e+00,0.000000000000000000e+00,0.000000000000000000e+00,0.000000000000000000e+00,0.000000000000000000e+00,1.938553469521884674e-03,0.000000000000000000e+00,7.840734482935716293e-05,0.000000000000000000e+00,0.000000000000000000e+00,0.000000000000000000e+00,1.750997765227024473e-20,2.252304593776191400e-20,0.000000000000000000e+00,0.000000000000000000e+00,0.000000000000000000e+00,7.165578496440560240e-03,0.000000000000000000e+00,0.000000000000000000e+00,0.000000000000000000e+00,2.802875252998577801e-02,0.000000000000000000e+00,0.000000000000000000e+00,0.000000000000000000e+00,5.341635052414818322e-04,0.000000000000000000e+00,0.000000000000000000e+00,0.000000000000000000e+00,0.000000000000000000e+00,0.000000000000000000e+00,0.000000000000000000e+00,0.000000000000000000e+00,0.000000000000000000e+00,0.000000000000000000e+00,0.000000000000000000e+00,1.471900430203690067e-19,0.000000000000000000e+00,0.000000000000000000e+00,0.000000000000000000e+00,0.000000000000000000e+00,0.000000000000000000e+00,2.469822052583769360e-03,7.400418554708998425e-06,1.703171517739058075e-02,0.000000000000000000e+00,0.000000000000000000e+00,0.000000000000000000e+00,0.000000000000000000e+00,0.000000000000000000e+00,0.000000000000000000e+00,0.000000000000000000e+00,0.000000000000000000e+00,0.000000000000000000e+00,0.000000000000000000e+00,0.000000000000000000e+00,0.000000000000000000e+00,0.000000000000000000e+00,0.000000000000000000e+00,1.561272884416717993e-02,0.000000000000000000e+00,0.000000000000000000e+00,1.408499365951666228e-02,7.095511001622505337e-05,0.000000000000000000e+00,0.000000000000000000e+00,0.000000000000000000e+00,0.000000000000000000e+00,0.000000000000000000e+00,0.000000000000000000e+00,0.000000000000000000e+00,0.000000000000000000e+00,0.000000000000000000e+00,0.000000000000000000e+00,0.000000000000000000e+00,0.000000000000000000e+00,0.000000000000000000e+00,4.482225096163251245e-04,0.000000000000000000e+00,0.000000000000000000e+00,4.727443154777653811e-03,0.000000000000000000e+00,0.000000000000000000e+00,0.000000000000000000e+00,0.000000000000000000e+00,0.000000000000000000e+00,0.000000000000000000e+00,0.000000000000000000e+00,0.000000000000000000e+00,0.000000000000000000e+00,0.000000000000000000e+00,0.000000000000000000e+00,6.341198885919496764e-03,1.286909386784599037e-18,0.000000000000000000e+00,0.000000000000000000e+00,0.000000000000000000e+00,0.000000000000000000e+00,2.597158443406597048e-03,0.000000000000000000e+00,0.000000000000000000e+00,0.000000000000000000e+00,0.000000000000000000e+00,0.000000000000000000e+00,0.000000000000000000e+00,0.000000000000000000e+00,0.000000000000000000e+00,0.000000000000000000e+00,0.000000000000000000e+00,0.000000000000000000e+00,0.000000000000000000e+00,0.000000000000000000e+00
0.000000000000000000e+00,0.000000000000000000e+00,0.000000000000000000e+00,0.000000000000000000e+00,0.000000000000000000e+00,0.000000000000000000e+00,0.000000000000000000e+00,0.000000000000000000e+00,0.000000000000000000e+00,2.174151106882238338e-03,4.673353633319087160e-03,1.940026194331595857e-02,0.000000000000000000e+00,0.000000000000000000e+00,1.243839092314024536e-03,8.797378941239585850e-04,5.575044358417703965e-05,8.011064966716160279e-03,0.000000000000000000e+00,0.000000000000000000e+00,0.000000000000000000e+00,0.000000000000000000e+00,0.000000000000000000e+00,0.000000000000000000e+00,0.000000000000000000e+00,0.000000000000000000e+00,0.000000000000000000e+00,2.174151106882238338e-03,2.174151106882238338e-03,2.174151106882238338e-03,0.000000000000000000e+00,0.000000000000000000e+00,0.000000000000000000e+00,0.000000000000000000e+00,0.000000000000000000e+00,0.000000000000000000e+00,0.000000000000000000e+00,0.000000000000000000e+00,0.000000000000000000e+00,0.000000000000000000e+00,0.000000000000000000e+00,0.000000000000000000e+00,0.000000000000000000e+00,0.000000000000000000e+00,0.000000000000000000e+00,1.220379382396337420e-02,2.833663832018482476e-03,6.257156532877968143e-03,0.000000000000000000e+00,0.000000000000000000e+00,0.000000000000000000e+00,0.000000000000000000e+00,0.000000000000000000e+00,0.000000000000000000e+00,0.000000000000000000e+00,0.000000000000000000e+00,0.000000000000000000e+00,0.000000000000000000e+00,0.000000000000000000e+00,2.730644334554711450e-20,0.000000000000000000e+00,0.000000000000000000e+00,0.000000000000000000e+00,4.468961493435919755e-04,0.000000000000000000e+00,0.000000000000000000e+00,0.000000000000000000e+00,0.000000000000000000e+00,8.645869812166528565e-05,0.000000000000000000e+00,0.000000000000000000e+00,3.277613271158582101e-03,0.000000000000000000e+00,0.000000000000000000e+00,0.000000000000000000e+00,0.000000000000000000e+00,0.000000000000000000e+00,0.000000000000000000e+00,0.000000000000000000e+00,0.000000000000000000e+00,0.000000000000000000e+00,0.000000000000000000e+00,4.795130730494879959e-04,0.000000000000000000e+00,0.000000000000000000e+00,0.000000000000000000e+00,0.000000000000000000e+00,0.000000000000000000e+00,6.215769315797686615e-05,0.000000000000000000e+00,4.756923135432204221e-03,1.744857122573436822e-02,0.000000000000000000e+00,0.000000000000000000e+00,0.000000000000000000e+00,0.000000000000000000e+00,0.000000000000000000e+00,0.000000000000000000e+00,0.000000000000000000e+00,0.000000000000000000e+00,0.000000000000000000e+00,0.000000000000000000e+00,0.000000000000000000e+00,0.000000000000000000e+00,0.000000000000000000e+00,0.000000000000000000e+00,0.000000000000000000e+00,2.439461357858988943e-03,2.075981196892495327e-04,2.248254215468556416e-02,0.000000000000000000e+00,0.000000000000000000e+00,0.000000000000000000e+00,0.000000000000000000e+00,0.000000000000000000e+00,0.000000000000000000e+00,0.000000000000000000e+00,0.000000000000000000e+00,0.000000000000000000e+00,0.000000000000000000e+00,0.000000000000000000e+00,0.000000000000000000e+00,0.000000000000000000e+00,0.000000000000000000e+00,0.000000000000000000e+00,0.000000000000000000e+00,0.000000000000000000e+00,2.112877654890416360e-02,0.000000000000000000e+00,2.651704102016768858e-02,4.336156120951836085e-03,0.000000000000000000e+00,0.000000000000000000e+00,0.000000000000000000e+00,0.000000000000000000e+00,0.000000000000000000e+00,0.000000000000000000e+00,0.000000000000000000e+00,0.000000000000000000e+00,0.000000000000000000e+00,0.000000000000000000e+00,1.368238262194748471e-02,0.000000000000000000e+00,0.000000000000000000e+00,1.463609761209212941e-02,0.000000000000000000e+00,1.056994947680304879e-02,2.112877654890416013e-02,1.486774594956041633e-02,0.000000000000000000e+00,2.082028025863194923e-02,0.000000000000000000e+00,2.419126726773785165e-19,0.000000000000000000e+00,0.000000000000000000e+00,0.000000000000000000e+00,0.000000000000000000e+00,0.000000000000000000e+00,0.000000000000000000e+00,0.000000000000000000e+00,0.000000000000000000e+00,1.841393791337287561e-02,0.000000000000000000e+00,2.541174129558033956e-02,0.000000000000000000e+00,0.000000000000000000e+00,2.821984992914682022e-02,5.289880057837924310e-02,3.322996056630968253e-02,1.670238777745961314e-02,2.539194821476821809e-02,1.851090937212009763e-02,8.477039938908607561e-03,0.000000000000000000e+00,0.000000000000000000e+00,0.000000000000000000e+00,0.000000000000000000e+00,0.000000000000000000e+00,0.000000000000000000e+00,0.000000000000000000e+00,4.657133731352121157e-03,0.000000000000000000e+00,1.351340942717145846e-02,8.998762457561082550e-05,0.000000000000000000e+00,0.000000000000000000e+00,2.776232716916528925e-02,5.313229976059767601e-02,1.236450176134468171e-02,3.192060118401180563e-02,4.137388280558126907e-02,1.970039589003298036e-02,1.744857122573436822e-02,0.000000000000000000e+00,0.000000000000000000e+00,0.000000000000000000e+00,0.000000000000000000e+00,0.000000000000000000e+00,0.000000000000000000e+00,0.000000000000000000e+00,2.909551499094254986e-04,0.000000000000000000e+00,0.000000000000000000e+00,0.000000000000000000e+00,0.000000000000000000e+00,0.000000000000000000e+00,0.000000000000000000e+00,3.283843017389382474e-02,6.875962758673435059e-03,1.926747365900935080e-02,4.794549912601822617e-02,0.000000000000000000e+00,0.000000000000000000e+00,0.000000000000000000e+00,3.364317177838850549e-04,0.000000000000000000e+00,6.352587214944477197e-20,1.322533349640439906e-02,0.000000000000000000e+00,0.000000000000000000e+00,2.585055956597161458e-03,0.000000000000000000e+00,0.000000000000000000e+00,0.000000000000000000e+00,0.000000000000000000e+00,0.000000000000000000e+00,0.000000000000000000e+00,0.000000000000000000e+00,4.400711669043636323e-03,2.717901762923305691e-03,1.498472201054655562e-02,0.000000000000000000e+00,0.000000000000000000e+00,0.000000000000000000e+00,0.000000000000000000e+00,1.344901418527366319e-03,0.000000000000000000e+00,1.582594290114904684e-02,0.000000000000000000e+00,0.000000000000000000e+00,0.000000000000000000e+00,0.000000000000000000e+00,0.000000000000000000e+00,0.000000000000000000e+00,0.000000000000000000e+00,0.000000000000000000e+00,0.000000000000000000e+00,0.000000000000000000e+00,0.000000000000000000e+00,0.000000000000000000e+00,3.496329567803413418e-02,0.000000000000000000e+00,3.371709032897577969e-03,0.000000000000000000e+00,1.344901418527366319e-03,0.000000000000000000e+00,0.000000000000000000e+00,0.000000000000000000e+00,0.000000000000000000e+00,0.000000000000000000e+00,3.989031226714855695e-20,0.000000000000000000e+00,0.000000000000000000e+00,0.000000000000000000e+00,0.000000000000000000e+00,0.000000000000000000e+00,0.000000000000000000e+00,0.000000000000000000e+00,0.000000000000000000e+00,0.000000000000000000e+00,0.000000000000000000e+00,0.000000000000000000e+00,0.000000000000000000e+00,0.000000000000000000e+00,5.075208694228799554e-04,0.000000000000000000e+00,1.104500187704563277e-02,0.000000000000000000e+00,0.000000000000000000e+00,0.000000000000000000e+00,0.000000000000000000e+00,0.000000000000000000e+00,0.000000000000000000e+00,0.000000000000000000e+00,0.000000000000000000e+00,2.828801300149475830e-20,0.000000000000000000e+00,0.000000000000000000e+00,0.000000000000000000e+00,0.000000000000000000e+00,0.000000000000000000e+00,0.000000000000000000e+00,0.000000000000000000e+00,0.000000000000000000e+00,1.523149154624340142e-03,0.000000000000000000e+00,6.160577093735215533e-05,0.000000000000000000e+00,0.000000000000000000e+00,0.000000000000000000e+00,1.375783958392664257e-20,1.769667895109867273e-20,0.000000000000000000e+00,0.000000000000000000e+00,0.000000000000000000e+00,5.630097390060448924e-03,0.000000000000000000e+00,5.676094937934078079e-03,0.000000000000000000e+00,2.202259127356028662e-02,0.000000000000000000e+00,2.491765868077579737e-19,0.000000000000000000e+00,4.196998969754506151e-04,0.000000000000000000e+00,0.000000000000000000e+00,0.000000000000000000e+00,0.000000000000000000e+00,0.000000000000000000e+00,0.000000000000000000e+00,0.000000000000000000e+00,0.000000000000000000e+00,0.000000000000000000e+00,0.000000000000000000e+00,1.156493195160044138e-19,0.000000000000000000e+00,5.238601561449127489e-03,0.000000000000000000e+00,0.000000000000000000e+00,0.000000000000000000e+00,1.940574469887250452e-03,5.814614578699935865e-06,1.338206192509261948e-02,0.000000000000000000e+00,0.000000000000000000e+00,0.000000000000000000e+00,0.000000000000000000e+00,0.000000000000000000e+00,0.000000000000000000e+00,0.000000000000000000e+00,0.000000000000000000e+00,0.000000000000000000e+00,0.000000000000000000e+00,0.000000000000000000e+00,0.000000000000000000e+00,0.000000000000000000e+00,0.000000000000000000e+00,0.000000000000000000e+00,2.170993548427874262e-03,0.000000000000000000e+00,1.106678073247739300e-02,5.575044358417691767e-05,0.000000000000000000e+00,0.000000000000000000e+00,0.000000000000000000e+00,0.000000000000000000e+00,0.000000000000000000e+00,0.000000000000000000e+00,0.000000000000000000e+00,0.000000000000000000e+00,0.000000000000000000e+00,0.000000000000000000e+00,0.000000000000000000e+00,0.000000000000000000e+00,0.000000000000000000e+00,3.521748289842559893e-04,0.000000000000000000e+00,9.925454560873202270e-03,9.281418492104884232e-03,0.000000000000000000e+00,0.000000000000000000e+00,0.000000000000000000e+00,0.000000000000000000e+00,0.000000000000000000e+00,0.000000000000000000e+00,0.000000000000000000e+00,0.000000000000000000e+00,0.000000000000000000e+00,0.000000000000000000e+00,0.000000000000000000e+00,1.267950931611450636e-03,1.011143089616472337e-18,0.000000000000000000e+00,0.000000000000000000e+00,9.281418492104884232e-03,0.000000000000000000e+00,4.214775598130281881e-03,0.000000000000000000e+00,0.000000000000000000e+00,0.000000000000000000e+00,0.000000000000000000e+00,0.000000000000000000e+00,0.000000000000000000e+00,0.000000000000000000e+00,0.000000000000000000e+00,0.000000000000000000e+00,0.000000000000000000e+00,0.000000000000000000e+00,0.000000000000000000e+00,0.000000000000000000e+00
0.000000000000000000e+00,0.000000000000000000e+00,0.000000000000000000e+00,0.000000000000000000e+00,0.000000000000000000e+00,0.000000000000000000e+00,0.000000000000000000e+00,0.000000000000000000e+00,0.000000000000000000e+00,3.261226660323365313e-03,3.261226660323366614e-03,6.635100340057001334e-04,0.000000000000000000e+00,0.000000000000000000e+00,0.000000000000000000e+00,0.000000000000000000e+00,0.000000000000000000e+00,0.000000000000000000e+00,0.000000000000000000e+00,1.088121146180430227e-03,0.000000000000000000e+00,0.000000000000000000e+00,0.000000000000000000e+00,0.000000000000000000e+00,0.000000000000000000e+00,0.000000000000000000e+00,0.000000000000000000e+00,3.261226660323365313e-03,3.261226660323365313e-03,3.261226660323365313e-03,0.000000000000000000e+00,0.000000000000000000e+00,0.000000000000000000e+00,0.000000000000000000e+00,0.000000000000000000e+00,0.000000000000000000e+00,0.000000000000000000e+00,0.000000000000000000e+00,0.000000000000000000e+00,0.000000000000000000e+00,0.000000000000000000e+00,0.000000000000000000e+00,0.000000000000000000e+00,0.000000000000000000e+00,0.000000000000000000e+00,0.000000000000000000e+00,0.000000000000000000e+00,0.000000000000000000e+00,0.000000000000000000e+00,0.000000000000000000e+00,0.000000000000000000e+00,0.000000000000000000e+00,0.000000000000000000e+00,0.000000000000000000e+00,0.000000000000000000e+00,0.000000000000000000e+00,5.104237376849324282e-04,0.000000000000000000e+00,0.000000000000000000e+00,0.000000000000000000e+00,0.000000000000000000e+00,0.000000000000000000e+00,0.000000000000000000e+00,0.000000000000000000e+00,0.000000000000000000e+00,0.000000000000000000e+00,0.000000000000000000e+00,0.000000000000000000e+00,0.000000000000000000e+00,0.000000000000000000e+00,0.000000000000000000e+00,4.916419906737886161e-03,0.000000000000000000e+00,0.000000000000000000e+00,0.000000000000000000e+00,1.418345659405605965e-03,0.000000000000000000e+00,0.000000000000000000e+00,0.000000000000000000e+00,0.000000000000000000e+00,0.000000000000000000e+00,0.000000000000000000e+00,0.000000000000000000e+00,0.000000000000000000e+00,0.000000000000000000e+00,0.000000000000000000e+00,0.000000000000000000e+00,0.000000000000000000e+00,0.000000000000000000e+00,0.000000000000000000e+00,7.135384703148324112e-03,2.617285683860161305e-02,0.000000000000000000e+00,0.000000000000000000e+00,0.000000000000000000e+00,0.000000000000000000e+00,0.000000000000000000e+00,0.000000000000000000e+00,0.000000000000000000e+00,0.000000000000000000e+00,0.000000000000000000e+00,0.000000000000000000e+00,0.000000000000000000e+00,0.000000000000000000e+00,0.000000000000000000e+00,0.000000000000000000e+00,0.000000000000000000e+00,0.000000000000000000e+00,0.000000000000000000e+00,1.695784494393024616e-02,0.000000000000000000e+00,0.000000000000000000e+00,0.000000000000000000e+00,0.000000000000000000e+00,0.000000000000000000e+00,0.000000000000000000e+00,0.000000000000000000e+00,0.000000000000000000e+00,0.000000000000000000e+00,0.000000000000000000e+00,0.000000000000000000e+00,0.000000000000000000e+00,0.000000000000000000e+00,0.000000000000000000e+00,0.000000000000000000e+00,0.000000000000000000e+00,0.000000000000000000e+00,3.169316482335631652e-02,0.000000000000000000e+00,0.000000000000000000e+00,6.504234181427769740e-03,0.000000000000000000e+00,0.000000000000000000e+00,0.000000000000000000e+00,0.000000000000000000e+00,0.000000000000000000e+00,0.000000000000000000e+00,0.000000000000000000e+00,0.000000000000000000e+00,0.000000000000000000e+00,0.000000000000000000e+00,0.000000000000000000e+00,0.000000000000000000e+00,0.000000000000000000e+00,0.000000000000000000e+00,0.000000000000000000e+00,8.864937727602726150e-03,3.169316482335631652e-02,2.230161892434068260e-02,0.000000000000000000e+00,3.123042038794799843e-02,0.000000000000000000e+00,0.000000000000000000e+00,0.000000000000000000e+00,0.000000000000000000e+00,0.000000000000000000e+00,0.000000000000000000e+00,0.000000000000000000e+00,0.000000000000000000e+00,0.000000000000000000e+00,0.000000000000000000e+00,0.000000000000000000e+00,0.000000000000000000e+00,0.000000000000000000e+00,0.000000000000000000e+00,0.000000000000000000e+00,0.000000000000000000e+00,3.169316482335631652e-02,0.000000000000000000e+00,5.576583895793132961e-02,7.833812632234779527e-02,2.617285683860161305e-02,1.271555990836294170e-02,0.000000000000000000e+00,0.000000000000000000e+00,0.000000000000000000e+00,0.000000000000000000e+00,0.000000000000000000e+00,0.000000000000000000e+00,0.000000000000000000e+00,4.422300028234934025e-03,0.000000000000000000e+00,0.000000000000000000e+00,0.000000000000000000e+00,0.000000000000000000e+00,0.000000000000000000e+00,0.000000000000000000e+00,3.169316482335631652e-02,1.854675264201706766e-02,8.740336362098564960e-02,7.507835102378301873e-02,2.955059383504954340e-02,2.617285683860161305e-02,0.000000000000000000e+00,0.000000000000000000e+00,0.000000000000000000e+00,0.000000000000000000e+00,0.000000000000000000e+00,0.000000000000000000e+00,0.000000000000000000e+00,0.000000000000000000e+00,0.000000000000000000e+00,0.000000000000000000e+00,0.000000000000000000e+00,0.000000000000000000e+00,0.000000000000000000e+00,0.000000000000000000e+00,3.169316482335631652e-02,2.390457094000186127e-04,7.074492170828805548e-02,7.074492170828806936e-02,0.000000000000000000e+00,0.000000000000000000e+00,0.000000000000000000e+00,0.000000000000000000e+00,0.000000000000000000e+00,0.000000000000000000e+00,1.392212773815735931e-02,0.000000000000000000e+00,0.000000000000000000e+00,3.877583934895751511e-03,0.000000000000000000e+00,0.000000000000000000e+00,0.000000000000000000e+00,0.000000000000000000e+00,0.000000000000000000e+00,0.000000000000000000e+00,0.000000000000000000e+00,0.000000000000000000e+00,0.000000000000000000e+00,2.214244649970838197e-02,0.000000000000000000e+00,0.000000000000000000e+00,2.805729199377431527e-03,0.000000000000000000e+00,0.000000000000000000e+00,0.000000000000000000e+00,1.024486819166900951e-02,0.000000000000000000e+00,0.000000000000000000e+00,0.000000000000000000e+00,0.000000000000000000e+00,0.000000000000000000e+00,4.756346075924458383e-19,0.000000000000000000e+00,0.000000000000000000e+00,0.000000000000000000e+00,0.000000000000000000e+00,0.000000000000000000e+00,0.000000000000000000e+00,4.029928097288078270e-02,0.000000000000000000e+00,5.057563549346380180e-03,0.000000000000000000e+00,0.000000000000000000e+00,0.000000000000000000e+00,0.000000000000000000e+00,0.000000000000000000e+00,0.000000000000000000e+00,0.000000000000000000e+00,5.983546840072297987e-20,0.000000000000000000e+00,0.000000000000000000e+00,0.000000000000000000e+00,0.000000000000000000e+00,0.000000000000000000e+00,0.000000000000000000e+00,0.000000000000000000e+00,0.000000000000000000e+00,0.000000000000000000e+00,0.000000000000000000e+00,0.000000000000000000e+00,0.000000000000000000e+00,0.000000000000000000e+00,0.000000000000000000e+00,0.000000000000000000e+00,1.832705163511399310e-02,0.000000000000000000e+00,0.000000000000000000e+00,0.000000000000000000e+00,0.000000000000000000e+00,0.000000000000000000e+00,0.000000000000000000e+00,0.000000000000000000e+00,0.000000000000000000e+00,0.000000000000000000e+00,0.000000000000000000e+00,0.000000000000000000e+00,0.000000000000000000e+00,0.000000000000000000e+00,0.000000000000000000e+00,0.000000000000000000e+00,0.000000000000000000e+00,0.000000000000000000e+00,0.000000000000000000e+00,6.695088067526850295e-04,0.000000000000000000e+00,0.000000000000000000e+00,0.000000000000000000e+00,0.000000000000000000e+00,0.000000000000000000e+00,0.000000000000000000e+00,0.000000000000000000e+00,0.000000000000000000e+00,0.000000000000000000e+00,0.000000000000000000e+00,0.000000000000000000e+00,8.514142406901138369e-03,1.759548819545501876e-03,0.000000000000000000e+00,0.000000000000000000e+00,3.737648802116378754e-19,0.000000000000000000e+00,0.000000000000000000e+00,0.000000000000000000e+00,1.759548819545501876e-03,0.000000000000000000e+00,0.000000000000000000e+00,0.000000000000000000e+00,0.000000000000000000e+00,0.000000000000000000e+00,0.000000000000000000e+00,0.000000000000000000e+00,0.000000000000000000e+00,0.000000000000000000e+00,0.000000000000000000e+00,7.857902342173711183e-03,0.000000000000000000e+00,4.924673862647762539e-04,0.000000000000000000e+00,0.000000000000000000e+00,0.000000000000000000e+00,5.957401432596091970e-19,0.000000000000000000e+00,0.000000000000000000e+00,0.000000000000000000e+00,0.000000000000000000e+00,0.000000000000000000e+00,0.000000000000000000e+00,0.000000000000000000e+00,0.000000000000000000e+00,0.000000000000000000e+00,0.000000000000000000e+00,0.000000000000000000e+00,0.000000000000000000e+00,0.000000000000000000e+00,0.000000000000000000e+00,1.552599996476162862e-03,5.016039142187320860e-03,1.759548819545501876e-03,0.000000000000000000e+00,0.000000000000000000e+00,0.000000000000000000e+00,0.000000000000000000e+00,0.000000000000000000e+00,0.000000000000000000e+00,0.000000000000000000e+00,0.000000000000000000e+00,0.000000000000000000e+00,0.000000000000000000e+00,0.000000000000000000e+00,0.000000000000000000e+00,0.000000000000000000e+00,0.000000000000000000e+00,0.000000000000000000e+00,0.000000000000000000e+00,0.000000000000000000e+00,1.488818184130984157e-02,1.392212773815735931e-02,0.000000000000000000e+00,0.000000000000000000e+00,0.000000000000000000e+00,0.000000000000000000e+00,0.000000000000000000e+00,0.000000000000000000e+00,0.000000000000000000e+00,0.000000000000000000e+00,0.000000000000000000e+00,0.000000000000000000e+00,0.000000000000000000e+00,0.000000000000000000e+00,0.000000000000000000e+00,0.000000000000000000e+00,0.000000000000000000e+00,1.392212773815735931e-02,0.000000000000000000e+00,3.261226660323365313e-03,0.000000000000000000e+00,0.000000000000000000e+00,0.000000000000000000e+00,0.000000000000000000e+00,0.000000000000000000e+00,0.000000000000000000e+00,0.000000000000000000e+00,0.000000000000000000e+00,0.000000000000000000e+00,0.000000000000000000e+00,0.000000000000000000e+00,0.000000000000000000e+00,0.000000000000000000e+00
0.000000000000000000e+00,0.000000000000000000e+00,0.000000000000000000e+00,0.000000000000000000e+00,0.000000000000000000e+00,0.000000000000000000e+00,0.000000000000000000e+00,0.000000000000000000e+00,0.000000000000000000e+00,0.000000000000000000e+00,6.361136621233801308e-05,4.456655305643660242e-04,4.456655305643660242e-04,4.456655305643659700e-04,0.000000000000000000e+00,0.000000000000000000e+00,0.000000000000000000e+00,4.456655305643659700e-04,2.185960960732545347e-05,3.445716962904706200e-03,0.000000000000000000e+00,0.000000000000000000e+00,0.000000000000000000e+00,0.000000000000000000e+00,0.000000000000000000e+00,0.000000000000000000e+00,0.000000000000000000e+00,0.000000000000000000e+00,0.000000000000000000e+00,0.000000000000000000e+00,0.000000000000000000e+00,4.456655305643660242e-04,4.456655305643659700e-04,0.000000000000000000e+00,0.000000000000000000e+00,0.000000000000000000e+00,0.000000000000000000e+00,0.000000000000000000e+00,0.000000000000000000e+00,0.000000000000000000e+00,0.000000000000000000e+00,0.000000000000000000e+00,0.000000000000000000e+00,0.000000000000000000e+00,0.000000000000000000e+00,0.000000000000000000e+00,0.000000000000000000e+00,0.000000000000000000e+00,0.000000000000000000e+00,0.000000000000000000e+00,0.000000000000000000e+00,0.000000000000000000e+00,0.000000000000000000e+00,0.000000000000000000e+00,0.000000000000000000e+00,0.000000000000000000e+00,1.616341836002290920e-03,0.000000000000000000e+00,0.000000000000000000e+00,0.000000000000000000e+00,0.000000000000000000e+00,0.000000000000000000e+00,0.000000000000000000e+00,0.000000000000000000e+00,0.000000000000000000e+00,0.000000000000000000e+00,0.000000000000000000e+00,0.000000000000000000e+00,0.000000000000000000e+00,0.000000000000000000e+00,0.000000000000000000e+00,0.000000000000000000e+00,1.645568815084038489e-03,0.000000000000000000e+00,0.000000000000000000e+00,4.491427921451099543e-03,0.000000000000000000e+00,0.000000000000000000e+00,0.000000000000000000e+00,0.000000000000000000e+00,0.000000000000000000e+00,0.000000000000000000e+00,0.000000000000000000e+00,0.000000000000000000e+00,0.000000000000000000e+00,0.000000000000000000e+00,0.000000000000000000e+00,0.000000000000000000e+00,0.000000000000000000e+00,0.000000000000000000e+00,0.000000000000000000e+00,3.286578914625812222e-03,2.292742259061492701e-03,0.000000000000000000e+00,0.000000000000000000e+00,6.754762004079614343e-04,0.000000000000000000e+00,0.000000000000000000e+00,0.000000000000000000e+00,0.000000000000000000e+00,0.000000000000000000e+00,0.000000000000000000e+00,0.000000000000000000e+00,0.000000000000000000e+00,0.000000000000000000e+00,0.000000000000000000e+00,0.000000000000000000e+00,0.000000000000000000e+00,0.000000000000000000e+00,0.000000000000000000e+00,0.000000000000000000e+00,2.292742259061492267e-03,9.715700960274066718e-04,0.000000000000000000e+00,0.000000000000000000e+00,5.445029862152582067e-04,0.000000000000000000e+00,0.000000000000000000e+00,0.000000000000000000e+00,2.885606038586170695e-04,0.000000000000000000e+00,0.000000000000000000e+00,0.000000000000000000e+00,0.000000000000000000e+00,8.521674895282150847e-04,0.000000000000000000e+00,0.000000000000000000e+00,9.690487726992084603e-04,0.000000000000000000e+00,0.000000000000000000e+00,0.000000000000000000e+00,0.000000000000000000e+00,0.000000000000000000e+00,0.000000000000000000e+00,6.940944381753406554e-04,1.856749357241967114e-03,0.000000000000000000e+00,0.000000000000000000e+00,1.288419905468719146e-19,0.000000000000000000e+00,0.000000000000000000e+00,3.386361064556443366e-04,0.000000000000000000e+00,0.000000000000000000e+00,0.000000000000000000e+00,0.000000000000000000e+00,0.000000000000000000e+00,9.690487726992084603e-04,0.000000000000000000e+00,0.000000000000000000e+00,0.000000000000000000e+00,0.000000000000000000e+00,0.000000000000000000e+00,0.000000000000000000e+00,0.000000000000000000e+00,0.000000000000000000e+00,0.000000000000000000e+00,7.438355021018735823e-20,0.000000000000000000e+00,0.000000000000000000e+00,0.000000000000000000e+00,0.000000000000000000e+00,0.000000000000000000e+00,0.000000000000000000e+00,0.000000000000000000e+00,2.238416427391229761e-20,0.000000000000000000e+00,9.690487726992084603e-04,9.690487726992084603e-04,1.384594403664793916e-01,1.325050855292846663e-01,2.700548689847896786e-03,0.000000000000000000e+00,0.000000000000000000e+00,0.000000000000000000e+00,0.000000000000000000e+00,0.000000000000000000e+00,0.000000000000000000e+00,0.000000000000000000e+00,0.000000000000000000e+00,1.404394184243467313e-02,0.000000000000000000e+00,0.000000000000000000e+00,0.000000000000000000e+00,0.000000000000000000e+00,0.000000000000000000e+00,0.000000000000000000e+00,4.939369300876927851e-04,0.000000000000000000e+00,1.310664675843730420e-01,1.363898132569435762e-01,3.848974908253401540e-03,0.000000000000000000e+00,0.000000000000000000e+00,0.000000000000000000e+00,0.000000000000000000e+00,0.000000000000000000e+00,0.000000000000000000e+00,1.222598274783814496e-03,0.000000000000000000e+00,0.000000000000000000e+00,0.000000000000000000e+00,0.000000000000000000e+00,0.000000000000000000e+00,0.000000000000000000e+00,0.000000000000000000e+00,0.000000000000000000e+00,1.470822213709028103e-19,3.407026525709633734e-20,1.355467158661594618e-01,1.363898132569435762e-01,3.569683387864831976e-03,0.000000000000000000e+00,0.000000000000000000e+00,0.000000000000000000e+00,0.000000000000000000e+00,8.763792721908462166e-05,2.535495020846062529e-04,0.000000000000000000e+00,0.000000000000000000e+00,0.000000000000000000e+00,0.000000000000000000e+00,0.000000000000000000e+00,0.000000000000000000e+00,0.000000000000000000e+00,2.896774200153356197e-20,0.000000000000000000e+00,0.000000000000000000e+00,0.000000000000000000e+00,4.838017666798026094e-04,3.519453155975072346e-03,0.000000000000000000e+00,0.000000000000000000e+00,8.884809131361895776e-03,0.000000000000000000e+00,0.000000000000000000e+00,3.645399769079312726e-04,2.595067911223356767e-06,0.000000000000000000e+00,0.000000000000000000e+00,0.000000000000000000e+00,7.887976785031496508e-04,0.000000000000000000e+00,1.506176257376083046e-18,0.000000000000000000e+00,0.000000000000000000e+00,0.000000000000000000e+00,0.000000000000000000e+00,0.000000000000000000e+00,0.000000000000000000e+00,5.572123518032302131e-02,4.838017666798026094e-04,3.822319225459068753e-04,0.000000000000000000e+00,3.169210921431784601e-03,1.149078144906724632e-19,5.303049509972538971e-05,0.000000000000000000e+00,0.000000000000000000e+00,0.000000000000000000e+00,0.000000000000000000e+00,0.000000000000000000e+00,2.106744872838804233e-20,0.000000000000000000e+00,0.000000000000000000e+00,0.000000000000000000e+00,0.000000000000000000e+00,1.219578389862579744e-03,0.000000000000000000e+00,0.000000000000000000e+00,0.000000000000000000e+00,1.448209061190175537e-03,0.000000000000000000e+00,4.985306064495526220e-03,2.266705341943020962e-19,0.000000000000000000e+00,6.055706361907242999e-03,0.000000000000000000e+00,0.000000000000000000e+00,0.000000000000000000e+00,0.000000000000000000e+00,0.000000000000000000e+00,0.000000000000000000e+00,0.000000000000000000e+00,0.000000000000000000e+00,0.000000000000000000e+00,0.000000000000000000e+00,1.219578389862579744e-03,4.838381430690905354e-04,0.000000000000000000e+00,0.000000000000000000e+00,0.000000000000000000e+00,3.762632169222591798e-03,0.000000000000000000e+00,4.985306064495526220e-03,2.120111221383509225e-03,4.838017666798026094e-04,0.000000000000000000e+00,0.000000000000000000e+00,0.000000000000000000e+00,0.000000000000000000e+00,0.000000000000000000e+00,0.000000000000000000e+00,0.000000000000000000e+00,0.000000000000000000e+00,4.907398425549256143e-05,1.188646408171607858e-03,1.219578389862579744e-03,5.571904595227441040e-03,0.000000000000000000e+00,0.000000000000000000e+00,0.000000000000000000e+00,0.000000000000000000e+00,0.000000000000000000e+00,0.000000000000000000e+00,5.571904595227441040e-03,0.000000000000000000e+00,0.000000000000000000e+00,0.000000000000000000e+00,0.000000000000000000e+00,0.000000000000000000e+00,0.000000000000000000e+00,0.000000000000000000e+00,0.000000000000000000e+00,2.535495020846061987e-04,2.535495020846062529e-04,5.340915954882062642e-04,0.000000000000000000e+00,1.559480056505129809e-03,0.000000000000000000e+00,0.000000000000000000e+00,0.000000000000000000e+00,2.877038348766050156e-19,0.000000000000000000e+00,0.000000000000000000e+00,0.000000000000000000e+00,0.000000000000000000e+00,0.000000000000000000e+00,0.000000000000000000e+00,0.000000000000000000e+00,0.000000000000000000e+00,0.000000000000000000e+00,0.000000000000000000e+00,0.000000000000000000e+00,2.535495020846062529e-04,0.000000000000000000e+00,0.000000000000000000e+00,4.916566655507863953e-03,5.571904595227441040e-03,5.571904595227441040e-03,0.000000000000000000e+00,2.396900716602097254e-04,0.000000000000000000e+00,0.000000000000000000e+00,0.000000000000000000e+00,0.000000000000000000e+00,0.000000000000000000e+00,0.000000000000000000e+00,0.000000000000000000e+00,0.000000000000000000e+00,0.000000000000000000e+00,0.000000000000000000e+00,0.000000000000000000e+00,2.535495020846061987e-04,7.073862017660657484e-05,0.000000000000000000e+00,1.219578389862579744e-03,2.248942037478034682e-20,0.000000000000000000e+00,1.177833125306095712e-19,0.000000000000000000e+00,0.000000000000000000e+00,0.000000000000000000e+00,0.000000000000000000e+00,0.000000000000000000e+00,0.000000000000000000e+00,0.000000000000000000e+00,0.000000000000000000e+00,0.000000000000000000e+00,0.000000000000000000e+00,2.292742259061492267e-03,0.000000000000000000e+00,0.000000000000000000e+00,7.565451847752903187e-20,1.053372436419402117e-20,0.000000000000000000e+00,0.000000000000000000e+00,0.000000000000000000e+00,0.000000000000000000e+00,0.000000000000000000e+00,0.000000000000000000e+00,0.000000000000000000e+00,0.000000000000000000e+00,0.000000000000000000e+00,0.000000000000000000e+00,0.000000000000000000e+00,0.000000000000000000e+00,0.000000000000000000e+00,0.000000000000000000e+00,0.000000000000000000e+00
0.000000000000000000e+00,0.000000000000000000e+00,0.000000000000000000e+00,0.000000000000000000e+00,0.000000000000000000e+00,0.000000000000000000e+00,0.000000000000000000e+00,0.000000000000000000e+00,0.000000000000000000e+00,0.000000000000000000e+00,6.043079790172130013e-04,4.233822540361490729e-03,4.233822540361490729e-03,4.233822540361490729e-03,0.000000000000000000e+00,0.000000000000000000e+00,0.000000000000000000e+00,4.233822540361490729e-03,2.076662912695924703e-04,3.627070487268097866e-04,0.000000000000000000e+00,0.000000000000000000e+00,0.000000000000000000e+00,0.000000000000000000e+00,0.000000000000000000e+00,0.000000000000000000e+00,0.000000000000000000e+00,0.000000000000000000e+00,0.000000000000000000e+00,0.000000000000000000e+00,0.000000000000000000e+00,4.233822540361490729e-03,4.233822540361490729e-03,0.000000000000000000e+00,0.000000000000000000e+00,0.000000000000000000e+00,0.000000000000000000e+00,0.000000000000000000e+00,0.000000000000000000e+00,0.000000000000000000e+00,0.000000000000000000e+00,0.000000000000000000e+00,0.000000000000000000e+00,0.000000000000000000e+00,0.000000000000000000e+00,0.000000000000000000e+00,0.000000000000000000e+00,0.000000000000000000e+00,0.000000000000000000e+00,0.000000000000000000e+00,0.000000000000000000e+00,0.000000000000000000e+00,0.000000000000000000e+00,0.000000000000000000e+00,0.000000000000000000e+00,0.000000000000000000e+00,1.701412458949772954e-04,0.000000000000000000e+00,0.000000000000000000e+00,0.000000000000000000e+00,0.000000000000000000e+00,0.000000000000000000e+00,0.000000000000000000e+00,0.000000000000000000e+00,0.000000000000000000e+00,0.000000000000000000e+00,0.000000000000000000e+00,0.000000000000000000e+00,0.000000000000000000e+00,0.000000000000000000e+00,0.000000000000000000e+00,0.000000000000000000e+00,1.563290374329841595e-02,0.000000000000000000e+00,0.000000000000000000e+00,4.727818864685351050e-04,0.000000000000000000e+00,0.000000000000000000e+00,0.000000000000000000e+00,0.000000000000000000e+00,0.000000000000000000e+00,0.000000000000000000e+00,0.000000000000000000e+00,0.000000000000000000e+00,0.000000000000000000e+00,0.000000000000000000e+00,0.000000000000000000e+00,0.000000000000000000e+00,0.000000000000000000e+00,0.000000000000000000e+00,0.000000000000000000e+00,3.122249968894531477e-02,2.178105146108424983e-02,0.000000000000000000e+00,0.000000000000000000e+00,6.417023903875654009e-03,0.000000000000000000e+00,0.000000000000000000e+00,0.000000000000000000e+00,0.000000000000000000e+00,0.000000000000000000e+00,0.000000000000000000e+00,0.000000000000000000e+00,0.000000000000000000e+00,0.000000000000000000e+00,0.000000000000000000e+00,0.000000000000000000e+00,0.000000000000000000e+00,0.000000000000000000e+00,0.000000000000000000e+00,0.000000000000000000e+00,2.178105146108424636e-02,9.229915912260392222e-03,0.000000000000000000e+00,0.000000000000000000e+00,5.172778369044969335e-03,0.000000000000000000e+00,0.000000000000000000e+00,0.000000000000000000e+00,2.741325736656870671e-03,0.000000000000000000e+00,0.000000000000000000e+00,0.000000000000000000e+00,0.000000000000000000e+00,8.095591150518069434e-03,0.000000000000000000e+00,0.000000000000000000e+00,9.205963340642510026e-03,0.000000000000000000e+00,0.000000000000000000e+00,0.000000000000000000e+00,0.000000000000000000e+00,0.000000000000000000e+00,0.000000000000000000e+00,6.593897162665757206e-03,1.763911889379874212e-02,0.000000000000000000e+00,0.000000000000000000e+00,1.223998910195287137e-18,0.000000000000000000e+00,0.000000000000000000e+00,3.217043011328631335e-03,0.000000000000000000e+00,0.000000000000000000e+00,0.000000000000000000e+00,0.000000000000000000e+00,0.000000000000000000e+00,9.205963340642510026e-03,0.000000000000000000e+00,0.000000000000000000e+00,0.000000000000000000e+00,0.000000000000000000e+00,0.000000000000000000e+00,0.000000000000000000e+00,0.000000000000000000e+00,0.000000000000000000e+00,0.000000000000000000e+00,7.066437269967821842e-19,0.000000000000000000e+00,0.000000000000000000e+00,0.000000000000000000e+00,0.000000000000000000e+00,0.000000000000000000e+00,0.000000000000000000e+00,0.000000000000000000e+00,2.126495606021674984e-19,0.000000000000000000e+00,9.205963340642510026e-03,9.205963340642510026e-03,7.051427469327481434e-02,1.394790373992466082e-02,2.565521255355510122e-02,0.000000000000000000e+00,0.000000000000000000e+00,0.000000000000000000e+00,0.000000000000000000e+00,0.000000000000000000e+00,0.000000000000000000e+00,0.000000000000000000e+00,0.000000000000000000e+00,1.854021663139698503e-03,0.000000000000000000e+00,0.000000000000000000e+00,0.000000000000000000e+00,0.000000000000000000e+00,0.000000000000000000e+00,0.000000000000000000e+00,4.692400835833096528e-03,0.000000000000000000e+00,6.933820216374744771e-02,5.085281715268442915e-02,3.656526162840743194e-02,0.000000000000000000e+00,0.000000000000000000e+00,0.000000000000000000e+00,0.000000000000000000e+00,0.000000000000000000e+00,0.000000000000000000e+00,1.161468361044627404e-02,0.000000000000000000e+00,0.000000000000000000e+00,0.000000000000000000e+00,0.000000000000000000e+00,0.000000000000000000e+00,0.000000000000000000e+00,0.000000000000000000e+00,0.000000000000000000e+00,1.397281103023581103e-18,3.236675199424162369e-19,4.284339194023555064e-02,5.085281715268442915e-02,3.391199218471601523e-02,0.000000000000000000e+00,0.000000000000000000e+00,0.000000000000000000e+00,0.000000000000000000e+00,8.325603085813065418e-04,2.408720269803767047e-03,0.000000000000000000e+00,0.000000000000000000e+00,0.000000000000000000e+00,0.000000000000000000e+00,0.000000000000000000e+00,0.000000000000000000e+00,0.000000000000000000e+00,2.751935490145696783e-19,0.000000000000000000e+00,0.000000000000000000e+00,0.000000000000000000e+00,4.596116783458139426e-03,3.343480498176329418e-02,0.000000000000000000e+00,0.000000000000000000e+00,9.352430664591442760e-04,0.000000000000000000e+00,0.000000000000000000e+00,3.463129780625358312e-03,2.465314515662196467e-05,0.000000000000000000e+00,0.000000000000000000e+00,0.000000000000000000e+00,7.493577945779945210e-03,0.000000000000000000e+00,1.585448691974818177e-19,0.000000000000000000e+00,0.000000000000000000e+00,0.000000000000000000e+00,0.000000000000000000e+00,0.000000000000000000e+00,0.000000000000000000e+00,3.365529454304008738e-02,4.596116783458139426e-03,3.631203264186126482e-03,0.000000000000000000e+00,3.010750375360204956e-02,1.091624237661391855e-18,5.037897034473928217e-04,0.000000000000000000e+00,0.000000000000000000e+00,0.000000000000000000e+00,0.000000000000000000e+00,0.000000000000000000e+00,2.001407629196870431e-19,0.000000000000000000e+00,0.000000000000000000e+00,0.000000000000000000e+00,0.000000000000000000e+00,1.158599470369454584e-02,0.000000000000000000e+00,0.000000000000000000e+00,0.000000000000000000e+00,1.375798608130671119e-02,0.000000000000000000e+00,4.736040761270764871e-02,2.153370074845876655e-18,0.000000000000000000e+00,5.182633056639972952e-03,0.000000000000000000e+00,0.000000000000000000e+00,0.000000000000000000e+00,0.000000000000000000e+00,0.000000000000000000e+00,0.000000000000000000e+00,0.000000000000000000e+00,0.000000000000000000e+00,0.000000000000000000e+00,0.000000000000000000e+00,1.158599470369454584e-02,4.596462359156374723e-03,0.000000000000000000e+00,0.000000000000000000e+00,0.000000000000000000e+00,3.574500560761473267e-02,0.000000000000000000e+00,4.736040761270764871e-02,2.231696022508950460e-04,4.596116783458139426e-03,0.000000000000000000e+00,0.000000000000000000e+00,0.000000000000000000e+00,0.000000000000000000e+00,0.000000000000000000e+00,0.000000000000000000e+00,0.000000000000000000e+00,0.000000000000000000e+00,4.662028504271808040e-04,1.129214087763030956e-02,1.158599470369454584e-02,5.865162731818335251e-04,0.000000000000000000e+00,0.000000000000000000e+00,0.000000000000000000e+00,0.000000000000000000e+00,0.000000000000000000e+00,0.000000000000000000e+00,5.865162731818335251e-04,0.000000000000000000e+00,0.000000000000000000e+00,0.000000000000000000e+00,0.000000000000000000e+00,0.000000000000000000e+00,0.000000000000000000e+00,0.000000000000000000e+00,0.000000000000000000e+00,2.408720269803766613e-03,2.408720269803767047e-03,5.073870157137975664e-03,0.000000000000000000e+00,1.641557954215921208e-04,0.000000000000000000e+00,0.000000000000000000e+00,0.000000000000000000e+00,2.733186431327756026e-18,0.000000000000000000e+00,0.000000000000000000e+00,0.000000000000000000e+00,0.000000000000000000e+00,0.000000000000000000e+00,0.000000000000000000e+00,0.000000000000000000e+00,0.000000000000000000e+00,0.000000000000000000e+00,0.000000000000000000e+00,0.000000000000000000e+00,2.408720269803767047e-03,0.000000000000000000e+00,0.000000000000000000e+00,5.175333321587203758e-04,5.865162731818335251e-04,5.865162731818335251e-04,0.000000000000000000e+00,2.277055680771999588e-03,0.000000000000000000e+00,0.000000000000000000e+00,0.000000000000000000e+00,0.000000000000000000e+00,0.000000000000000000e+00,0.000000000000000000e+00,0.000000000000000000e+00,0.000000000000000000e+00,0.000000000000000000e+00,0.000000000000000000e+00,0.000000000000000000e+00,2.408720269803766613e-03,6.720168916777646091e-04,0.000000000000000000e+00,1.158599470369454584e-02,2.136494935604139764e-19,0.000000000000000000e+00,1.118941469040794429e-18,0.000000000000000000e+00,0.000000000000000000e+00,0.000000000000000000e+00,0.000000000000000000e+00,0.000000000000000000e+00,0.000000000000000000e+00,0.000000000000000000e+00,0.000000000000000000e+00,0.000000000000000000e+00,0.000000000000000000e+00,2.178105146108424636e-02,0.000000000000000000e+00,0.000000000000000000e+00,7.187179255365280958e-19,1.000703814598435216e-19,0.000000000000000000e+00,0.000000000000000000e+00,0.000000000000000000e+00,0.000000000000000000e+00,0.000000000000000000e+00,0.000000000000000000e+00,0.000000000000000000e+00,0.000000000000000000e+00,0.000000000000000000e+00,0.000000000000000000e+00,0.000000000000000000e+00,0.000000000000000000e+00,0.000000000000000000e+00,0.000000000000000000e+00,0.000000000000000000e+00
0.000000000000000000e+00,0.000000000000000000e+00,0.000000000000000000e+00,0.000000000000000000e+00,0.000000000000000000e+00,0.000000000000000000e+00,0.000000000000000000e+00,0.000000000000000000e+00,0.000000000000000000e+00,3.455970919721271305e-04,5.364311906091418338e-04,1.501682162031353455e-03,1.337369446173487190e-03,2.633541173483909190e-03,3.503494631334946180e-02,4.046601989000445272e-03,3.728544803851783386e-07,1.352032989606183865e-03,8.195953201958503594e-05,1.638070319760756422e-05,0.000000000000000000e+00,0.000000000000000000e+00,0.000000000000000000e+00,0.000000000000000000e+00,0.000000000000000000e+00,0.000000000000000000e+00,0.000000000000000000e+00,3.728544803844130973e-07,3.728544803844152678e-07,3.728544803844130973e-07,3.728544803844130973e-07,1.337369446173488925e-03,1.337369446173487190e-03,3.728544803844130973e-07,7.749621542617946609e-04,3.728544803844130973e-07,3.728544803844190265e-07,1.209388837716571472e-07,0.000000000000000000e+00,0.000000000000000000e+00,0.000000000000000000e+00,0.000000000000000000e+00,0.000000000000000000e+00,0.000000000000000000e+00,3.728544803844218323e-07,3.728544803844917654e-07,3.728544803844704837e-07,3.481579590043910703e-03,3.728544803844130973e-07,3.728544803844130973e-07,3.728544803844130973e-07,3.728544803844130973e-07,3.728544803868125828e-07,1.834199757404722519e-02,3.728544803845091296e-07,3.728544803844568253e-07,3.728544803844129384e-07,3.728544803858257365e-07,3.728544803844184971e-07,0.000000000000000000e+00,0.000000000000000000e+00,0.000000000000000000e+00,0.000000000000000000e+00,3.728544803844130973e-07,3.728544803844130973e-07,3.728544803844983299e-07,3.728544803845086002e-07,5.714599915845132265e-03,2.806281391228405454e-03,5.714599915845134000e-03,3.728544803844130973e-07,3.728544803844130973e-07,5.066904592656049783e-03,1.236422205759592219e-02,3.728544803844130973e-07,3.728544803844226264e-07,3.728544803847628689e-07,3.728544803844130973e-07,3.728544803855734265e-07,3.728544803844685250e-07,0.000000000000000000e+00,0.000000000000000000e+00,3.728544803845091296e-07,3.728544803861464443e-07,3.728544803844130973e-07,3.728544803844130973e-07,3.728544803844154795e-07,3.728544803844130973e-07,3.728544803844130973e-07,3.728544803844130973e-07,3.728544803844130973e-07,9.860109598357858635e-03,1.439985219589584066e-02,2.518933703672260327e-04,3.728544803844130973e-07,2.026801455704276347e-03,1.456289467373275432e-03,3.728544803844551842e-07,3.728544803847587926e-07,2.518933703672258159e-04,0.000000000000000000e+00,0.000000000000000000e+00,3.728544803844134678e-07,3.728544803844130973e-07,3.728544803844130973e-07,6.333607081765155189e-03,3.728544803844130973e-07,3.728544803844133090e-07,3.728544803844133090e-07,3.728544803844130973e-07,3.728544803844130973e-07,6.878599631664886194e-03,1.525670091630857046e-02,3.728544803844130973e-07,3.728544803844130973e-07,1.633881813126164713e-03,1.456289467373276299e-03,3.728544803844130973e-07,2.518933703672258159e-04,1.117575181943079952e-03,0.000000000000000000e+00,0.000000000000000000e+00,3.728544803844130973e-07,3.728544803845858390e-07,2.556875323065039250e-03,9.745862271190520662e-03,3.728544803844130973e-07,2.907519172578021220e-03,3.728544803844130973e-07,3.728544803844130973e-07,3.728544803844130973e-07,3.728544803845098708e-07,2.047461005901818083e-04,3.728544803844130973e-07,2.082656169006414336e-03,1.212871542435904962e-02,1.332272329207281674e-03,3.728544803844152678e-07,3.728544803848029971e-07,2.518933703672258159e-04,0.000000000000000000e+00,1.325459844150535683e-03,3.728544803844130973e-07,3.728544803844130973e-07,3.728544803844133090e-07,3.728544803844274968e-07,3.728544803848122086e-07,2.907519172578021220e-03,3.728544803844130973e-07,3.728544803844130973e-07,3.728544803844130973e-07,1.228457618637125021e-02,1.909218667752721893e-03,3.728544803844504196e-07,3.728544803844130973e-07,6.133863969352431472e-03,3.728544803844129384e-07,6.647357495018386964e-04,4.761131802783978009e-04,0.000000000000000000e+00,0.000000000000000000e+00,1.251105340090591400e-04,3.728544803844130973e-07,3.728544803844945712e-07,3.728544803844211441e-07,3.728544803844809658e-07,3.728544803844130973e-07,2.907519172578021220e-03,2.907519172578021220e-03,1.786343736606465366e-02,3.728544803844486726e-07,1.578001267086612258e-02,3.728544803844130973e-07,3.728544803844264380e-07,3.728544803844130973e-07,3.728544803859758730e-07,3.728544803844130973e-07,1.041022516621197339e-02,6.144890507490439503e-03,0.000000000000000000e+00,8.415614905906914451e-04,3.728544803844232617e-07,3.728544803844130973e-07,3.728544803844980123e-07,3.728544803844178618e-07,3.728544803846275025e-07,3.728544803844130973e-07,1.482183644743468014e-03,3.728544803847656747e-07,1.773638808040402942e-02,3.632304117140110200e-02,1.800369111686409354e-02,6.456766392103845988e-03,3.728544803844745601e-07,1.465328201540823426e-03,3.728544803844133090e-07,3.728544803846779009e-07,1.041496516581961150e-02,1.558388641473330491e-02,0.000000000000000000e+00,5.735395507834827045e-04,9.318079701563427089e-03,3.728544803844130973e-07,8.311204999928149166e-04,7.215862315186747549e-04,3.728544803844569312e-07,3.728544803844130973e-07,2.521742704828509526e-02,3.728544803845152177e-07,2.998158484041094432e-02,3.251087701276322156e-02,3.156574399338098191e-02,6.456766392103845988e-03,7.177979769142138131e-03,2.181865474806217193e-03,2.617322969308196259e-02,1.927469854868438595e-02,1.118725437566340380e-02,0.000000000000000000e+00,0.000000000000000000e+00,5.102550739740240385e-03,3.728544803844130973e-07,3.728544803844152678e-07,3.728544803844593664e-07,3.728544803844130973e-07,3.728544803844999181e-07,3.728544803844130973e-07,3.728544803844130973e-07,3.728544803845940447e-07,6.311256928425729856e-03,1.474379861143605003e-02,3.728544803859758730e-07,3.728544803844375024e-07,7.215862315186757307e-04,1.088495777508878548e-02,2.622604900141819670e-02,1.146812093540418992e-03,8.158058214054513468e-06,0.000000000000000000e+00,0.000000000000000000e+00,5.102550739740240385e-03,2.399870564847482284e-03,3.728544803844154795e-07,3.728544803844190265e-07,3.728544803844130973e-07,3.728544803844305673e-07,3.728544803845010299e-07,3.728544803844293497e-07,3.728544803845010299e-07,3.728544803847791214e-07,8.874459005020152169e-03,1.451778154519798355e-03,1.147068622118109418e-03,5.319216281662127768e-05,1.966143776671902543e-02,4.020962869947076503e-03,2.122836481157978602e-04,0.000000000000000000e+00,0.000000000000000000e+00,0.000000000000000000e+00,5.779461009331891656e-03,3.728544803847853153e-07,3.728544803848248082e-07,3.728544803844130973e-07,3.728544803844239499e-07,3.728544803844130973e-07,3.728544803844164854e-07,3.659108024068137566e-03,3.728544803862135717e-07,3.728544803847009296e-07,3.728544803852380015e-07,4.345000038050926897e-03,3.728544803845037298e-07,1.495629104796701581e-02,4.748364485487248203e-03,5.319216281662108117e-05,1.504597462856034195e-03,0.000000000000000000e+00,0.000000000000000000e+00,0.000000000000000000e+00,6.772831240720375698e-04,3.728544803844329496e-07,3.728544803847643512e-07,3.728544803844858892e-07,3.728544803844983299e-07,3.728544803844130973e-07,3.728544803844262792e-07,3.659108024068137566e-03,1.451887283687661265e-03,3.728544803845298819e-07,4.719306639837842800e-03,3.728544803845397287e-07,2.323645025268224543e-02,6.267066563637789609e-04,2.462729497665730460e-02,9.705570215037312778e-03,1.451778154519797488e-03,0.000000000000000000e+00,0.000000000000000000e+00,0.000000000000000000e+00,3.728544803844130973e-07,3.728544803849039529e-07,3.728544803844130973e-07,3.728544803844130973e-07,3.728544803844130973e-07,1.475948072468625865e-04,3.566312078995220389e-03,3.659108024068137566e-03,1.598333220198004320e-02,1.598333220198004320e-02,1.024658473216871583e-02,7.148767248034533332e-03,1.960383409305828037e-02,1.456289467373275432e-03,3.728544803845495754e-07,3.728544803863505263e-07,0.000000000000000000e+00,0.000000000000000000e+00,0.000000000000000000e+00,0.000000000000000000e+00,3.728544803844152678e-07,3.728544803844130973e-07,3.728544803844130973e-07,3.728544803844130973e-07,9.311693693450948800e-03,7.610213607342061412e-04,1.602647640945009319e-03,6.772831240720370276e-04,6.186736663669706836e-03,3.728544803844355436e-07,3.728544803844508432e-07,1.456289467373275866e-03,1.456289467373276733e-03,3.728544803845021416e-07,3.728544803844482491e-07,0.000000000000000000e+00,0.000000000000000000e+00,0.000000000000000000e+00,0.000000000000000000e+00,0.000000000000000000e+00,3.728544803844132031e-07,3.728544803844504196e-07,3.728544803844571430e-07,3.728544803844688956e-07,7.610213607342061412e-04,8.862089474747881709e-03,6.059214569312462023e-03,2.454144673476281215e-06,3.141666187691134217e-04,3.728544803846233202e-07,3.728544803847587926e-07,2.175359682353907725e-03,0.000000000000000000e+00,0.000000000000000000e+00,0.000000000000000000e+00,0.000000000000000000e+00,0.000000000000000000e+00,0.000000000000000000e+00,0.000000000000000000e+00,0.000000000000000000e+00,3.728544803844440669e-07,3.728544803844130973e-07,3.728544803844688956e-07,7.610213607342057075e-04,3.087710260630473907e-02,1.089822706400034660e-02,3.661189314261225139e-03,3.728544803844908125e-07,3.728544803844698485e-07,3.728544803848537132e-07,0.000000000000000000e+00,0.000000000000000000e+00,0.000000000000000000e+00,0.000000000000000000e+00,0.000000000000000000e+00,0.000000000000000000e+00,0.000000000000000000e+00,0.000000000000000000e+00,0.000000000000000000e+00,0.000000000000000000e+00,8.637113892957973271e-03,3.728544803844352260e-07,3.859449527480204954e-05,2.621145133387637813e-02,3.859449527480273394e-05,2.806896203160840712e-04,3.455970919721274557e-04,0.000000000000000000e+00,0.000000000000000000e+00,0.000000000000000000e+00,0.000000000000000000e+00,0.000000000000000000e+00,0.000000000000000000e+00,0.000000000000000000e+00,0.000000000000000000e+00,0.000000000000000000e+00,0.000000000000000000e+00,0.000000000000000000e+00,0.000000000000000000e+00,0.000000000000000000e+00
0.000000000000000000e+00,0.000000000000000000e+00,0.000000000000000000e+00,0.000000000000000000e+00,0.000000000000000000e+00,0.000000000000000000e+00,0.000000000000000000e+00,0.000000000000000000e+00,0.000000000000000000e+00,6.831694689881453748e-04,4.104511054005024443e-04,1.097903802255006521e-04,2.485696535896400364e-07,8.643630545272061464e-04,2.335663087556635528e-02,2.697734659333635675e-03,2.485696535901194041e-07,1.002426527538728319e-05,1.176587114615843671e-02,1.092046879840506597e-05,0.000000000000000000e+00,0.000000000000000000e+00,0.000000000000000000e+00,0.000000000000000000e+00,0.000000000000000000e+00,0.000000000000000000e+00,0.000000000000000000e+00,1.640991551606508635e-04,4.530199773269835369e-04,2.485696535896092256e-07,2.485696535896092256e-07,2.485696535903181392e-07,2.485696535896413599e-07,2.485696535896092256e-07,5.166414361745307136e-04,2.485696535896092256e-07,2.485696535896131961e-07,8.062592251443827902e-08,0.000000000000000000e+00,0.000000000000000000e+00,0.000000000000000000e+00,0.000000000000000000e+00,0.000000000000000000e+00,0.000000000000000000e+00,2.485696535896150490e-07,2.485696535896616887e-07,2.485696535896474480e-07,2.321053060029278862e-03,2.485696535896092256e-07,2.485696535896092256e-07,2.485696535896092256e-07,2.485696535896092256e-07,2.485696535912089003e-07,1.222799838269817384e-02,2.485696535896732295e-07,2.485696535896383953e-07,2.485696535896091197e-07,2.485696535905509674e-07,2.485696535896128784e-07,0.000000000000000000e+00,0.000000000000000000e+00,0.000000000000000000e+00,0.000000000000000000e+00,2.485696535896092256e-07,2.485696535896092256e-07,2.485696535896660298e-07,2.485696535896728590e-07,3.809733277230095694e-03,1.870854260818941017e-03,3.809733277230096561e-03,2.485696535896092256e-07,2.485696535896092256e-07,8.679876493594529234e-05,8.242814705063964895e-03,2.485696535896092256e-07,2.485696535896156313e-07,2.485696535898423714e-07,2.485696535896092256e-07,2.485696535903827784e-07,2.485696535896461774e-07,0.000000000000000000e+00,0.000000000000000000e+00,2.485696535896732295e-07,2.485696535907648432e-07,2.485696535896092256e-07,2.485696535896092256e-07,2.485696535896108138e-07,2.485696535896092256e-07,2.485696535896092256e-07,2.485696535896092256e-07,2.485696535896092256e-07,2.485696535896092256e-07,5.014416945807568388e-03,1.679289135781510047e-04,2.485696535896092256e-07,2.485696535896092256e-07,9.708596449155191231e-04,2.485696535896372836e-07,2.485696535898396715e-07,2.571084984699264012e-02,0.000000000000000000e+00,0.000000000000000000e+00,2.485696535896094374e-07,2.485696535896092256e-07,9.792716658525929888e-04,1.857751250103742424e-02,2.485696535896092256e-07,2.485696535896093315e-07,2.485696535896093315e-07,2.485696535896092256e-07,2.485696535896092256e-07,2.485696535896536419e-07,8.227993752150908682e-03,4.053515582708418566e-03,8.403162387757290297e-03,2.485696535896092256e-07,9.708596449155195568e-04,2.485696535896092256e-07,1.679289135781508692e-04,1.679289135781508692e-04,0.000000000000000000e+00,0.000000000000000000e+00,2.485696535896092256e-07,2.485696535897244221e-07,2.485696535896092256e-07,6.497241514127026496e-03,2.485696535896092256e-07,2.485696535898796938e-07,2.485696535896092256e-07,2.485696535896092256e-07,2.485696535896092256e-07,2.485696535896737589e-07,2.323615057073300308e-02,2.715316875304795916e-02,2.485696535896172724e-07,4.372311568422095236e-03,1.425854869784616997e-03,5.563556234630802518e-03,5.563556234630802518e-03,1.679289135781508692e-04,0.000000000000000000e+00,2.063676831890662983e-04,2.485696535896092256e-07,2.485696535896092256e-07,2.485696535896093315e-07,2.485696535896188606e-07,2.485696535898753528e-07,6.707929713897786868e-03,7.759140785148693764e-03,2.485696535896092256e-07,2.485696535896092256e-07,1.275896746817784672e-02,1.272812445168484225e-03,2.485696535896341072e-07,2.485696535896092256e-07,4.089242646234962988e-03,2.485696535896091197e-07,4.431571663345599079e-04,3.174087868522658873e-04,0.000000000000000000e+00,0.000000000000000000e+00,8.340702267270626497e-05,2.485696535896092256e-07,2.485696535896635945e-07,2.485696535896146254e-07,2.485696535896097021e-07,2.485696535896092256e-07,6.707929713897787735e-03,2.823654130710128232e-02,1.522261820036385251e-02,2.485696535896329955e-07,2.034128069825854104e-02,9.107365257183842877e-04,2.147115121792987635e-02,2.485696535896092256e-07,2.083608600090944285e-02,2.415848520180931866e-04,6.940150110807996424e-03,4.096593671660301965e-03,0.000000000000000000e+00,4.810574876791174790e-04,2.485696535896160548e-07,2.485696535896092256e-07,2.485696535896658180e-07,2.485696535896124020e-07,2.485696535897521624e-07,2.485696535896092256e-07,3.966520659654987173e-03,2.881004461251117713e-02,5.563556234630802518e-03,1.644590532561624949e-02,2.445171047204853024e-02,4.304510928069239621e-03,2.485696535896502008e-07,9.768854676938843080e-04,2.485696535896093315e-07,2.360129328209980074e-02,1.053065154473359355e-02,7.944061060254581363e-03,0.000000000000000000e+00,7.436630647434791172e-03,1.115616097040695795e-02,2.485696535896092256e-07,3.492129648623161324e-03,4.810574876791174790e-04,2.485696535896384482e-07,2.485696535896092256e-07,1.681161803219009473e-02,5.563556234630802518e-03,1.390446255319099066e-02,1.390446255319099066e-02,4.577270600091624952e-02,4.304510928069239621e-03,4.785319846094768584e-03,1.454576983204148048e-03,2.435096553425612417e-02,1.267452317801811244e-02,6.951070579606402101e-03,0.000000000000000000e+00,0.000000000000000000e+00,7.038561325018214201e-03,2.485696535896092256e-07,2.485696535896106550e-07,2.485696535896400364e-07,2.485696535896092256e-07,2.485696535896092256e-07,2.484052067413706176e-03,2.485696535896092256e-07,2.485696535897298749e-07,3.239901085590884532e-03,1.714540054220118140e-02,3.942768982242914749e-03,6.581480921152162156e-03,4.810574876791181296e-04,1.438140083661340954e-02,1.790111384325551031e-02,4.525426175210893356e-04,2.230474648457235259e-04,0.000000000000000000e+00,0.000000000000000000e+00,3.401700493160167340e-03,2.231835289201678847e-05,2.485696535896108138e-07,2.485696535896131961e-07,2.485696535896725413e-07,2.485696535896208723e-07,2.485696535896678297e-07,2.485696535896200253e-07,2.485696535896678297e-07,2.485696535898532240e-07,2.485696535899827671e-07,2.485696535898705882e-07,2.485696535896961524e-07,4.525426175210897693e-04,7.186284510592447911e-03,3.097723088941397793e-03,3.546144187774749812e-05,0.000000000000000000e+00,0.000000000000000000e+00,0.000000000000000000e+00,3.852974006221268621e-03,2.485696535898573533e-07,2.485696535898415773e-07,2.485696535896092256e-07,2.485696535896164783e-07,2.485696535896092256e-07,2.485696535896114491e-07,2.485696535896484538e-07,2.112927622158406512e-03,2.485696535898010786e-07,2.485696535901592147e-07,2.485696535896164783e-07,3.000085001098442943e-03,2.485696535897880025e-07,3.165576323658171251e-03,3.546144187774745747e-05,3.546144187774748457e-05,0.000000000000000000e+00,0.000000000000000000e+00,0.000000000000000000e+00,4.185406053187419768e-03,2.485696535896224605e-07,2.485696535899271277e-07,2.485696535896577712e-07,2.485696535896660298e-07,2.485696535896092256e-07,2.485696535896180665e-07,3.426099321662059993e-03,2.485696535896095962e-07,1.343609265778740978e-02,3.146204426558568516e-03,1.919367691796138725e-02,2.715913084498410013e-02,4.178044375758535080e-04,6.447584522113794167e-03,6.470380143358220662e-03,2.485696535896161077e-07,0.000000000000000000e+00,0.000000000000000000e+00,0.000000000000000000e+00,2.485696535896092256e-07,2.485696535899364980e-07,2.485696535896092256e-07,2.485696535896092256e-07,2.485696535896092256e-07,2.485696535896253192e-07,2.485696535896146254e-07,2.485696535896635945e-07,1.065555480132005309e-02,1.065555480132005309e-02,6.831056488112491679e-03,4.765844832023032052e-03,1.306922272870554916e-02,9.708596449155191231e-04,2.485696535897002287e-07,2.485696535909008450e-07,0.000000000000000000e+00,0.000000000000000000e+00,0.000000000000000000e+00,0.000000000000000000e+00,4.173297452969316210e-04,2.485696535896092256e-07,2.485696535896092256e-07,2.485696535896092256e-07,5.700696791464762540e-03,2.485696535896950406e-07,2.485696535896208194e-07,4.515220827146921830e-04,4.124491109113146564e-03,2.485696535896241546e-07,2.485696535897688384e-07,9.708596449155191231e-04,9.708596449155191231e-04,2.485696535896686238e-07,2.485696535896326249e-07,0.000000000000000000e+00,0.000000000000000000e+00,0.000000000000000000e+00,0.000000000000000000e+00,0.000000000000000000e+00,4.173297452969316210e-04,8.642861147213551896e-05,2.485696535896386071e-07,2.485696535896463892e-07,2.485696535896557595e-07,5.908059649831933283e-03,7.626817813728823184e-03,1.636096448984190794e-06,2.094444125127426697e-04,2.485696535897493566e-07,2.485696535898396715e-07,9.708596449155191231e-04,0.000000000000000000e+00,0.000000000000000000e+00,0.000000000000000000e+00,0.000000000000000000e+00,0.000000000000000000e+00,0.000000000000000000e+00,0.000000000000000000e+00,0.000000000000000000e+00,4.173297452969314584e-04,2.485696535896092256e-07,2.485696535896463892e-07,2.485696535896092256e-07,2.044325783051665138e-02,7.265484709333578858e-03,1.636096448982338545e-06,2.485696535896160548e-07,2.485696535896470774e-07,2.485696535896674591e-07,0.000000000000000000e+00,0.000000000000000000e+00,0.000000000000000000e+00,0.000000000000000000e+00,0.000000000000000000e+00,0.000000000000000000e+00,0.000000000000000000e+00,0.000000000000000000e+00,0.000000000000000000e+00,0.000000000000000000e+00,1.172591410515650074e-03,2.485696535896239957e-07,2.572966351653475277e-05,1.747430088925095229e-02,2.572966351653518984e-05,1.871264135440564179e-04,2.303980613147521431e-04,0.000000000000000000e+00,0.000000000000000000e+00,0.000000000000000000e+00,0.000000000000000000e+00,0.000000000000000000e+00,0.000000000000000000e+00,0.000000000000000000e+00,0.000000000000000000e+00,0.000000000000000000e+00,0.000000000000000000e+00,0.000000000000000000e+00,0.000000000000000000e+00,0.000000000000000000e+00
0.000000000000000000e+00,0.000000000000000000e+00,0.000000000000000000e+00,0.000000000000000000e+00,0.000000000000000000e+00,0.000000000000000000e+00,0.000000000000000000e+00,0.000000000000000000e+00,0.000000000000000000e+00,5.762545188570480405e-04,2.291584197455014084e-04,0.000000000000000000e+00,0.000000000000000000e+00,0.000000000000000000e+00,0.000000000000000000e+00,0.000000000000000000e+00,0.000000000000000000e+00,0.000000000000000000e+00,1.722034381294518940e-02,6.657392892836795639e-03,0.000000000000000000e+00,0.000000000000000000e+00,0.000000000000000000e+00,0.000000000000000000e+00,0.000000000000000000e+00,0.000000000000000000e+00,0.000000000000000000e+00,1.732642202459328548e-03,5.762545188570485826e-04,4.129764719736865770e-03,0.000000000000000000e+00,0.000000000000000000e+00,0.000000000000000000e+00,0.000000000000000000e+00,0.000000000000000000e+00,0.000000000000000000e+00,0.000000000000000000e+00,0.000000000000000000e+00,0.000000000000000000e+00,0.000000000000000000e+00,0.000000000000000000e+00,0.000000000000000000e+00,0.000000000000000000e+00,0.000000000000000000e+00,0.000000000000000000e+00,0.000000000000000000e+00,0.000000000000000000e+00,0.000000000000000000e+00,0.000000000000000000e+00,0.000000000000000000e+00,0.000000000000000000e+00,0.000000000000000000e+00,0.000000000000000000e+00,0.000000000000000000e+00,0.000000000000000000e+00,0.000000000000000000e+00,0.000000000000000000e+00,0.000000000000000000e+00,4.900278950189722142e-04,0.000000000000000000e+00,0.000000000000000000e+00,0.000000000000000000e+00,0.000000000000000000e+00,3.326648998882777031e-04,0.000000000000000000e+00,0.000000000000000000e+00,3.017971876649156848e-03,0.000000000000000000e+00,0.000000000000000000e+00,0.000000000000000000e+00,0.000000000000000000e+00,0.000000000000000000e+00,0.000000000000000000e+00,0.000000000000000000e+00,2.874371127668241352e-21,0.000000000000000000e+00,0.000000000000000000e+00,0.000000000000000000e+00,0.000000000000000000e+00,0.000000000000000000e+00,0.000000000000000000e+00,0.000000000000000000e+00,0.000000000000000000e+00,3.439113388592239702e-03,0.000000000000000000e+00,0.000000000000000000e+00,0.000000000000000000e+00,6.906513311446267189e-04,2.846846742749666037e-02,0.000000000000000000e+00,0.000000000000000000e+00,3.729574847954829331e-04,0.000000000000000000e+00,0.000000000000000000e+00,0.000000000000000000e+00,0.000000000000000000e+00,0.000000000000000000e+00,0.000000000000000000e+00,0.000000000000000000e+00,3.250917209707308853e-02,0.000000000000000000e+00,0.000000000000000000e+00,0.000000000000000000e+00,0.000000000000000000e+00,1.246029395162371635e-03,1.827013717436815066e-02,0.000000000000000000e+00,0.000000000000000000e+00,0.000000000000000000e+00,0.000000000000000000e+00,0.000000000000000000e+00,0.000000000000000000e+00,0.000000000000000000e+00,5.158703471160706530e-03,1.069461758667746877e-02,0.000000000000000000e+00,0.000000000000000000e+00,0.000000000000000000e+00,0.000000000000000000e+00,0.000000000000000000e+00,0.000000000000000000e+00,0.000000000000000000e+00,0.000000000000000000e+00,0.000000000000000000e+00,0.000000000000000000e+00,0.000000000000000000e+00,0.000000000000000000e+00,3.442665623560450867e-19,0.000000000000000000e+00,3.816481995604942973e-02,3.786882652841601360e-02,7.643611246373797311e-05,2.939955858043224318e-02,3.455826205159294451e-02,0.000000000000000000e+00,0.000000000000000000e+00,6.843114943378793887e-04,7.080573391789201504e-03,7.080573391789201504e-03,0.000000000000000000e+00,0.000000000000000000e+00,3.107008121158565030e-03,0.000000000000000000e+00,0.000000000000000000e+00,0.000000000000000000e+00,0.000000000000000000e+00,3.560932903211090628e-02,8.537048729038095723e-03,9.874953728811980067e-03,0.000000000000000000e+00,5.073014396930096252e-03,1.050330699800849574e-02,0.000000000000000000e+00,0.000000000000000000e+00,0.000000000000000000e+00,0.000000000000000000e+00,0.000000000000000000e+00,0.000000000000000000e+00,0.000000000000000000e+00,0.000000000000000000e+00,0.000000000000000000e+00,2.078444390190053781e-05,0.000000000000000000e+00,2.050838470254243498e-02,0.000000000000000000e+00,3.849012454033404803e-03,0.000000000000000000e+00,1.445836475047876032e-02,3.593709984766080973e-02,1.937392498454039436e-02,0.000000000000000000e+00,2.269948954497472485e-02,4.188373985974301779e-03,3.035617450333446057e-02,0.000000000000000000e+00,2.651833854887116620e-02,3.071552684639145469e-04,0.000000000000000000e+00,2.568604026338056675e-04,0.000000000000000000e+00,3.117428695652153499e-04,0.000000000000000000e+00,0.000000000000000000e+00,0.000000000000000000e+00,6.246027753939059103e-04,0.000000000000000000e+00,1.505518047954162086e-03,1.028255402772209649e-02,3.666701314545521562e-02,7.080573391789201504e-03,0.000000000000000000e+00,2.564189032870099055e-02,0.000000000000000000e+00,2.318453065354700218e-03,0.000000000000000000e+00,0.000000000000000000e+00,5.311043090300730102e-02,4.565707279874598769e-03,2.815756134505457685e-19,0.000000000000000000e+00,8.978163023343168486e-03,6.292500882221709231e-03,0.000000000000000000e+00,3.739335492193160242e-03,0.000000000000000000e+00,0.000000000000000000e+00,5.234571367720302487e-03,5.925222698864929423e-03,7.080573391789201504e-03,0.000000000000000000e+00,0.000000000000000000e+00,4.055958256983226845e-02,0.000000000000000000e+00,0.000000000000000000e+00,0.000000000000000000e+00,8.784549122195804693e-03,3.592107190167612152e-02,8.581680856172936101e-04,0.000000000000000000e+00,0.000000000000000000e+00,1.087376069513295782e-02,0.000000000000000000e+00,0.000000000000000000e+00,0.000000000000000000e+00,0.000000000000000000e+00,0.000000000000000000e+00,3.161204451694703266e-03,5.925222698864929423e-03,0.000000000000000000e+00,0.000000000000000000e+00,1.827013717436815066e-02,5.017753252386427526e-03,9.023532094402514359e-03,0.000000000000000000e+00,9.067879316220531574e-03,3.529425959626516802e-03,8.425734567476515259e-04,2.835622302445349246e-04,0.000000000000000000e+00,0.000000000000000000e+00,0.000000000000000000e+00,0.000000000000000000e+00,0.000000000000000000e+00,0.000000000000000000e+00,8.062383749638444097e-20,0.000000000000000000e+00,0.000000000000000000e+00,0.000000000000000000e+00,0.000000000000000000e+00,0.000000000000000000e+00,0.000000000000000000e+00,4.003940604060497797e-04,0.000000000000000000e+00,5.308305871824371518e-04,5.308305871824365012e-04,5.308305871824366097e-04,4.356209464563074453e-19,0.000000000000000000e+00,0.000000000000000000e+00,0.000000000000000000e+00,0.000000000000000000e+00,0.000000000000000000e+00,0.000000000000000000e+00,0.000000000000000000e+00,0.000000000000000000e+00,0.000000000000000000e+00,0.000000000000000000e+00,0.000000000000000000e+00,2.688864248642500697e-03,0.000000000000000000e+00,0.000000000000000000e+00,3.439113388592239702e-03,7.568829898178187215e-03,0.000000000000000000e+00,0.000000000000000000e+00,0.000000000000000000e+00,0.000000000000000000e+00,0.000000000000000000e+00,0.000000000000000000e+00,0.000000000000000000e+00,4.752215962419849282e-03,0.000000000000000000e+00,1.064872775037695393e-19,0.000000000000000000e+00,0.000000000000000000e+00,0.000000000000000000e+00,0.000000000000000000e+00,4.360173684374428829e-03,0.000000000000000000e+00,1.710016520307946000e-02,0.000000000000000000e+00,2.442799971602818004e-02,2.442799971602818004e-02,0.000000000000000000e+00,0.000000000000000000e+00,0.000000000000000000e+00,0.000000000000000000e+00,0.000000000000000000e+00,0.000000000000000000e+00,0.000000000000000000e+00,0.000000000000000000e+00,0.000000000000000000e+00,0.000000000000000000e+00,0.000000000000000000e+00,0.000000000000000000e+00,0.000000000000000000e+00,0.000000000000000000e+00,0.000000000000000000e+00,0.000000000000000000e+00,0.000000000000000000e+00,0.000000000000000000e+00,0.000000000000000000e+00,0.000000000000000000e+00,0.000000000000000000e+00,0.000000000000000000e+00,0.000000000000000000e+00,0.000000000000000000e+00,0.000000000000000000e+00,0.000000000000000000e+00,0.000000000000000000e+00,5.308305871824368265e-04,0.000000000000000000e+00,0.000000000000000000e+00,0.000000000000000000e+00,0.000000000000000000e+00,0.000000000000000000e+00,0.000000000000000000e+00,0.000000000000000000e+00,0.000000000000000000e+00,0.000000000000000000e+00,1.710944629363137723e-19,0.000000000000000000e+00,4.374994106039942894e-21,0.000000000000000000e+00,0.000000000000000000e+00,0.000000000000000000e+00,0.000000000000000000e+00,0.000000000000000000e+00,0.000000000000000000e+00,0.000000000000000000e+00,5.308305871824369349e-04,1.096836895872405678e-04,0.000000000000000000e+00,0.000000000000000000e+00,0.000000000000000000e+00,0.000000000000000000e+00,4.565707279874598769e-03,0.000000000000000000e+00,0.000000000000000000e+00,0.000000000000000000e+00,0.000000000000000000e+00,0.000000000000000000e+00,0.000000000000000000e+00,0.000000000000000000e+00,0.000000000000000000e+00,0.000000000000000000e+00,0.000000000000000000e+00,0.000000000000000000e+00,0.000000000000000000e+00,0.000000000000000000e+00,5.308305871824366097e-04,0.000000000000000000e+00,0.000000000000000000e+00,0.000000000000000000e+00,0.000000000000000000e+00,0.000000000000000000e+00,0.000000000000000000e+00,0.000000000000000000e+00,0.000000000000000000e+00,0.000000000000000000e+00,0.000000000000000000e+00,0.000000000000000000e+00,0.000000000000000000e+00,0.000000000000000000e+00,0.000000000000000000e+00,0.000000000000000000e+00,0.000000000000000000e+00,0.000000000000000000e+00,0.000000000000000000e+00,0.000000000000000000e+00,0.000000000000000000e+00,0.000000000000000000e+00,2.173204965537064939e-21,0.000000000000000000e+00,0.000000000000000000e+00,0.000000000000000000e+00,0.000000000000000000e+00,0.000000000000000000e+00,0.000000000000000000e+00,0.000000000000000000e+00,0.000000000000000000e+00,0.000000000000000000e+00,0.000000000000000000e+00,0.000000000000000000e+00,0.000000000000000000e+00,0.000000000000000000e+00,0.000000000000000000e+00,0.000000000000000000e+00,0.000000000000000000e+00,0.000000000000000000e+00
0.000000000000000000e+00,0.000000000000000000e+00,0.000000000000000000e+00,0.000000000000000000e+00,0.000000000000000000e+00,0.000000000000000000e+00,0.000000000000000000e+00,0.000000000000000000e+00,0.000000000000000000e+00,1.240969891215050512e-03,0.000000000000000000e+00,0.000000000000000000e+00,0.000000000000000000e+00,0.000000000000000000e+00,0.000000000000000000e+00,0.000000000000000000e+00,0.000000000000000000e+00,3.599455681984068469e-05,6.250111635846313136e-03,1.715500485268594069e-02,0.000000000000000000e+00,0.000000000000000000e+00,0.000000000000000000e+00,0.000000000000000000e+00,0.000000000000000000e+00,0.000000000000000000e+00,0.000000000000000000e+00,4.694507551447636359e-03,2.312607476926257545e-03,1.061939499360911934e-02,0.000000000000000000e+00,1.551133273083594367e-23,0.000000000000000000e+00,0.000000000000000000e+00,0.000000000000000000e+00,0.000000000000000000e+00,0.000000000000000000e+00,0.000000000000000000e+00,0.000000000000000000e+00,2.420600957306441332e-03,0.000000000000000000e+00,0.000000000000000000e+00,0.000000000000000000e+00,0.000000000000000000e+00,7.982269547373852780e-06,0.000000000000000000e+00,0.000000000000000000e+00,0.000000000000000000e+00,0.000000000000000000e+00,0.000000000000000000e+00,1.689899339331827408e-20,0.000000000000000000e+00,0.000000000000000000e+00,0.000000000000000000e+00,0.000000000000000000e+00,0.000000000000000000e+00,0.000000000000000000e+00,0.000000000000000000e+00,1.260071730048790061e-03,5.671461310857929475e-06,0.000000000000000000e+00,0.000000000000000000e+00,0.000000000000000000e+00,8.606196377801698981e-04,0.000000000000000000e+00,0.000000000000000000e+00,7.760499111383571333e-03,0.000000000000000000e+00,0.000000000000000000e+00,0.000000000000000000e+00,0.000000000000000000e+00,0.000000000000000000e+00,0.000000000000000000e+00,0.000000000000000000e+00,7.391240042575502911e-21,0.000000000000000000e+00,0.000000000000000000e+00,0.000000000000000000e+00,0.000000000000000000e+00,2.849670228412464394e-06,0.000000000000000000e+00,0.000000000000000000e+00,5.242553637267674885e-03,8.843434427808645124e-03,0.000000000000000000e+00,0.000000000000000000e+00,0.000000000000000000e+00,1.775960565800474653e-03,7.320463052784878522e-02,0.000000000000000000e+00,0.000000000000000000e+00,9.590335323312450342e-04,0.000000000000000000e+00,0.000000000000000000e+00,0.000000000000000000e+00,0.000000000000000000e+00,0.000000000000000000e+00,0.000000000000000000e+00,0.000000000000000000e+00,2.849670228412464394e-06,0.000000000000000000e+00,0.000000000000000000e+00,2.475500674044974186e-03,0.000000000000000000e+00,1.015830214071600191e-03,9.880955864820281220e-04,0.000000000000000000e+00,0.000000000000000000e+00,0.000000000000000000e+00,0.000000000000000000e+00,0.000000000000000000e+00,0.000000000000000000e+00,0.000000000000000000e+00,0.000000000000000000e+00,0.000000000000000000e+00,3.274627579290263395e-22,0.000000000000000000e+00,0.000000000000000000e+00,8.019145773485724198e-07,2.849670228412464394e-06,0.000000000000000000e+00,0.000000000000000000e+00,0.000000000000000000e+00,7.364830610722170696e-05,2.695902856418074499e-03,0.000000000000000000e+00,0.000000000000000000e+00,5.515277895451628498e-03,5.632284802584209583e-03,9.813810845841312858e-02,9.742006151143289827e-02,1.965500034781840293e-04,0.000000000000000000e+00,0.000000000000000000e+00,0.000000000000000000e+00,5.768530811060259764e-03,7.755666365418103782e-23,0.000000000000000000e+00,0.000000000000000000e+00,4.327205838979584032e-04,0.000000000000000000e+00,7.997431723955139918e-03,0.000000000000000000e+00,0.000000000000000000e+00,3.396574310607385593e-03,0.000000000000000000e+00,9.156684608257120717e-02,5.131977219022180840e-03,0.000000000000000000e+00,1.713384018764311807e-03,1.685223437820919032e-02,1.714183866327543410e-02,7.755666365417973302e-23,0.000000000000000000e+00,5.724115887837426947e-03,0.000000000000000000e+00,0.000000000000000000e+00,0.000000000000000000e+00,2.849670228412464394e-06,0.000000000000000000e+00,0.000000000000000000e+00,5.344571289060156589e-05,0.000000000000000000e+00,5.273584637796643881e-02,3.452806907648993395e-03,9.897460596085932635e-03,0.000000000000000000e+00,2.348342959173358932e-02,7.120552659609397962e-03,9.951013692900884111e-03,6.257486034763455607e-03,8.551451726831173217e-03,1.161577346205969891e-02,7.790325770059542895e-03,0.000000000000000000e+00,0.000000000000000000e+00,0.000000000000000000e+00,0.000000000000000000e+00,7.633623322955865147e-04,0.000000000000000000e+00,8.016245217391279425e-04,0.000000000000000000e+00,0.000000000000000000e+00,3.132588295349182130e-03,4.059102789648660892e-03,0.000000000000000000e+00,6.333731167086904638e-03,1.348104566177974264e-02,6.769531584771419945e-04,0.000000000000000000e+00,0.000000000000000000e+00,0.000000000000000000e+00,0.000000000000000000e+00,5.961736453769249204e-03,0.000000000000000000e+00,0.000000000000000000e+00,5.932989676959737890e-02,4.039806599561904092e-04,7.240515774442629551e-19,0.000000000000000000e+00,0.000000000000000000e+00,1.763353729397637831e-03,0.000000000000000000e+00,4.353170858890459578e-03,0.000000000000000000e+00,0.000000000000000000e+00,1.346578478037722786e-02,1.524174534617770208e-02,5.736459776096491719e-04,0.000000000000000000e+00,0.000000000000000000e+00,5.581158859210478065e-03,0.000000000000000000e+00,0.000000000000000000e+00,5.475773592608392231e-04,0.000000000000000000e+00,9.236847060431033207e-02,2.206717934444476191e-03,0.000000000000000000e+00,0.000000000000000000e+00,1.605864529880648636e-02,1.473645968233400130e-03,3.309210208344343877e-03,0.000000000000000000e+00,0.000000000000000000e+00,0.000000000000000000e+00,0.000000000000000000e+00,1.523628693993843951e-02,0.000000000000000000e+00,0.000000000000000000e+00,0.000000000000000000e+00,0.000000000000000000e+00,1.664789637844844936e-03,1.435966993046489224e-04,2.928022246936109324e-03,8.826832004639306034e-03,8.016245217391272920e-04,0.000000000000000000e+00,0.000000000000000000e+00,0.000000000000000000e+00,3.110974837470427824e-04,0.000000000000000000e+00,0.000000000000000000e+00,0.000000000000000000e+00,0.000000000000000000e+00,0.000000000000000000e+00,0.000000000000000000e+00,0.000000000000000000e+00,0.000000000000000000e+00,0.000000000000000000e+00,0.000000000000000000e+00,1.029584726758417173e-03,1.128693473639073316e-20,1.799366035701427217e-03,9.379367771887783448e-20,4.866077584802770021e-22,1.324967011439164913e-18,0.000000000000000000e+00,0.000000000000000000e+00,0.000000000000000000e+00,0.000000000000000000e+00,0.000000000000000000e+00,0.000000000000000000e+00,0.000000000000000000e+00,0.000000000000000000e+00,0.000000000000000000e+00,0.000000000000000000e+00,0.000000000000000000e+00,0.000000000000000000e+00,0.000000000000000000e+00,0.000000000000000000e+00,8.843434427808645124e-03,9.645058949547770030e-03,0.000000000000000000e+00,0.000000000000000000e+00,3.487270671676335478e-20,1.269161207621940338e-21,0.000000000000000000e+00,0.000000000000000000e+00,0.000000000000000000e+00,6.443786705216776806e-05,0.000000000000000000e+00,0.000000000000000000e+00,0.000000000000000000e+00,0.000000000000000000e+00,0.000000000000000000e+00,0.000000000000000000e+00,0.000000000000000000e+00,0.000000000000000000e+00,0.000000000000000000e+00,0.000000000000000000e+00,0.000000000000000000e+00,0.000000000000000000e+00,0.000000000000000000e+00,0.000000000000000000e+00,0.000000000000000000e+00,0.000000000000000000e+00,0.000000000000000000e+00,0.000000000000000000e+00,0.000000000000000000e+00,4.039806599561904092e-04,1.113366666333293276e-04,0.000000000000000000e+00,0.000000000000000000e+00,0.000000000000000000e+00,0.000000000000000000e+00,0.000000000000000000e+00,0.000000000000000000e+00,0.000000000000000000e+00,0.000000000000000000e+00,0.000000000000000000e+00,9.075108491669147913e-07,9.734347878699809711e-04,2.336061053232100864e-04,0.000000000000000000e+00,0.000000000000000000e+00,0.000000000000000000e+00,0.000000000000000000e+00,0.000000000000000000e+00,0.000000000000000000e+00,1.782611571244741911e-04,0.000000000000000000e+00,0.000000000000000000e+00,0.000000000000000000e+00,0.000000000000000000e+00,0.000000000000000000e+00,0.000000000000000000e+00,0.000000000000000000e+00,0.000000000000000000e+00,0.000000000000000000e+00,2.172086752691910867e-06,2.172086752691912561e-06,2.786597634384152880e-03,9.820077440044511653e-04,0.000000000000000000e+00,0.000000000000000000e+00,0.000000000000000000e+00,0.000000000000000000e+00,0.000000000000000000e+00,0.000000000000000000e+00,0.000000000000000000e+00,0.000000000000000000e+00,0.000000000000000000e+00,0.000000000000000000e+00,0.000000000000000000e+00,0.000000000000000000e+00,0.000000000000000000e+00,0.000000000000000000e+00,0.000000000000000000e+00,2.172086752691913832e-06,2.172086752691913832e-06,2.172086752691914255e-06,0.000000000000000000e+00,0.000000000000000000e+00,0.000000000000000000e+00,0.000000000000000000e+00,0.000000000000000000e+00,0.000000000000000000e+00,0.000000000000000000e+00,0.000000000000000000e+00,4.692631109458540625e-05,0.000000000000000000e+00,0.000000000000000000e+00,0.000000000000000000e+00,0.000000000000000000e+00,0.000000000000000000e+00,0.000000000000000000e+00,4.991061959384792182e-22,0.000000000000000000e+00,2.172086752692036228e-06,0.000000000000000000e+00,0.000000000000000000e+00,0.000000000000000000e+00,0.000000000000000000e+00,0.000000000000000000e+00,0.000000000000000000e+00,0.000000000000000000e+00,0.000000000000000000e+00,0.000000000000000000e+00,0.000000000000000000e+00,2.852794203100454933e-03,6.481598613172066977e-05,5.588241339952471187e-21,0.000000000000000000e+00,0.000000000000000000e+00,0.000000000000000000e+00,0.000000000000000000e+00,0.000000000000000000e+00,0.000000000000000000e+00,0.000000000000000000e+00,0.000000000000000000e+00,0.000000000000000000e+00,0.000000000000000000e+00,0.000000000000000000e+00,0.000000000000000000e+00,0.000000000000000000e+00,0.000000000000000000e+00,0.000000000000000000e+00,0.000000000000000000e+00,0.000000000000000000e+00
0.000000000000000000e+00,0.000000000000000000e+00,0.000000000000000000e+00,0.000000000000000000e+00,0.000000000000000000e+00,0.000000000000000000e+00,0.000000000000000000e+00,0.000000000000000000e+00,0.000000000000000000e+00,8.273132608100362481e-03,0.000000000000000000e+00,0.000000000000000000e+00,0.000000000000000000e+00,0.000000000000000000e+00,0.000000000000000000e+00,0.000000000000000000e+00,0.000000000000000000e+00,2.399637121322719540e-04,3.255953468455230568e-03,1.191019839680382275e-03,0.000000000000000000e+00,0.000000000000000000e+00,0.000000000000000000e+00,0.000000000000000000e+00,0.000000000000000000e+00,0.000000000000000000e+00,0.000000000000000000e+00,5.386930417904133885e-03,1.541738317950842874e-02,5.899663885338378433e-04,0.000000000000000000e+00,1.034088848722399457e-22,0.000000000000000000e+00,0.000000000000000000e+00,0.000000000000000000e+00,0.000000000000000000e+00,0.000000000000000000e+00,0.000000000000000000e+00,0.000000000000000000e+00,1.613733971537632469e-02,0.000000000000000000e+00,0.000000000000000000e+00,0.000000000000000000e+00,0.000000000000000000e+00,5.321513031582585009e-05,0.000000000000000000e+00,0.000000000000000000e+00,0.000000000000000000e+00,0.000000000000000000e+00,0.000000000000000000e+00,1.126599559554554976e-19,0.000000000000000000e+00,0.000000000000000000e+00,0.000000000000000000e+00,0.000000000000000000e+00,0.000000000000000000e+00,0.000000000000000000e+00,0.000000000000000000e+00,7.000398500271037827e-05,3.780974207238631057e-05,0.000000000000000000e+00,0.000000000000000000e+00,0.000000000000000000e+00,8.216095376705953839e-05,0.000000000000000000e+00,0.000000000000000000e+00,4.311388395213076874e-04,0.000000000000000000e+00,0.000000000000000000e+00,0.000000000000000000e+00,0.000000000000000000e+00,0.000000000000000000e+00,0.000000000000000000e+00,0.000000000000000000e+00,4.106244468097486571e-22,0.000000000000000000e+00,0.000000000000000000e+00,0.000000000000000000e+00,0.000000000000000000e+00,1.899780152274982135e-05,0.000000000000000000e+00,0.000000000000000000e+00,3.495035758178460794e-02,4.913019126560336236e-04,0.000000000000000000e+00,0.000000000000000000e+00,0.000000000000000000e+00,9.866447587780378600e-05,4.066923918213796729e-03,0.000000000000000000e+00,0.000000000000000000e+00,5.327964068506884331e-05,0.000000000000000000e+00,0.000000000000000000e+00,0.000000000000000000e+00,0.000000000000000000e+00,0.000000000000000000e+00,0.000000000000000000e+00,0.000000000000000000e+00,1.899780152274982135e-05,0.000000000000000000e+00,0.000000000000000000e+00,1.650333782696654372e-02,0.000000000000000000e+00,6.772201427144021804e-03,6.587303909880207718e-03,0.000000000000000000e+00,0.000000000000000000e+00,0.000000000000000000e+00,0.000000000000000000e+00,0.000000000000000000e+00,0.000000000000000000e+00,0.000000000000000000e+00,0.000000000000000000e+00,0.000000000000000000e+00,2.183085052860182493e-21,0.000000000000000000e+00,0.000000000000000000e+00,5.346097182323832226e-06,1.899780152274982135e-05,0.000000000000000000e+00,0.000000000000000000e+00,0.000000000000000000e+00,4.909887073814794920e-04,1.797268570945388319e-02,0.000000000000000000e+00,0.000000000000000000e+00,3.676851930301096999e-02,3.754856535056150940e-02,5.452117136578477075e-03,5.697025759811596979e-03,1.091944463767685137e-05,0.000000000000000000e+00,0.000000000000000000e+00,0.000000000000000000e+00,3.845687207373518074e-02,5.170444243612084391e-22,0.000000000000000000e+00,0.000000000000000000e+00,2.884803892653064767e-03,0.000000000000000000e+00,4.970734333384803361e-04,0.000000000000000000e+00,0.000000000000000000e+00,2.264382873738263885e-02,0.000000000000000000e+00,5.087047004587272325e-03,3.421318146014797057e-02,0.000000000000000000e+00,1.142256012509544616e-02,2.610698444024942347e-02,3.458466023042693765e-02,5.170444243611997875e-22,0.000000000000000000e+00,3.816077258558296659e-02,0.000000000000000000e+00,0.000000000000000000e+00,0.000000000000000000e+00,1.899780152274982135e-05,0.000000000000000000e+00,0.000000000000000000e+00,2.969206271700076830e-06,0.000000000000000000e+00,2.929769243220345376e-03,2.301871271766002536e-02,5.498589220047731679e-04,0.000000000000000000e+00,5.589382491373243861e-02,4.747035106406279764e-02,6.634009128600608374e-02,4.171657356508982895e-02,4.750806514906176503e-04,2.593578048944887582e-02,4.327958761144168331e-04,0.000000000000000000e+00,0.000000000000000000e+00,0.000000000000000000e+00,0.000000000000000000e+00,7.224553705292012821e-04,0.000000000000000000e+00,4.453469565217371435e-05,0.000000000000000000e+00,0.000000000000000000e+00,2.088392196899460998e-02,1.644243808262801920e-02,0.000000000000000000e+00,1.663106763202523708e-02,8.859244939528384405e-04,4.513021056514293985e-03,0.000000000000000000e+00,0.000000000000000000e+00,0.000000000000000000e+00,0.000000000000000000e+00,3.312075807649569881e-04,0.000000000000000000e+00,0.000000000000000000e+00,3.296105376088737104e-03,2.693204399707944084e-03,4.022508763579220450e-20,0.000000000000000000e+00,0.000000000000000000e+00,1.175569152931762139e-02,0.000000000000000000e+00,2.902113905926981610e-02,0.000000000000000000e+00,0.000000000000000000e+00,7.841852846027438928e-04,8.828497604805481125e-04,3.824306517397672855e-03,0.000000000000000000e+00,0.000000000000000000e+00,3.720772572806996248e-02,0.000000000000000000e+00,0.000000000000000000e+00,3.650515728405606241e-03,0.000000000000000000e+00,5.131581700239445931e-03,1.225954408024701285e-04,0.000000000000000000e+00,0.000000000000000000e+00,8.921469610448026777e-04,9.824306454889363688e-03,2.206140138896236016e-02,0.000000000000000000e+00,0.000000000000000000e+00,0.000000000000000000e+00,0.000000000000000000e+00,8.464603855521321552e-04,0.000000000000000000e+00,0.000000000000000000e+00,0.000000000000000000e+00,0.000000000000000000e+00,9.248831321360213506e-05,9.573113286976622652e-04,1.952014831290745447e-02,7.869425366045850953e-03,4.453469565217447329e-05,0.000000000000000000e+00,0.000000000000000000e+00,0.000000000000000000e+00,2.073983224980291504e-03,0.000000000000000000e+00,0.000000000000000000e+00,0.000000000000000000e+00,0.000000000000000000e+00,0.000000000000000000e+00,0.000000000000000000e+00,0.000000000000000000e+00,0.000000000000000000e+00,0.000000000000000000e+00,0.000000000000000000e+00,5.719915148657910529e-05,7.524623157593845175e-20,1.199577357134288570e-02,6.252911847925207743e-19,3.244051723201856586e-21,1.427557319837185223e-18,0.000000000000000000e+00,0.000000000000000000e+00,0.000000000000000000e+00,0.000000000000000000e+00,0.000000000000000000e+00,0.000000000000000000e+00,0.000000000000000000e+00,0.000000000000000000e+00,0.000000000000000000e+00,0.000000000000000000e+00,0.000000000000000000e+00,0.000000000000000000e+00,0.000000000000000000e+00,0.000000000000000000e+00,4.913019126560336236e-04,5.358366083082072295e-04,0.000000000000000000e+00,0.000000000000000000e+00,2.324847114450897220e-19,8.461074717479628581e-21,0.000000000000000000e+00,0.000000000000000000e+00,0.000000000000000000e+00,4.295857803477864034e-04,0.000000000000000000e+00,0.000000000000000000e+00,0.000000000000000000e+00,0.000000000000000000e+00,0.000000000000000000e+00,0.000000000000000000e+00,0.000000000000000000e+00,0.000000000000000000e+00,0.000000000000000000e+00,0.000000000000000000e+00,0.000000000000000000e+00,0.000000000000000000e+00,0.000000000000000000e+00,0.000000000000000000e+00,0.000000000000000000e+00,0.000000000000000000e+00,0.000000000000000000e+00,0.000000000000000000e+00,0.000000000000000000e+00,2.693204399707944084e-03,7.422444442221977400e-04,0.000000000000000000e+00,0.000000000000000000e+00,0.000000000000000000e+00,0.000000000000000000e+00,0.000000000000000000e+00,0.000000000000000000e+00,0.000000000000000000e+00,0.000000000000000000e+00,0.000000000000000000e+00,6.050072327779449871e-06,6.489565252466559034e-03,1.557374035488071941e-03,0.000000000000000000e+00,0.000000000000000000e+00,0.000000000000000000e+00,0.000000000000000000e+00,0.000000000000000000e+00,0.000000000000000000e+00,1.188407714163164852e-03,0.000000000000000000e+00,0.000000000000000000e+00,0.000000000000000000e+00,0.000000000000000000e+00,0.000000000000000000e+00,0.000000000000000000e+00,0.000000000000000000e+00,0.000000000000000000e+00,0.000000000000000000e+00,1.448057835127945039e-05,1.448057835127946056e-05,1.857731756256107356e-02,6.546718293363027429e-03,0.000000000000000000e+00,0.000000000000000000e+00,0.000000000000000000e+00,0.000000000000000000e+00,0.000000000000000000e+00,0.000000000000000000e+00,0.000000000000000000e+00,0.000000000000000000e+00,0.000000000000000000e+00,0.000000000000000000e+00,0.000000000000000000e+00,0.000000000000000000e+00,0.000000000000000000e+00,0.000000000000000000e+00,0.000000000000000000e+00,1.448057835127946903e-05,1.448057835127946903e-05,1.448057835127947241e-05,0.000000000000000000e+00,0.000000000000000000e+00,0.000000000000000000e+00,0.000000000000000000e+00,0.000000000000000000e+00,0.000000000000000000e+00,0.000000000000000000e+00,0.000000000000000000e+00,3.128420739639036570e-04,0.000000000000000000e+00,0.000000000000000000e+00,0.000000000000000000e+00,0.000000000000000000e+00,0.000000000000000000e+00,0.000000000000000000e+00,3.327374639589871736e-21,0.000000000000000000e+00,1.448057835128028557e-05,0.000000000000000000e+00,0.000000000000000000e+00,0.000000000000000000e+00,0.000000000000000000e+00,0.000000000000000000e+00,0.000000000000000000e+00,0.000000000000000000e+00,0.000000000000000000e+00,0.000000000000000000e+00,0.000000000000000000e+00,1.901862802066975680e-02,4.321065742114724509e-04,3.104578522195808131e-22,0.000000000000000000e+00,0.000000000000000000e+00,0.000000000000000000e+00,0.000000000000000000e+00,0.000000000000000000e+00,0.000000000000000000e+00,0.000000000000000000e+00,0.000000000000000000e+00,0.000000000000000000e+00,0.000000000000000000e+00,0.000000000000000000e+00,0.000000000000000000e+00,0.000000000000000000e+00,0.000000000000000000e+00,0.000000000000000000e+00,0.000000000000000000e+00,0.000000000000000000e+00
0.000000000000000000e+00,0.000000000000000000e+00,0.000000000000000000e+00,0.000000000000000000e+00,0.000000000000000000e+00,0.000000000000000000e+00,0.000000000000000000e+00,0.000000000000000000e+00,0.000000000000000000e+00,5.130631432012228155e-03,1.128323202636560829e-04,2.272258786754494922e-04,0.000000000000000000e+00,0.000000000000000000e+00,0.000000000000000000e+00,0.000000000000000000e+00,0.000000000000000000e+00,1.233352348716746239e-04,7.966363347986647921e-04,1.233352348716757624e-04,0.000000000000000000e+00,0.000000000000000000e+00,0.000000000000000000e+00,0.000000000000000000e+00,0.000000000000000000e+00,0.000000000000000000e+00,0.000000000000000000e+00,1.125892416384292882e-02,3.854345794877131470e-03,0.000000000000000000e+00,0.000000000000000000e+00,2.585222121806014219e-23,0.000000000000000000e+00,0.000000000000000000e+00,0.000000000000000000e+00,0.000000000000000000e+00,0.000000000000000000e+00,6.334430683860577485e-05,6.334430683860577485e-05,4.097679235682712834e-03,0.000000000000000000e+00,0.000000000000000000e+00,0.000000000000000000e+00,0.000000000000000000e+00,1.330378257895654384e-05,0.000000000000000000e+00,6.024382858915580154e-03,0.000000000000000000e+00,0.000000000000000000e+00,0.000000000000000000e+00,2.816498898886404893e-20,0.000000000000000000e+00,0.000000000000000000e+00,0.000000000000000000e+00,0.000000000000000000e+00,0.000000000000000000e+00,0.000000000000000000e+00,5.956190158116408327e-05,6.334430683860581550e-05,7.279674235670239484e-05,0.000000000000000000e+00,0.000000000000000000e+00,0.000000000000000000e+00,8.659349160040740449e-06,0.000000000000000000e+00,0.000000000000000000e+00,0.000000000000000000e+00,2.228880650840158253e-02,0.000000000000000000e+00,0.000000000000000000e+00,0.000000000000000000e+00,0.000000000000000000e+00,0.000000000000000000e+00,0.000000000000000000e+00,0.000000000000000000e+00,0.000000000000000000e+00,0.000000000000000000e+00,0.000000000000000000e+00,6.334430683860577485e-05,6.809375721929326322e-05,0.000000000000000000e+00,0.000000000000000000e+00,8.737589395446204027e-03,0.000000000000000000e+00,0.000000000000000000e+00,0.000000000000000000e+00,0.000000000000000000e+00,0.000000000000000000e+00,0.000000000000000000e+00,0.000000000000000000e+00,1.187140556426467152e-04,0.000000000000000000e+00,0.000000000000000000e+00,0.000000000000000000e+00,0.000000000000000000e+00,0.000000000000000000e+00,0.000000000000000000e+00,0.000000000000000000e+00,6.334430683860586971e-05,2.243963832601682772e-03,0.000000000000000000e+00,0.000000000000000000e+00,4.125834456741660217e-03,0.000000000000000000e+00,1.693050356786016293e-03,1.646825977470061687e-03,0.000000000000000000e+00,0.000000000000000000e+00,1.794725747452330985e-03,0.000000000000000000e+00,0.000000000000000000e+00,0.000000000000000000e+00,0.000000000000000000e+00,0.000000000000000000e+00,0.000000000000000000e+00,5.457712632150491026e-22,0.000000000000000000e+00,0.000000000000000000e+00,1.336524295580965892e-06,4.749450380687484985e-06,0.000000000000000000e+00,0.000000000000000000e+00,0.000000000000000000e+00,1.227471768453706319e-04,4.493171427363499421e-03,0.000000000000000000e+00,0.000000000000000000e+00,2.092114532088409917e-02,1.118186708509276428e-02,0.000000000000000000e+00,7.179834965232513881e-05,0.000000000000000000e+00,0.000000000000000000e+00,0.000000000000000000e+00,0.000000000000000000e+00,9.614218018433852431e-03,1.292611060903029326e-22,0.000000000000000000e+00,0.000000000000000000e+00,1.288598671986484340e-02,0.000000000000000000e+00,1.330378257895691653e-05,0.000000000000000000e+00,0.000000000000000000e+00,5.660957184345692672e-03,0.000000000000000000e+00,0.000000000000000000e+00,8.553295365037044684e-03,1.794725747452332286e-03,2.855640031273878887e-03,6.345567024457751670e-03,8.478740132834918647e-03,2.624213343060241219e-02,0.000000000000000000e+00,9.540193146395800627e-03,0.000000000000000000e+00,0.000000000000000000e+00,0.000000000000000000e+00,4.749450380687484985e-06,0.000000000000000000e+00,0.000000000000000000e+00,0.000000000000000000e+00,0.000000000000000000e+00,0.000000000000000000e+00,5.754678179415041034e-03,0.000000000000000000e+00,0.000000000000000000e+00,2.863678441773896341e-02,2.550736123908545552e-02,1.658502282150162849e-02,2.442862363681177693e-02,2.624213343060241219e-02,3.261787958393606857e-02,0.000000000000000000e+00,0.000000000000000000e+00,1.184504772561735010e-02,0.000000000000000000e+00,0.000000000000000000e+00,1.795452988416509563e-02,0.000000000000000000e+00,2.420975876298508218e-04,0.000000000000000000e+00,0.000000000000000000e+00,5.220980492248686322e-03,4.088302278678675877e-03,0.000000000000000000e+00,4.103998406293685522e-03,6.697608248158658240e-02,7.140116784633325497e-02,6.793382189862706005e-03,6.218919562510100835e-03,0.000000000000000000e+00,0.000000000000000000e+00,0.000000000000000000e+00,0.000000000000000000e+00,0.000000000000000000e+00,0.000000000000000000e+00,6.733010999269901410e-04,0.000000000000000000e+00,0.000000000000000000e+00,2.420975876298508218e-04,2.938922882329423128e-03,0.000000000000000000e+00,3.352437451159610837e-02,2.624213343060241219e-02,0.000000000000000000e+00,9.097343732104053708e-06,5.698402379510959792e-02,7.131986091858349974e-02,6.218919562510099967e-03,6.197276944713627465e-03,9.307152418722271225e-03,0.000000000000000000e+00,0.000000000000000000e+00,9.126289321014073065e-04,0.000000000000000000e+00,0.000000000000000000e+00,0.000000000000000000e+00,0.000000000000000000e+00,0.000000000000000000e+00,2.420975876298508218e-04,5.398489731361194935e-03,5.954238137869497655e-03,2.815468258516687448e-03,0.000000000000000000e+00,0.000000000000000000e+00,1.747798541169019726e-02,5.697492645137750000e-02,0.000000000000000000e+00,0.000000000000000000e+00,0.000000000000000000e+00,0.000000000000000000e+00,0.000000000000000000e+00,2.393278321744170571e-04,4.880037078226893976e-03,1.860263649638471510e-03,2.069862325002989157e-19,0.000000000000000000e+00,0.000000000000000000e+00,0.000000000000000000e+00,7.605933938749269776e-04,0.000000000000000000e+00,0.000000000000000000e+00,0.000000000000000000e+00,0.000000000000000000e+00,0.000000000000000000e+00,5.697492645137750000e-02,4.560603157932172080e-02,0.000000000000000000e+00,0.000000000000000000e+00,0.000000000000000000e+00,1.614095196476188707e-19,1.881155789398472729e-20,2.998943392835740074e-03,1.563227961981311565e-19,8.110129308004689425e-22,3.413314390144301946e-19,0.000000000000000000e+00,0.000000000000000000e+00,0.000000000000000000e+00,2.420975876298508218e-04,0.000000000000000000e+00,0.000000000000000000e+00,0.000000000000000000e+00,0.000000000000000000e+00,0.000000000000000000e+00,0.000000000000000000e+00,0.000000000000000000e+00,0.000000000000000000e+00,0.000000000000000000e+00,0.000000000000000000e+00,0.000000000000000000e+00,0.000000000000000000e+00,8.041559439086511531e-21,0.000000000000000000e+00,5.812117786127277958e-20,2.115268679369919559e-21,0.000000000000000000e+00,0.000000000000000000e+00,0.000000000000000000e+00,1.073964450869472785e-04,0.000000000000000000e+00,0.000000000000000000e+00,0.000000000000000000e+00,0.000000000000000000e+00,0.000000000000000000e+00,0.000000000000000000e+00,0.000000000000000000e+00,0.000000000000000000e+00,0.000000000000000000e+00,0.000000000000000000e+00,0.000000000000000000e+00,0.000000000000000000e+00,0.000000000000000000e+00,0.000000000000000000e+00,0.000000000000000000e+00,0.000000000000000000e+00,0.000000000000000000e+00,0.000000000000000000e+00,0.000000000000000000e+00,6.733010999269901410e-04,1.855611110555506005e-04,0.000000000000000000e+00,0.000000000000000000e+00,2.700315530008988094e-03,0.000000000000000000e+00,0.000000000000000000e+00,0.000000000000000000e+00,0.000000000000000000e+00,0.000000000000000000e+00,0.000000000000000000e+00,1.512518081944872209e-06,1.622391313116649733e-03,3.893435088720203704e-04,0.000000000000000000e+00,0.000000000000000000e+00,0.000000000000000000e+00,0.000000000000000000e+00,0.000000000000000000e+00,0.000000000000000000e+00,2.971019285407931103e-04,0.000000000000000000e+00,0.000000000000000000e+00,0.000000000000000000e+00,0.000000000000000000e+00,0.000000000000000000e+00,0.000000000000000000e+00,0.000000000000000000e+00,0.000000000000000000e+00,0.000000000000000000e+00,3.620144587819884197e-06,3.620144587819887585e-06,4.644329390640298746e-03,1.636679573340766615e-03,0.000000000000000000e+00,0.000000000000000000e+00,0.000000000000000000e+00,0.000000000000000000e+00,0.000000000000000000e+00,0.000000000000000000e+00,0.000000000000000000e+00,0.000000000000000000e+00,0.000000000000000000e+00,0.000000000000000000e+00,0.000000000000000000e+00,1.691404408442315210e-03,0.000000000000000000e+00,0.000000000000000000e+00,0.000000000000000000e+00,3.620144587819890974e-06,3.620144587819890974e-06,3.620144587819890974e-06,0.000000000000000000e+00,0.000000000000000000e+00,0.000000000000000000e+00,0.000000000000000000e+00,0.000000000000000000e+00,0.000000000000000000e+00,0.000000000000000000e+00,0.000000000000000000e+00,7.821051849097644280e-05,0.000000000000000000e+00,0.000000000000000000e+00,0.000000000000000000e+00,0.000000000000000000e+00,0.000000000000000000e+00,0.000000000000000000e+00,5.630634128218381038e-03,0.000000000000000000e+00,7.461324245956758514e-03,0.000000000000000000e+00,0.000000000000000000e+00,0.000000000000000000e+00,0.000000000000000000e+00,0.000000000000000000e+00,0.000000000000000000e+00,0.000000000000000000e+00,0.000000000000000000e+00,0.000000000000000000e+00,0.000000000000000000e+00,4.754657005167469558e-03,1.080266435528687632e-04,0.000000000000000000e+00,0.000000000000000000e+00,6.461526004129790682e-03,2.272258786754494922e-04,2.272258786754468901e-04,0.000000000000000000e+00,0.000000000000000000e+00,0.000000000000000000e+00,0.000000000000000000e+00,0.000000000000000000e+00,0.000000000000000000e+00,0.000000000000000000e+00,0.000000000000000000e+00,0.000000000000000000e+00,0.000000000000000000e+00,0.000000000000000000e+00,0.000000000000000000e+00,0.000000000000000000e+00
0.000000000000000000e+00,0.000000000000000000e+00,0.000000000000000000e+00,0.000000000000000000e+00,0.000000000000000000e+00,0.000000000000000000e+00,0.000000000000000000e+00,0.000000000000000000e+00,0.000000000000000000e+00,1.722570907492767655e-03,6.346818014830691256e-05,1.278145567549410797e-04,0.000000000000000000e+00,2.250569075175581565e-02,0.000000000000000000e+00,0.000000000000000000e+00,0.000000000000000000e+00,3.563117259671623455e-05,3.563117259671628876e-05,3.563117259671688507e-05,0.000000000000000000e+00,0.000000000000000000e+00,0.000000000000000000e+00,0.000000000000000000e+00,0.000000000000000000e+00,0.000000000000000000e+00,0.000000000000000000e+00,5.606225934828482256e-03,0.000000000000000000e+00,0.000000000000000000e+00,0.000000000000000000e+00,0.000000000000000000e+00,0.000000000000000000e+00,0.000000000000000000e+00,0.000000000000000000e+00,0.000000000000000000e+00,0.000000000000000000e+00,3.563117259671594317e-05,3.563117259671594317e-05,3.563117259671594317e-05,0.000000000000000000e+00,0.000000000000000000e+00,0.000000000000000000e+00,0.000000000000000000e+00,0.000000000000000000e+00,0.000000000000000000e+00,3.388715358140033732e-03,0.000000000000000000e+00,0.000000000000000000e+00,0.000000000000000000e+00,0.000000000000000000e+00,0.000000000000000000e+00,0.000000000000000000e+00,0.000000000000000000e+00,0.000000000000000000e+00,0.000000000000000000e+00,0.000000000000000000e+00,3.350356963940498954e-05,3.563117259671597705e-05,3.563117259671594317e-05,0.000000000000000000e+00,0.000000000000000000e+00,0.000000000000000000e+00,0.000000000000000000e+00,0.000000000000000000e+00,0.000000000000000000e+00,0.000000000000000000e+00,1.253745366097596195e-02,0.000000000000000000e+00,0.000000000000000000e+00,0.000000000000000000e+00,0.000000000000000000e+00,0.000000000000000000e+00,0.000000000000000000e+00,0.000000000000000000e+00,0.000000000000000000e+00,0.000000000000000000e+00,0.000000000000000000e+00,3.563117259671594317e-05,3.563117259671596350e-05,0.000000000000000000e+00,0.000000000000000000e+00,0.000000000000000000e+00,0.000000000000000000e+00,0.000000000000000000e+00,0.000000000000000000e+00,0.000000000000000000e+00,0.000000000000000000e+00,0.000000000000000000e+00,0.000000000000000000e+00,2.705932791785301342e-02,0.000000000000000000e+00,0.000000000000000000e+00,0.000000000000000000e+00,0.000000000000000000e+00,0.000000000000000000e+00,0.000000000000000000e+00,0.000000000000000000e+00,3.563117259671600415e-05,1.259558089999317492e-03,0.000000000000000000e+00,0.000000000000000000e+00,0.000000000000000000e+00,0.000000000000000000e+00,0.000000000000000000e+00,0.000000000000000000e+00,0.000000000000000000e+00,0.000000000000000000e+00,1.009533232941942169e-03,0.000000000000000000e+00,5.729468369166580699e-02,0.000000000000000000e+00,0.000000000000000000e+00,0.000000000000000000e+00,0.000000000000000000e+00,0.000000000000000000e+00,0.000000000000000000e+00,0.000000000000000000e+00,0.000000000000000000e+00,0.000000000000000000e+00,0.000000000000000000e+00,0.000000000000000000e+00,0.000000000000000000e+00,0.000000000000000000e+00,0.000000000000000000e+00,0.000000000000000000e+00,0.000000000000000000e+00,6.597571216011392792e-03,1.009533232941941736e-03,0.000000000000000000e+00,0.000000000000000000e+00,0.000000000000000000e+00,0.000000000000000000e+00,0.000000000000000000e+00,0.000000000000000000e+00,0.000000000000000000e+00,0.000000000000000000e+00,0.000000000000000000e+00,0.000000000000000000e+00,6.842691982519676433e-03,0.000000000000000000e+00,0.000000000000000000e+00,0.000000000000000000e+00,0.000000000000000000e+00,0.000000000000000000e+00,0.000000000000000000e+00,0.000000000000000000e+00,0.000000000000000000e+00,1.009533232941942820e-03,0.000000000000000000e+00,0.000000000000000000e+00,0.000000000000000000e+00,1.476120005471394381e-02,0.000000000000000000e+00,0.000000000000000000e+00,0.000000000000000000e+00,0.000000000000000000e+00,0.000000000000000000e+00,0.000000000000000000e+00,0.000000000000000000e+00,0.000000000000000000e+00,0.000000000000000000e+00,0.000000000000000000e+00,0.000000000000000000e+00,0.000000000000000000e+00,0.000000000000000000e+00,0.000000000000000000e+00,8.367077115843842006e-03,9.751842568314289875e-03,5.729468369166580699e-02,7.874707638115877734e-03,1.476120005471394381e-02,1.476120005471394381e-02,0.000000000000000000e+00,0.000000000000000000e+00,6.662839345659799656e-03,0.000000000000000000e+00,0.000000000000000000e+00,1.000298791537945070e-02,0.000000000000000000e+00,1.361798930417918547e-04,0.000000000000000000e+00,0.000000000000000000e+00,0.000000000000000000e+00,0.000000000000000000e+00,0.000000000000000000e+00,0.000000000000000000e+00,3.765462206372851423e-02,1.254480137562701270e-01,9.102779756043673232e-02,3.498142253911952319e-03,0.000000000000000000e+00,0.000000000000000000e+00,0.000000000000000000e+00,0.000000000000000000e+00,0.000000000000000000e+00,0.000000000000000000e+00,0.000000000000000000e+00,0.000000000000000000e+00,0.000000000000000000e+00,1.361798930417918547e-04,0.000000000000000000e+00,0.000000000000000000e+00,1.477636298256305644e-02,1.476120005471394381e-02,0.000000000000000000e+00,0.000000000000000000e+00,3.204839612890002937e-02,1.267861487413333432e-01,3.498142253911951452e-03,3.485968281401435886e-03,2.936805021404494538e-06,0.000000000000000000e+00,0.000000000000000000e+00,0.000000000000000000e+00,0.000000000000000000e+00,0.000000000000000000e+00,0.000000000000000000e+00,0.000000000000000000e+00,0.000000000000000000e+00,1.361798930417918547e-04,1.655107378671857171e-03,2.468743822287436732e-04,1.583700895415646095e-03,0.000000000000000000e+00,0.000000000000000000e+00,9.831366794075794072e-03,3.204839612890002937e-02,6.247168972049190611e-02,0.000000000000000000e+00,0.000000000000000000e+00,0.000000000000000000e+00,0.000000000000000000e+00,0.000000000000000000e+00,0.000000000000000000e+00,0.000000000000000000e+00,0.000000000000000000e+00,0.000000000000000000e+00,0.000000000000000000e+00,0.000000000000000000e+00,1.361798930417918547e-04,0.000000000000000000e+00,0.000000000000000000e+00,0.000000000000000000e+00,0.000000000000000000e+00,0.000000000000000000e+00,3.204839612890002937e-02,2.565339276336861540e-02,2.991183638697315558e-02,0.000000000000000000e+00,0.000000000000000000e+00,0.000000000000000000e+00,0.000000000000000000e+00,0.000000000000000000e+00,0.000000000000000000e+00,0.000000000000000000e+00,0.000000000000000000e+00,0.000000000000000000e+00,0.000000000000000000e+00,0.000000000000000000e+00,1.053543471070213754e-03,0.000000000000000000e+00,0.000000000000000000e+00,0.000000000000000000e+00,0.000000000000000000e+00,0.000000000000000000e+00,0.000000000000000000e+00,0.000000000000000000e+00,0.000000000000000000e+00,0.000000000000000000e+00,0.000000000000000000e+00,0.000000000000000000e+00,0.000000000000000000e+00,4.523377184486189255e-21,0.000000000000000000e+00,0.000000000000000000e+00,0.000000000000000000e+00,0.000000000000000000e+00,0.000000000000000000e+00,0.000000000000000000e+00,0.000000000000000000e+00,0.000000000000000000e+00,0.000000000000000000e+00,0.000000000000000000e+00,0.000000000000000000e+00,0.000000000000000000e+00,0.000000000000000000e+00,0.000000000000000000e+00,0.000000000000000000e+00,0.000000000000000000e+00,0.000000000000000000e+00,0.000000000000000000e+00,0.000000000000000000e+00,0.000000000000000000e+00,0.000000000000000000e+00,0.000000000000000000e+00,0.000000000000000000e+00,0.000000000000000000e+00,0.000000000000000000e+00,0.000000000000000000e+00,0.000000000000000000e+00,0.000000000000000000e+00,0.000000000000000000e+00,0.000000000000000000e+00,1.518927485630064585e-03,0.000000000000000000e+00,0.000000000000000000e+00,0.000000000000000000e+00,0.000000000000000000e+00,0.000000000000000000e+00,2.027930669034652342e-02,0.000000000000000000e+00,0.000000000000000000e+00,0.000000000000000000e+00,0.000000000000000000e+00,0.000000000000000000e+00,0.000000000000000000e+00,0.000000000000000000e+00,0.000000000000000000e+00,0.000000000000000000e+00,0.000000000000000000e+00,0.000000000000000000e+00,0.000000000000000000e+00,0.000000000000000000e+00,0.000000000000000000e+00,0.000000000000000000e+00,0.000000000000000000e+00,0.000000000000000000e+00,0.000000000000000000e+00,0.000000000000000000e+00,0.000000000000000000e+00,0.000000000000000000e+00,0.000000000000000000e+00,0.000000000000000000e+00,0.000000000000000000e+00,0.000000000000000000e+00,0.000000000000000000e+00,0.000000000000000000e+00,0.000000000000000000e+00,0.000000000000000000e+00,0.000000000000000000e+00,0.000000000000000000e+00,0.000000000000000000e+00,0.000000000000000000e+00,0.000000000000000000e+00,9.514149797488077268e-04,0.000000000000000000e+00,0.000000000000000000e+00,0.000000000000000000e+00,0.000000000000000000e+00,0.000000000000000000e+00,0.000000000000000000e+00,0.000000000000000000e+00,0.000000000000000000e+00,0.000000000000000000e+00,0.000000000000000000e+00,0.000000000000000000e+00,0.000000000000000000e+00,0.000000000000000000e+00,0.000000000000000000e+00,0.000000000000000000e+00,0.000000000000000000e+00,0.000000000000000000e+00,0.000000000000000000e+00,0.000000000000000000e+00,0.000000000000000000e+00,0.000000000000000000e+00,3.167231697122858090e-03,0.000000000000000000e+00,3.448304625823782332e-02,0.000000000000000000e+00,0.000000000000000000e+00,0.000000000000000000e+00,0.000000000000000000e+00,0.000000000000000000e+00,0.000000000000000000e+00,0.000000000000000000e+00,0.000000000000000000e+00,0.000000000000000000e+00,0.000000000000000000e+00,8.251371891968947020e-03,5.088005909449817449e-21,0.000000000000000000e+00,0.000000000000000000e+00,3.634608377323027967e-03,1.278145567549410797e-04,1.278145567549396160e-04,0.000000000000000000e+00,0.000000000000000000e+00,0.000000000000000000e+00,0.000000000000000000e+00,0.000000000000000000e+00,0.000000000000000000e+00,0.000000000000000000e+00,0.000000000000000000e+00,0.000000000000000000e+00,0.000000000000000000e+00,0.000000000000000000e+00,0.000000000000000000e+00,0.000000000000000000e+00
0.000000000000000000e+00,0.000000000000000000e+00,0.000000000000000000e+00,0.000000000000000000e+00,0.000000000000000000e+00,0.000000000000000000e+00,0.000000000000000000e+00,0.000000000000000000e+00,0.000000000000000000e+00,0.000000000000000000e+00,0.000000000000000000e+00,0.000000000000000000e+00,8.958592997075406614e-19,2.438116498106891739e-02,0.000000000000000000e+00,0.000000000000000000e+00,0.000000000000000000e+00,0.000000000000000000e+00,7.425134793683894549e-03,7.425134793683894549e-03,0.000000000000000000e+00,0.000000000000000000e+00,0.000000000000000000e+00,0.000000000000000000e+00,0.000000000000000000e+00,0.000000000000000000e+00,0.000000000000000000e+00,0.000000000000000000e+00,0.000000000000000000e+00,0.000000000000000000e+00,0.000000000000000000e+00,1.976762873396336467e-02,0.000000000000000000e+00,0.000000000000000000e+00,0.000000000000000000e+00,0.000000000000000000e+00,0.000000000000000000e+00,0.000000000000000000e+00,0.000000000000000000e+00,0.000000000000000000e+00,0.000000000000000000e+00,0.000000000000000000e+00,0.000000000000000000e+00,0.000000000000000000e+00,0.000000000000000000e+00,0.000000000000000000e+00,0.000000000000000000e+00,0.000000000000000000e+00,0.000000000000000000e+00,0.000000000000000000e+00,1.187168425368717931e-02,0.000000000000000000e+00,0.000000000000000000e+00,0.000000000000000000e+00,0.000000000000000000e+00,0.000000000000000000e+00,7.425134793683894549e-03,7.577109183138282808e-04,0.000000000000000000e+00,0.000000000000000000e+00,0.000000000000000000e+00,0.000000000000000000e+00,0.000000000000000000e+00,0.000000000000000000e+00,0.000000000000000000e+00,0.000000000000000000e+00,0.000000000000000000e+00,0.000000000000000000e+00,0.000000000000000000e+00,1.395885698058747099e-02,1.395885698058747099e-02,4.704198830544161804e-03,0.000000000000000000e+00,0.000000000000000000e+00,0.000000000000000000e+00,0.000000000000000000e+00,0.000000000000000000e+00,0.000000000000000000e+00,0.000000000000000000e+00,0.000000000000000000e+00,0.000000000000000000e+00,0.000000000000000000e+00,0.000000000000000000e+00,0.000000000000000000e+00,0.000000000000000000e+00,0.000000000000000000e+00,0.000000000000000000e+00,0.000000000000000000e+00,0.000000000000000000e+00,0.000000000000000000e+00,3.276480059147092450e-02,0.000000000000000000e+00,4.516888971378097578e-19,0.000000000000000000e+00,0.000000000000000000e+00,0.000000000000000000e+00,0.000000000000000000e+00,0.000000000000000000e+00,0.000000000000000000e+00,0.000000000000000000e+00,0.000000000000000000e+00,0.000000000000000000e+00,0.000000000000000000e+00,0.000000000000000000e+00,0.000000000000000000e+00,0.000000000000000000e+00,0.000000000000000000e+00,0.000000000000000000e+00,0.000000000000000000e+00,0.000000000000000000e+00,6.206924066597157424e-02,0.000000000000000000e+00,0.000000000000000000e+00,0.000000000000000000e+00,0.000000000000000000e+00,0.000000000000000000e+00,0.000000000000000000e+00,0.000000000000000000e+00,0.000000000000000000e+00,0.000000000000000000e+00,0.000000000000000000e+00,0.000000000000000000e+00,0.000000000000000000e+00,0.000000000000000000e+00,0.000000000000000000e+00,0.000000000000000000e+00,0.000000000000000000e+00,0.000000000000000000e+00,0.000000000000000000e+00,0.000000000000000000e+00,3.675368827815460315e-02,0.000000000000000000e+00,0.000000000000000000e+00,0.000000000000000000e+00,0.000000000000000000e+00,0.000000000000000000e+00,0.000000000000000000e+00,0.000000000000000000e+00,0.000000000000000000e+00,0.000000000000000000e+00,0.000000000000000000e+00,0.000000000000000000e+00,0.000000000000000000e+00,0.000000000000000000e+00,0.000000000000000000e+00,0.000000000000000000e+00,0.000000000000000000e+00,0.000000000000000000e+00,0.000000000000000000e+00,1.260651507940702652e-02,0.000000000000000000e+00,0.000000000000000000e+00,0.000000000000000000e+00,0.000000000000000000e+00,0.000000000000000000e+00,0.000000000000000000e+00,0.000000000000000000e+00,0.000000000000000000e+00,0.000000000000000000e+00,0.000000000000000000e+00,0.000000000000000000e+00,0.000000000000000000e+00,0.000000000000000000e+00,0.000000000000000000e+00,0.000000000000000000e+00,0.000000000000000000e+00,0.000000000000000000e+00,0.000000000000000000e+00,2.252759155521940823e-03,9.882292894412618434e-02,0.000000000000000000e+00,0.000000000000000000e+00,0.000000000000000000e+00,0.000000000000000000e+00,0.000000000000000000e+00,0.000000000000000000e+00,0.000000000000000000e+00,0.000000000000000000e+00,0.000000000000000000e+00,0.000000000000000000e+00,0.000000000000000000e+00,0.000000000000000000e+00,0.000000000000000000e+00,0.000000000000000000e+00,0.000000000000000000e+00,0.000000000000000000e+00,0.000000000000000000e+00,0.000000000000000000e+00,1.209360083620118348e-01,1.119840574750502193e-01,0.000000000000000000e+00,0.000000000000000000e+00,0.000000000000000000e+00,0.000000000000000000e+00,0.000000000000000000e+00,0.000000000000000000e+00,0.000000000000000000e+00,0.000000000000000000e+00,0.000000000000000000e+00,0.000000000000000000e+00,0.000000000000000000e+00,0.000000000000000000e+00,0.000000000000000000e+00,0.000000000000000000e+00,0.000000000000000000e+00,0.000000000000000000e+00,0.000000000000000000e+00,0.000000000000000000e+00,9.821244419341923493e-02,0.000000000000000000e+00,0.000000000000000000e+00,0.000000000000000000e+00,0.000000000000000000e+00,0.000000000000000000e+00,0.000000000000000000e+00,0.000000000000000000e+00,0.000000000000000000e+00,0.000000000000000000e+00,0.000000000000000000e+00,0.000000000000000000e+00,0.000000000000000000e+00,0.000000000000000000e+00,0.000000000000000000e+00,0.000000000000000000e+00,0.000000000000000000e+00,0.000000000000000000e+00,0.000000000000000000e+00,0.000000000000000000e+00,9.182483706261412859e-02,0.000000000000000000e+00,0.000000000000000000e+00,0.000000000000000000e+00,0.000000000000000000e+00,0.000000000000000000e+00,0.000000000000000000e+00,0.000000000000000000e+00,0.000000000000000000e+00,0.000000000000000000e+00,0.000000000000000000e+00,0.000000000000000000e+00,0.000000000000000000e+00,0.000000000000000000e+00,0.000000000000000000e+00,0.000000000000000000e+00,0.000000000000000000e+00,0.000000000000000000e+00,0.000000000000000000e+00,0.000000000000000000e+00,3.240448941922106918e-02,0.000000000000000000e+00,0.000000000000000000e+00,0.000000000000000000e+00,0.000000000000000000e+00,0.000000000000000000e+00,0.000000000000000000e+00,0.000000000000000000e+00,0.000000000000000000e+00,0.000000000000000000e+00,0.000000000000000000e+00,0.000000000000000000e+00,9.938105428641285689e-04,0.000000000000000000e+00,0.000000000000000000e+00,0.000000000000000000e+00,0.000000000000000000e+00,0.000000000000000000e+00,0.000000000000000000e+00,2.414717319874758530e-02,0.000000000000000000e+00,0.000000000000000000e+00,1.139128343053812109e-02,0.000000000000000000e+00,0.000000000000000000e+00,0.000000000000000000e+00,0.000000000000000000e+00,0.000000000000000000e+00,0.000000000000000000e+00,0.000000000000000000e+00,0.000000000000000000e+00,0.000000000000000000e+00,0.000000000000000000e+00,0.000000000000000000e+00,0.000000000000000000e+00,0.000000000000000000e+00,0.000000000000000000e+00,0.000000000000000000e+00,0.000000000000000000e+00,1.113473102203431375e-02,0.000000000000000000e+00,0.000000000000000000e+00,0.000000000000000000e+00,2.767828343964371890e-19,0.000000000000000000e+00,0.000000000000000000e+00,0.000000000000000000e+00,0.000000000000000000e+00,0.000000000000000000e+00,0.000000000000000000e+00,0.000000000000000000e+00,0.000000000000000000e+00,0.000000000000000000e+00,0.000000000000000000e+00,0.000000000000000000e+00,0.000000000000000000e+00,0.000000000000000000e+00,0.000000000000000000e+00,1.395885698058747099e-02,1.395885698058747099e-02,0.000000000000000000e+00,7.425134793683896284e-03,2.196924891454216794e-02,0.000000000000000000e+00,0.000000000000000000e+00,0.000000000000000000e+00,0.000000000000000000e+00,0.000000000000000000e+00,0.000000000000000000e+00,0.000000000000000000e+00,0.000000000000000000e+00,0.000000000000000000e+00,0.000000000000000000e+00,0.000000000000000000e+00,0.000000000000000000e+00,0.000000000000000000e+00,0.000000000000000000e+00,0.000000000000000000e+00,0.000000000000000000e+00,1.487863146781109695e-03,7.425134793683896284e-03,7.425134793683896284e-03,0.000000000000000000e+00,0.000000000000000000e+00,0.000000000000000000e+00,0.000000000000000000e+00,0.000000000000000000e+00,0.000000000000000000e+00,0.000000000000000000e+00,0.000000000000000000e+00,0.000000000000000000e+00,0.000000000000000000e+00,0.000000000000000000e+00,0.000000000000000000e+00,0.000000000000000000e+00,0.000000000000000000e+00,0.000000000000000000e+00,0.000000000000000000e+00,0.000000000000000000e+00,0.000000000000000000e+00,7.425134793683894549e-03,4.175113171002118109e-03,0.000000000000000000e+00,2.767828343964371890e-19,0.000000000000000000e+00,0.000000000000000000e+00,0.000000000000000000e+00,0.000000000000000000e+00,0.000000000000000000e+00,0.000000000000000000e+00,0.000000000000000000e+00,0.000000000000000000e+00,3.489151170032842746e-04,0.000000000000000000e+00,0.000000000000000000e+00,0.000000000000000000e+00,0.000000000000000000e+00,0.000000000000000000e+00,2.026974865723723141e-03,1.395885698058747099e-02,0.000000000000000000e+00,3.281209500965273640e-02,0.000000000000000000e+00,0.000000000000000000e+00,0.000000000000000000e+00,0.000000000000000000e+00,0.000000000000000000e+00,0.000000000000000000e+00,0.000000000000000000e+00,0.000000000000000000e+00,0.000000000000000000e+00,0.000000000000000000e+00,2.154550129570675931e-02,5.512006401903994419e-21,0.000000000000000000e+00,0.000000000000000000e+00,0.000000000000000000e+00,0.000000000000000000e+00,3.397925873449295954e-03,0.000000000000000000e+00,0.000000000000000000e+00,0.000000000000000000e+00,0.000000000000000000e+00,0.000000000000000000e+00,0.000000000000000000e+00,0.000000000000000000e+00,0.000000000000000000e+00,0.000000000000000000e+00,0.000000000000000000e+00,0.000000000000000000e+00,0.000000000000000000e+00,0.000000000000000000e+00
0.000000000000000000e+00,0.000000000000000000e+00,0.000000000000000000e+00,0.000000000000000000e+00,0.000000000000000000e+00,0.000000000000000000e+00,0.000000000000000000e+00,0.000000000000000000e+00,0.000000000000000000e+00,2.736161242184219465e-06,2.736161242184233865e-06,2.736161242184233865e-06,2.182027098007373930e-03,1.679081431675982740e-03,7.418989425384399329e-05,2.736161242184233865e-06,2.736161242184233865e-06,2.182027098007372195e-03,1.648216428778001910e-02,1.595270371003887702e-02,0.000000000000000000e+00,0.000000000000000000e+00,0.000000000000000000e+00,0.000000000000000000e+00,0.000000000000000000e+00,0.000000000000000000e+00,0.000000000000000000e+00,2.736161242184277910e-06,2.736161242184233865e-06,2.736161242184605712e-06,2.736161242184255888e-06,4.200894722091448596e-02,2.736161242184233865e-06,1.926650864308995055e-04,2.736161242184566749e-06,2.736161242184566749e-06,2.736161242184250805e-06,2.736161242184233865e-06,2.736161242184255888e-06,2.736161242184240218e-06,0.000000000000000000e+00,0.000000000000000000e+00,0.000000000000000000e+00,0.000000000000000000e+00,2.736161242184233865e-06,2.736161242184233865e-06,2.736161242184233865e-06,2.736161242184233865e-06,2.736161242184233865e-06,2.736161242184236406e-06,2.523006520032752831e-02,2.736161242184233865e-06,6.580426221421598401e-03,2.736161242184276640e-06,2.736161242184233865e-06,2.736161242184233865e-06,1.578114759782051763e-02,1.612871862659075129e-03,2.736161242184233865e-06,0.000000000000000000e+00,0.000000000000000000e+00,0.000000000000000000e+00,0.000000000000000000e+00,1.737353515977543996e-05,2.736161242184240218e-06,2.736161242184233865e-06,2.736161242184233865e-06,2.736161242184233865e-06,2.736161242184233865e-06,2.966530724499066851e-02,3.393842672884397199e-02,9.999158676148563532e-03,2.736161242184277910e-06,2.736161242184233865e-06,2.736161242184233865e-06,2.736161242184233865e-06,2.405548493747961145e-06,0.000000000000000000e+00,0.000000000000000000e+00,0.000000000000000000e+00,0.000000000000000000e+00,0.000000000000000000e+00,4.954244733259572373e-05,0.000000000000000000e+00,0.000000000000000000e+00,0.000000000000000000e+00,0.000000000000000000e+00,0.000000000000000000e+00,0.000000000000000000e+00,0.000000000000000000e+00,7.486098873506297734e-03,2.736161242184233865e-06,2.736161242185205412e-06,0.000000000000000000e+00,0.000000000000000000e+00,0.000000000000000000e+00,0.000000000000000000e+00,0.000000000000000000e+00,0.000000000000000000e+00,0.000000000000000000e+00,0.000000000000000000e+00,0.000000000000000000e+00,0.000000000000000000e+00,0.000000000000000000e+00,0.000000000000000000e+00,0.000000000000000000e+00,0.000000000000000000e+00,0.000000000000000000e+00,0.000000000000000000e+00,0.000000000000000000e+00,4.348433574158710666e-03,0.000000000000000000e+00,0.000000000000000000e+00,0.000000000000000000e+00,0.000000000000000000e+00,0.000000000000000000e+00,0.000000000000000000e+00,0.000000000000000000e+00,0.000000000000000000e+00,1.230677447749149438e-05,0.000000000000000000e+00,0.000000000000000000e+00,0.000000000000000000e+00,0.000000000000000000e+00,0.000000000000000000e+00,0.000000000000000000e+00,0.000000000000000000e+00,0.000000000000000000e+00,0.000000000000000000e+00,2.642718333889818201e-03,7.810158759107882487e-02,0.000000000000000000e+00,8.478527695547393457e-20,0.000000000000000000e+00,0.000000000000000000e+00,0.000000000000000000e+00,0.000000000000000000e+00,0.000000000000000000e+00,4.647866839924573912e-05,2.324614472235611747e-03,0.000000000000000000e+00,0.000000000000000000e+00,0.000000000000000000e+00,0.000000000000000000e+00,0.000000000000000000e+00,0.000000000000000000e+00,0.000000000000000000e+00,0.000000000000000000e+00,1.258208900143661674e-03,2.846711649414290085e-02,8.155823815661062542e-03,0.000000000000000000e+00,0.000000000000000000e+00,0.000000000000000000e+00,0.000000000000000000e+00,0.000000000000000000e+00,0.000000000000000000e+00,0.000000000000000000e+00,2.023595854369875081e-04,0.000000000000000000e+00,0.000000000000000000e+00,0.000000000000000000e+00,0.000000000000000000e+00,0.000000000000000000e+00,0.000000000000000000e+00,0.000000000000000000e+00,0.000000000000000000e+00,0.000000000000000000e+00,1.156867748547974481e-03,1.002253746718577143e-01,0.000000000000000000e+00,0.000000000000000000e+00,0.000000000000000000e+00,0.000000000000000000e+00,0.000000000000000000e+00,0.000000000000000000e+00,0.000000000000000000e+00,0.000000000000000000e+00,2.023595854369873183e-04,0.000000000000000000e+00,0.000000000000000000e+00,0.000000000000000000e+00,0.000000000000000000e+00,0.000000000000000000e+00,0.000000000000000000e+00,0.000000000000000000e+00,0.000000000000000000e+00,9.732711202693987418e-05,6.041423362029777616e-02,5.889437891627514327e-02,3.281252339153921220e-04,0.000000000000000000e+00,0.000000000000000000e+00,0.000000000000000000e+00,0.000000000000000000e+00,0.000000000000000000e+00,0.000000000000000000e+00,0.000000000000000000e+00,0.000000000000000000e+00,0.000000000000000000e+00,0.000000000000000000e+00,0.000000000000000000e+00,0.000000000000000000e+00,0.000000000000000000e+00,0.000000000000000000e+00,0.000000000000000000e+00,0.000000000000000000e+00,1.306133404306189885e-04,9.153532969758716720e-03,3.331454024612832358e-03,0.000000000000000000e+00,0.000000000000000000e+00,0.000000000000000000e+00,0.000000000000000000e+00,0.000000000000000000e+00,0.000000000000000000e+00,0.000000000000000000e+00,0.000000000000000000e+00,0.000000000000000000e+00,0.000000000000000000e+00,0.000000000000000000e+00,0.000000000000000000e+00,0.000000000000000000e+00,0.000000000000000000e+00,0.000000000000000000e+00,0.000000000000000000e+00,0.000000000000000000e+00,0.000000000000000000e+00,5.131274304733880048e-02,2.252983060572030100e-02,2.736161242184246570e-06,2.736161242184277910e-06,2.736161242184246570e-06,2.736161242184233865e-06,2.736161242184250805e-06,2.736161242184241488e-06,2.736161242184246570e-06,0.000000000000000000e+00,0.000000000000000000e+00,0.000000000000000000e+00,0.000000000000000000e+00,0.000000000000000000e+00,0.000000000000000000e+00,0.000000000000000000e+00,0.000000000000000000e+00,0.000000000000000000e+00,0.000000000000000000e+00,0.000000000000000000e+00,2.253021511635645846e-02,2.736161242184277910e-06,1.686743131350416317e-03,2.736161242184233865e-06,2.736161242184233865e-06,2.736161242184566749e-06,2.736161242184233865e-06,2.736161242184255888e-06,2.736161242184473999e-06,0.000000000000000000e+00,0.000000000000000000e+00,0.000000000000000000e+00,0.000000000000000000e+00,0.000000000000000000e+00,0.000000000000000000e+00,0.000000000000000000e+00,0.000000000000000000e+00,0.000000000000000000e+00,0.000000000000000000e+00,5.131274304733880048e-02,2.035092417959127181e-02,2.736161242184233865e-06,2.420921345113577483e-02,2.736161242184305016e-06,2.736161242184240218e-06,2.736161242184233865e-06,2.736161242184233865e-06,2.736161242184233865e-06,2.736161242184233865e-06,0.000000000000000000e+00,0.000000000000000000e+00,0.000000000000000000e+00,2.156122056304572165e-05,0.000000000000000000e+00,0.000000000000000000e+00,0.000000000000000000e+00,2.736161242184240218e-06,2.664818491787218062e-07,2.736161242184233865e-06,2.366403958306518424e-02,5.791857212607647715e-03,2.736161242184233865e-06,2.736161242184233865e-06,2.736161242184822553e-06,2.736161242184233865e-06,2.736161242184236406e-06,2.736161242184267323e-06,2.736161242184221159e-06,2.736161242184233865e-06,0.000000000000000000e+00,0.000000000000000000e+00,0.000000000000000000e+00,4.954244733259577116e-05,0.000000000000000000e+00,0.000000000000000000e+00,2.736161242184250805e-06,2.736161242184233865e-06,2.736161242184233865e-06,2.966530724499066851e-02,2.985523617017938128e-02,6.300183271873812307e-05,1.597107652300923386e-02,2.736161242184233865e-06,2.736161242184233865e-06,2.736161242184255888e-06,2.736161242184219465e-06,2.736161242184233865e-06,2.736161242184233865e-06,0.000000000000000000e+00,0.000000000000000000e+00,0.000000000000000000e+00,0.000000000000000000e+00,4.954244733259577116e-05,0.000000000000000000e+00,5.786607957185270842e-07,2.736161242184233865e-06,2.736161242184277910e-06,2.736161242184250805e-06,2.736161242184305016e-06,3.354374273340769100e-03,1.584270476698457220e-02,1.578114759782051763e-02,2.736161242184238100e-06,2.736161242184255888e-06,8.461770628305883201e-05,2.736161242184246570e-06,2.736161242184219465e-06,0.000000000000000000e+00,0.000000000000000000e+00,0.000000000000000000e+00,0.000000000000000000e+00,0.000000000000000000e+00,4.954244733259572373e-05,0.000000000000000000e+00,0.000000000000000000e+00,2.736161242184233865e-06,2.736161242184233865e-06,2.736161242184233865e-06,4.465784570284210032e-03,2.736161242184240218e-06,1.578114759782051763e-02,8.874851649621717103e-03,2.736161242184426141e-06,2.736161242184944949e-06,0.000000000000000000e+00,0.000000000000000000e+00,0.000000000000000000e+00,0.000000000000000000e+00,0.000000000000000000e+00,0.000000000000000000e+00,0.000000000000000000e+00,0.000000000000000000e+00,7.909870709645774704e-04,0.000000000000000000e+00,0.000000000000000000e+00,2.736161242184341438e-06,8.119569258402357112e-04,4.275855645095492930e-03,4.317137103300424175e-03,2.966530724499066851e-02,2.736161242184258429e-06,2.736161242184236406e-06,0.000000000000000000e+00,0.000000000000000000e+00,0.000000000000000000e+00,0.000000000000000000e+00,0.000000000000000000e+00,0.000000000000000000e+00,0.000000000000000000e+00,0.000000000000000000e+00,0.000000000000000000e+00,0.000000000000000000e+00,2.683838699107262554e-02,0.000000000000000000e+00,0.000000000000000000e+00,2.499604139581759234e-03,1.818956977174759774e-03,2.079769366389943805e-04,7.790162214974589126e-03,0.000000000000000000e+00,0.000000000000000000e+00,0.000000000000000000e+00,0.000000000000000000e+00,0.000000000000000000e+00,0.000000000000000000e+00,0.000000000000000000e+00,0.000000000000000000e+00,0.000000000000000000e+00,0.000000000000000000e+00,0.000000000000000000e+00,0.000000000000000000e+00,0.000000000000000000e+00
0.000000000000000000e+00,0.000000000000000000e+00,0.000000000000000000e+00,0.000000000000000000e+00,0.000000000000000000e+00,0.000000000000000000e+00,0.000000000000000000e+00,0.000000000000000000e+00,0.000000000000000000e+00,1.436484652146719518e-05,1.436484652146726972e-05,1.436484652146726972e-05,1.145564226453873666e-02,8.815177516298934590e-03,3.894969448326820625e-04,1.436484652146726972e-05,1.436484652146726972e-05,1.145564226453873666e-02,3.694702468808871293e-03,9.150344356678653986e-04,0.000000000000000000e+00,0.000000000000000000e+00,0.000000000000000000e+00,0.000000000000000000e+00,0.000000000000000000e+00,0.000000000000000000e+00,0.000000000000000000e+00,1.436484652146750011e-05,1.436484652146726972e-05,1.436484652146922128e-05,1.436484652146738491e-05,1.436484652146735781e-05,1.436484652146726972e-05,1.011491703762225358e-03,1.436484652146901799e-05,1.436484652146901799e-05,1.436484652146735781e-05,1.436484652146726972e-05,1.436484652146738491e-05,1.436484652146730360e-05,0.000000000000000000e+00,0.000000000000000000e+00,0.000000000000000000e+00,0.000000000000000000e+00,1.436484652146726972e-05,1.436484652146726972e-05,1.436484652146726972e-05,1.436484652146726972e-05,1.436484652146726972e-05,1.436484652146728327e-05,1.436484652146735781e-05,1.436484652146726972e-05,3.454723766246348832e-02,1.436484652146749333e-05,1.436484652146726972e-05,1.436484652146726972e-05,1.436484652146726972e-05,1.436484652146738491e-05,1.436484652146726972e-05,0.000000000000000000e+00,0.000000000000000000e+00,0.000000000000000000e+00,0.000000000000000000e+00,9.121105958882132236e-05,1.436484652146730360e-05,1.436484652146726972e-05,1.436484652146726972e-05,1.436484652146726972e-05,1.436484652146726972e-05,1.436484652146729682e-05,2.244824213675140206e-02,1.436484652146825228e-05,1.436484652146750011e-05,1.436484652146726972e-05,1.436484652146726972e-05,1.436484652146726972e-05,1.262912959217683391e-05,0.000000000000000000e+00,0.000000000000000000e+00,0.000000000000000000e+00,0.000000000000000000e+00,0.000000000000000000e+00,2.600978484961283255e-04,0.000000000000000000e+00,0.000000000000000000e+00,0.000000000000000000e+00,0.000000000000000000e+00,0.000000000000000000e+00,0.000000000000000000e+00,0.000000000000000000e+00,0.000000000000000000e+00,1.436484652146726972e-05,1.436484652146733070e-05,0.000000000000000000e+00,0.000000000000000000e+00,0.000000000000000000e+00,0.000000000000000000e+00,0.000000000000000000e+00,0.000000000000000000e+00,0.000000000000000000e+00,0.000000000000000000e+00,0.000000000000000000e+00,0.000000000000000000e+00,0.000000000000000000e+00,0.000000000000000000e+00,0.000000000000000000e+00,0.000000000000000000e+00,0.000000000000000000e+00,0.000000000000000000e+00,0.000000000000000000e+00,2.282927626433329388e-02,0.000000000000000000e+00,0.000000000000000000e+00,0.000000000000000000e+00,0.000000000000000000e+00,0.000000000000000000e+00,0.000000000000000000e+00,0.000000000000000000e+00,0.000000000000000000e+00,6.461056600683053605e-05,0.000000000000000000e+00,0.000000000000000000e+00,0.000000000000000000e+00,0.000000000000000000e+00,0.000000000000000000e+00,0.000000000000000000e+00,0.000000000000000000e+00,0.000000000000000000e+00,0.000000000000000000e+00,1.387427125292158697e-02,0.000000000000000000e+00,0.000000000000000000e+00,4.451227040162394505e-19,0.000000000000000000e+00,0.000000000000000000e+00,0.000000000000000000e+00,0.000000000000000000e+00,0.000000000000000000e+00,2.440130090960408249e-04,1.220422597923699615e-02,0.000000000000000000e+00,0.000000000000000000e+00,0.000000000000000000e+00,0.000000000000000000e+00,0.000000000000000000e+00,0.000000000000000000e+00,0.000000000000000000e+00,0.000000000000000000e+00,6.605596725754243198e-03,8.810927739615101451e-03,4.281807503222070238e-02,0.000000000000000000e+00,0.000000000000000000e+00,0.000000000000000000e+00,0.000000000000000000e+00,0.000000000000000000e+00,0.000000000000000000e+00,0.000000000000000000e+00,1.062387823544187412e-03,0.000000000000000000e+00,0.000000000000000000e+00,0.000000000000000000e+00,0.000000000000000000e+00,0.000000000000000000e+00,0.000000000000000000e+00,0.000000000000000000e+00,0.000000000000000000e+00,0.000000000000000000e+00,6.073555679876883537e-03,1.161498821740895582e-01,0.000000000000000000e+00,0.000000000000000000e+00,0.000000000000000000e+00,0.000000000000000000e+00,0.000000000000000000e+00,0.000000000000000000e+00,0.000000000000000000e+00,0.000000000000000000e+00,1.062387823544186545e-03,0.000000000000000000e+00,0.000000000000000000e+00,0.000000000000000000e+00,0.000000000000000000e+00,0.000000000000000000e+00,0.000000000000000000e+00,0.000000000000000000e+00,0.000000000000000000e+00,5.109673381414358336e-04,6.400095431327783996e-03,1.138458993673455849e-01,1.722657478055813519e-03,0.000000000000000000e+00,0.000000000000000000e+00,0.000000000000000000e+00,0.000000000000000000e+00,0.000000000000000000e+00,0.000000000000000000e+00,0.000000000000000000e+00,0.000000000000000000e+00,0.000000000000000000e+00,0.000000000000000000e+00,0.000000000000000000e+00,0.000000000000000000e+00,0.000000000000000000e+00,0.000000000000000000e+00,0.000000000000000000e+00,0.000000000000000000e+00,6.857200372607516817e-04,6.346018821330240076e-03,1.749013362921741921e-02,0.000000000000000000e+00,0.000000000000000000e+00,0.000000000000000000e+00,0.000000000000000000e+00,0.000000000000000000e+00,0.000000000000000000e+00,0.000000000000000000e+00,0.000000000000000000e+00,0.000000000000000000e+00,0.000000000000000000e+00,0.000000000000000000e+00,0.000000000000000000e+00,0.000000000000000000e+00,0.000000000000000000e+00,0.000000000000000000e+00,0.000000000000000000e+00,0.000000000000000000e+00,0.000000000000000000e+00,0.000000000000000000e+00,1.182816106800319289e-01,1.436484652146733748e-05,1.436484652146750011e-05,1.436484652146733748e-05,1.436484652146726972e-05,1.436484652146735781e-05,1.436484652146731038e-05,1.436484652146733748e-05,0.000000000000000000e+00,0.000000000000000000e+00,0.000000000000000000e+00,0.000000000000000000e+00,0.000000000000000000e+00,0.000000000000000000e+00,0.000000000000000000e+00,0.000000000000000000e+00,0.000000000000000000e+00,0.000000000000000000e+00,0.000000000000000000e+00,1.182836293608717504e-01,1.436484652146750011e-05,8.855401439589710710e-03,1.436484652146726972e-05,1.436484652146726972e-05,1.436484652146901799e-05,1.436484652146726972e-05,1.436484652146738491e-05,1.436484652146853010e-05,0.000000000000000000e+00,0.000000000000000000e+00,0.000000000000000000e+00,0.000000000000000000e+00,0.000000000000000000e+00,0.000000000000000000e+00,0.000000000000000000e+00,0.000000000000000000e+00,0.000000000000000000e+00,0.000000000000000000e+00,0.000000000000000000e+00,1.068423519428544771e-01,1.436484652146726972e-05,1.436484652146726972e-05,1.436484652146764241e-05,1.436484652146730360e-05,1.436484652146726972e-05,1.436484652146726972e-05,1.436484652146726972e-05,1.436484652146726972e-05,0.000000000000000000e+00,0.000000000000000000e+00,0.000000000000000000e+00,1.131964079559903648e-04,0.000000000000000000e+00,0.000000000000000000e+00,0.000000000000000000e+00,1.436484652146730360e-05,1.399029708188293572e-06,1.436484652146726972e-05,1.436484652146750011e-05,3.040725036619023811e-02,1.436484652146726972e-05,1.436484652146726972e-05,1.436484652146726972e-05,1.436484652146726972e-05,1.436484652146728327e-05,1.436484652146744590e-05,1.436484652146720196e-05,1.436484652146726972e-05,0.000000000000000000e+00,0.000000000000000000e+00,0.000000000000000000e+00,2.600978484961285423e-04,0.000000000000000000e+00,0.000000000000000000e+00,1.436484652146735781e-05,1.436484652146726972e-05,1.436484652146726972e-05,1.436484652146726972e-05,1.011491703762225358e-03,3.307596217733760812e-04,1.011491703762225358e-03,1.436484652146726972e-05,1.436484652146726972e-05,1.436484652146738491e-05,1.436484652146719518e-05,1.436484652146726972e-05,1.436484652146726972e-05,0.000000000000000000e+00,0.000000000000000000e+00,0.000000000000000000e+00,0.000000000000000000e+00,2.600978484961285423e-04,0.000000000000000000e+00,3.037969177522276139e-06,1.436484652146726972e-05,1.436484652146750011e-05,1.436484652146735781e-05,1.436484652146764241e-05,1.011491703762225792e-03,3.375399846327558446e-04,1.436484652146726972e-05,1.436484652146729005e-05,1.436484652146738491e-05,4.442429579860601285e-04,1.436484652146733748e-05,1.436484652146719518e-05,0.000000000000000000e+00,0.000000000000000000e+00,0.000000000000000000e+00,0.000000000000000000e+00,0.000000000000000000e+00,2.600978484961283255e-04,0.000000000000000000e+00,0.000000000000000000e+00,1.436484652146726972e-05,1.436484652146726972e-05,1.436484652146726972e-05,2.344536899399216751e-02,1.436484652146730360e-05,1.436484652146726972e-05,1.436484652146750011e-05,1.436484652146827938e-05,1.436484652146791346e-05,0.000000000000000000e+00,0.000000000000000000e+00,0.000000000000000000e+00,0.000000000000000000e+00,0.000000000000000000e+00,0.000000000000000000e+00,0.000000000000000000e+00,0.000000000000000000e+00,2.600978484961283255e-04,0.000000000000000000e+00,0.000000000000000000e+00,1.436484652146783215e-05,4.262773860661249817e-03,2.244824213675140206e-02,5.153144659686145301e-05,1.436484652146726972e-05,1.436484652146739847e-05,1.436484652146728327e-05,0.000000000000000000e+00,0.000000000000000000e+00,0.000000000000000000e+00,0.000000000000000000e+00,0.000000000000000000e+00,0.000000000000000000e+00,0.000000000000000000e+00,0.000000000000000000e+00,0.000000000000000000e+00,0.000000000000000000e+00,2.600978484961285423e-04,0.000000000000000000e+00,0.000000000000000000e+00,1.312292173280427479e-02,9.549524130167515862e-03,1.091878917354723554e-03,2.990241102947759945e-03,0.000000000000000000e+00,0.000000000000000000e+00,0.000000000000000000e+00,0.000000000000000000e+00,0.000000000000000000e+00,0.000000000000000000e+00,0.000000000000000000e+00,0.000000000000000000e+00,0.000000000000000000e+00,0.000000000000000000e+00,0.000000000000000000e+00,0.000000000000000000e+00,0.000000000000000000e+00
